A,20180115,71.73,71.73,71.73,71.73,0
AA,20180115,56.76,56.76,56.76,56.76,0
AAN,20180115,41.13,41.13,41.13,41.13,0
AAP,20180115,115.94,115.94,115.94,115.94,0
AAT,20180115,36.04,36.04,36.04,36.04,0
AB,20180115,27.2,27.2,27.2,27.2,0
ABB,20180115,28.09,28.09,28.09,28.09,0
ABBV,20180115,100.34,100.34,100.34,100.34,0
ABC,20180115,99,99,99,99,0
ABEV,20180115,6.67,6.67,6.67,6.67,0
ABG,20180115,75.3,75.3,75.3,75.3,0
ABM,20180115,38.87,38.87,38.87,38.87,0
ABR,20180115,8.51,8.51,8.51,8.51,0
ABR-A,20180115,25.35,25.35,25.35,25.35,0
ABR-B,20180115,25.45,25.45,25.45,25.45,0
ABR-C,20180115,26.01,26.01,26.01,26.01,0
ABT,20180115,58.84,58.84,58.84,58.84,0
AC,20180115,36.05,36.05,36.05,36.05,0
ACC,20180115,38.95,38.95,38.95,38.95,0
ACCO,20180115,12.8,12.8,12.8,12.8,0
ACH,20180115,18.59,18.59,18.59,18.59,0
ACM,20180115,39.07,39.07,39.07,39.07,0
ACN,20180115,160.11,160.11,160.11,160.11,0
ACP,20180115,14.41,14.41,14.41,14.41,0
ACRE,20180115,12.89,12.89,12.89,12.89,0
ACV,20180115,22.89,22.89,22.89,22.89,0
ADC,20180115,48.97,48.97,48.97,48.97,0
ADM,20180115,40.5,40.5,40.5,40.5,0
ADNT,20180115,82.69,82.69,82.69,82.69,0
ADS,20180115,276.37,276.37,276.37,276.37,0
ADSW,20180115,24.17,24.17,24.17,24.17,0
ADX,20180115,15.67,15.67,15.67,15.67,0
AEB,20180115,24.78,24.78,24.78,24.78,0
AEE,20180115,55.52,55.52,55.52,55.52,0
AEG,20180115,6.88,6.88,6.88,6.88,0
AEL,20180115,33.96,33.96,33.96,33.96,0
AEM,20180115,47.23,47.23,47.23,47.23,0
AEO,20180115,18.34,18.34,18.34,18.34,0
AEP,20180115,67.46,67.46,67.46,67.46,0
AER,20180115,54.23,54.23,54.23,54.23,0
AES,20180115,11.04,11.04,11.04,11.04,0
AFB,20180115,13.3,13.3,13.3,13.3,0
AFC,20180115,25.77,25.77,25.77,25.77,0
AFG,20180115,109.16,109.16,109.16,109.16,0
AFGH,20180115,26.29,26.29,26.29,26.29,0
AFI,20180115,16.75,16.75,16.75,16.75,0
AFL,20180115,42.47,42.47,42.47,42.47,0
AFT,20180115,16.36,16.36,16.36,16.36,0
AG,20180115,6.79,6.79,6.79,6.79,0
AGCO,20180115,74.11,74.11,74.11,74.11,0
AGD,20180115,11.2,11.2,11.2,11.2,0
AGI,20180115,6.12,6.12,6.12,6.12,0
AGM,20180115,81,81,81,81,0
AGM-A,20180115,24.975,24.975,24.975,24.975,0
AGM-C,20180115,27,27,27,27,0
AGM.A,20180115,77.5,77.5,77.5,77.5,0
AGN,20180115,176.05,176.05,176.05,176.05,0
AGO,20180115,34.04,34.04,34.04,34.04,0
AGO-B,20180115,26,26,26,26,0
AGO-E,20180115,25.86,25.86,25.86,25.86,0
AGO-F,20180115,25.05,25.05,25.05,25.05,0
AGR,20180115,48.52,48.52,48.52,48.52,0
AGRO,20180115,10.12,10.12,10.12,10.12,0
AGX,20180115,45.75,45.75,45.75,45.75,0
AHC,20180115,5.05,5.05,5.05,5.05,0
AHH,20180115,14.37,14.37,14.37,14.37,0
AHL-C,20180115,27.25,27.25,27.25,27.25,0
AHL-D,20180115,25.235,25.235,25.235,25.235,0
AHT,20180115,6.69,6.69,6.69,6.69,0
AHT-D,20180115,25.25,25.25,25.25,25.25,0
AHT-F,20180115,25.04,25.04,25.04,25.04,0
AHT-G,20180115,24.85,24.85,24.85,24.85,0
AHT-H,20180115,24.83,24.83,24.83,24.83,0
AHT-I,20180115,24.98,24.98,24.98,24.98,0
AI,20180115,11.91,11.91,11.91,11.91,0
AI-B,20180115,24.96,24.96,24.96,24.96,0
AIC,20180115,24.71,24.71,24.71,24.71,0
AIF,20180115,15.73,15.73,15.73,15.73,0
AIG,20180115,60.97,60.97,60.97,60.97,0
AIG.W,20180115,19.35,19.35,19.35,19.35,0
AIN,20180115,63.3,63.3,63.3,63.3,0
AIR,20180115,41.73,41.73,41.73,41.73,0
AIT,20180115,70.2,70.2,70.2,70.2,0
AIV,20180115,40.62,40.62,40.62,40.62,0
AIW,20180115,24.47,24.47,24.47,24.47,0
AIZ,20180115,95.39,95.39,95.39,95.39,0
AJG,20180115,63.88,63.88,63.88,63.88,0
AJRD,20180115,31.81,31.81,31.81,31.81,0
AJX,20180115,13.79,13.79,13.79,13.79,0
AJXA,20180115,25.3,25.3,25.3,25.3,0
AKO.A,20180115,27.2,27.2,27.2,27.2,0
AKO.B,20180115,29.67,29.67,29.67,29.67,0
AKR,20180115,25.39,25.39,25.39,25.39,0
AKS,20180115,6.19,6.19,6.19,6.19,0
AL,20180115,50.13,50.13,50.13,50.13,0
ALB,20180115,133.52,133.52,133.52,133.52,0
ALE,20180115,73,73,73,73,0
ALEX,20180115,27.66,27.66,27.66,27.66,0
ALG,20180115,114.98,114.98,114.98,114.98,0
ALK,20180115,73.52,73.52,73.52,73.52,0
ALL,20180115,102.11,102.11,102.11,102.11,0
ALL-B,20180115,26.3,26.3,26.3,26.3,0
ALL-Y,20180115,26.15,26.15,26.15,26.15,0
ALLE,20180115,85.04,85.04,85.04,85.04,0
ALLY,20180115,30.53,30.53,30.53,30.53,0
ALP-Q,20180115,26.11,26.11,26.11,26.11,0
ALSN,20180115,44.39,44.39,44.39,44.39,0
ALV,20180115,98.1288,98.1288,98.1288,98.1288,0
ALX,20180115,380.83,380.83,380.83,380.83,0
AM,20180115,31.75,31.75,31.75,31.75,0
AMC,20180115,14.45,14.45,14.45,14.45,0
AME,20180115,75.2,75.2,75.2,75.2,0
AMG,20180115,202.8,202.8,202.8,202.8,0
AMH,20180115,20.46,20.46,20.46,20.46,0
AMH-D,20180115,27.12,27.12,27.12,27.12,0
AMH-E,20180115,26.38,26.38,26.38,26.38,0
AMH-F,20180115,25.2,25.2,25.2,25.2,0
AMH-G,20180115,25.06,25.06,25.06,25.06,0
AMN,20180115,49.8,49.8,49.8,49.8,0
AMOV,20180115,17.01,17.01,17.01,17.01,0
AMP,20180115,182.04,182.04,182.04,182.04,0
AMRC,20180115,9,9,9,9,0
AMT,20180115,133,133,133,133,0
AMX,20180115,17.28,17.28,17.28,17.28,0
AN,20180115,57.96,57.96,57.96,57.96,0
ANET,20180115,259.03,259.03,259.03,259.03,0
ANF,20180115,19.1,19.1,19.1,19.1,0
ANH,20180115,5.31,5.31,5.31,5.31,0
ANH-A,20180115,25.86,25.86,25.86,25.86,0
ANH-B,20180115,27,27,27,27,0
ANH-C,20180115,25.23,25.23,25.23,25.23,0
ANTM,20180115,239.82,239.82,239.82,239.82,0
AOD,20180115,9.73,9.73,9.73,9.73,0
AON,20180115,136.55,136.55,136.55,136.55,0
AOS,20180115,65.32,65.32,65.32,65.32,0
AP,20180115,14.75,14.75,14.75,14.75,0
APA,20180115,47.16,47.16,47.16,47.16,0
APAM,20180115,39.8,39.8,39.8,39.8,0
APD,20180115,170.15,170.15,170.15,170.15,0
APH,20180115,91.83,91.83,91.83,91.83,0
APLE,20180115,19.55,19.55,19.55,19.55,0
APO,20180115,36.19,36.19,36.19,36.19,0
APO-A,20180115,25.98,25.98,25.98,25.98,0
APRN,20180115,51.15,51.15,51.15,51.15,0
APTS,20180115,17.48,17.48,17.48,17.48,0
APTV,20180115,92.91,92.91,92.91,92.91,0
AQN,20180115,10.58,10.58,10.58,10.58,0
AQUA,20180115,24.6,24.6,24.6,24.6,0
AR,20180115,19.87,19.87,19.87,19.87,0
ARA,20180115,18.58,18.58,18.58,18.58,0
ARC,20180115,2.6,2.6,2.6,2.6,0
ARCH,20180115,96.83,96.83,96.83,96.83,0
ARCO,20180115,9.55,9.55,9.55,9.55,0
ARD,20180115,20.33,20.33,20.33,20.33,0
ARDC,20180115,16.45,16.45,16.45,16.45,0
ARE,20180115,125.12,125.12,125.12,125.12,0
ARE-A,20180115,26.62,26.62,26.62,26.62,0
ARES,20180115,22.95,22.95,22.95,22.95,0
ARI,20180115,18.32,18.32,18.32,18.32,0
ARL,20180115,12.72,12.72,12.72,12.72,0
ARMK,20180115,44.07,44.07,44.07,44.07,0
ARNC,20180115,30.84,30.84,30.84,30.84,0
AROC,20180115,10.45,10.45,10.45,10.45,0
ARR,20180115,25.08,25.08,25.08,25.08,0
ARR-B,20180115,24.99,24.99,24.99,24.99,0
ARW,20180115,83.67,83.67,83.67,83.67,0
ASA,20180115,11.77,11.77,11.77,11.77,0
ASB,20180115,26.55,26.55,26.55,26.55,0
ASB-C,20180115,26.68,26.68,26.68,26.68,0
ASB-D,20180115,25.4,25.4,25.4,25.4,0
ASC,20180115,8.15,8.15,8.15,8.15,0
ASG,20180115,5.77,5.77,5.77,5.77,0
ASGN,20180115,66.59,66.59,66.59,66.59,0
ASH,20180115,74.12,74.12,74.12,74.12,0
ASIX,20180115,43.81,43.81,43.81,43.81,0
ASPN,20180115,5.05,5.05,5.05,5.05,0
ASR,20180115,188.31,188.31,188.31,188.31,0
ASX,20180115,6.66,6.66,6.66,6.66,0
AT,20180115,2.4,2.4,2.4,2.4,0
ATEN,20180115,7.58,7.58,7.58,7.58,0
ATGE,20180115,46.3,46.3,46.3,46.3,0
ATH,20180115,51.04,51.04,51.04,51.04,0
ATHM,20180115,77.92,77.92,77.92,77.92,0
ATI,20180115,28.7,28.7,28.7,28.7,0
ATKR,20180115,21.69,21.69,21.69,21.69,0
ATO,20180115,79.84,79.84,79.84,79.84,0
ATR,20180115,86.56,86.56,86.56,86.56,0
ATTO,20180115,10.15,10.15,10.15,10.15,0
ATUS,20180115,23.27,23.27,23.27,23.27,0
ATV,20180115,20.5,20.5,20.5,20.5,0
AU,20180115,11.07,11.07,11.07,11.07,0
AUY,20180115,3.44,3.44,3.44,3.44,0
AVA,20180115,51.61,51.61,51.61,51.61,0
AVAL,20180115,8.93,8.93,8.93,8.93,0
AVB,20180115,168.23,168.23,168.23,168.23,0
AVD,20180115,21.6,21.6,21.6,21.6,0
AVH,20180115,8.02,8.02,8.02,8.02,0
AVK,20180115,16.28,16.28,16.28,16.28,0
AVX,20180115,18.83,18.83,18.83,18.83,0
AVY,20180115,119.35,119.35,119.35,119.35,0
AWF,20180115,12.66,12.66,12.66,12.66,0
AWI,20180115,62.8,62.8,62.8,62.8,0
AWK,20180115,80.83,80.83,80.83,80.83,0
AWP,20180115,6.88,6.88,6.88,6.88,0
AWR,20180115,54.92,54.92,54.92,54.92,0
AXE,20180115,78.5,78.5,78.5,78.5,0
AXL,20180115,18.78,18.78,18.78,18.78,0
AXP,20180115,100.97,100.97,100.97,100.97,0
AXR,20180115,7.09,7.09,7.09,7.09,0
AXS,20180115,49.11,49.11,49.11,49.11,0
AXS-E,20180115,25.17,25.17,25.17,25.17,0
AXTA,20180115,32.44,32.44,32.44,32.44,0
AYI,20180115,158.74,158.74,158.74,158.74,0
AYR,20180115,24.61,24.61,24.61,24.61,0
AYX,20180115,26.97,26.97,26.97,26.97,0
AZN,20180115,35.65,35.65,35.65,35.65,0
AZO,20180115,787.93,787.93,787.93,787.93,0
AZRE,20180115,16,16,16,16,0
AZUL,20180115,24.74,24.74,24.74,24.74,0
AZZ,20180115,47.15,47.15,47.15,47.15,0
B,20180115,67.79,67.79,67.79,67.79,0
BA,20180115,336.21,336.21,336.21,336.21,0
BABA,20180115,187.79,187.79,187.79,187.79,0
BAC,20180115,31.19,31.19,31.19,31.19,0
BAC-A,20180115,26.66,26.66,26.66,26.66,0
BAC-C,20180115,27.07,27.07,27.07,27.07,0
BAC-E,20180115,24.25,24.25,24.25,24.25,0
BAC-L,20180115,1277,1277,1277,1277,0
BAF,20180115,14.65,14.65,14.65,14.65,0
BAH,20180115,39.29,39.29,39.29,39.29,0
BAK,20180115,29.14,29.14,29.14,29.14,0
BAM,20180115,42.75,42.75,42.75,42.75,0
BAN-D,20180115,26.45,26.45,26.45,26.45,0
BAN-E,20180115,26.415,26.415,26.415,26.415,0
BANC,20180115,21.45,21.45,21.45,21.45,0
BAP,20180115,222.88,222.88,222.88,222.88,0
BAX,20180115,68.34,68.34,68.34,68.34,0
BB,20180115,13.65,13.65,13.65,13.65,0
BBD,20180115,9.1667,9.1667,9.1667,9.1667,0
BBDO,20180115,8.5167,8.5167,8.5167,8.5167,0
BBF,20180115,13.96,13.96,13.96,13.96,0
BBK,20180115,14.97,14.97,14.97,14.97,0
BBL,20180115,45.28,45.28,45.28,45.28,0
BBN,20180115,22.71,22.71,22.71,22.71,0
BBU,20180115,37.26,37.26,37.26,37.26,0
BBVA,20180115,9.1,9.1,9.1,9.1,0
BBW,20180115,8.25,8.25,8.25,8.25,0
BBX,20180115,9.18,9.18,9.18,9.18,0
BBY,20180115,73.25,73.25,73.25,73.25,0
BC,20180115,57.63,57.63,57.63,57.63,0
BCC,20180115,42.3,42.3,42.3,42.3,0
BCE,20180115,46.45,46.45,46.45,46.45,0
BCEI,20180115,28.8,28.8,28.8,28.8,0
BCH,20180115,34.2367,34.2367,34.2367,34.2367,0
BCO,20180115,83.8,83.8,83.8,83.8,0
BCRH,20180115,12.35,12.35,12.35,12.35,0
BCS,20180115,10.75,10.75,10.75,10.75,0
BCX,20180115,10.3,10.3,10.3,10.3,0
BDC,20180115,85.66,85.66,85.66,85.66,0
BDJ,20180115,9.46,9.46,9.46,9.46,0
BDN,20180115,17.2,17.2,17.2,17.2,0
BDX,20180115,227.71,227.71,227.71,227.71,0
BDXA,20180115,60.03,60.03,60.03,60.03,0
BEDU,20180115,23.91,23.91,23.91,23.91,0
BEN,20180115,44.53,44.53,44.53,44.53,0
BEP,20180115,33.28,33.28,33.28,33.28,0
BERY,20180115,60.23,60.23,60.23,60.23,0
BF.A,20180115,52.2,52.2,52.2,52.2,0
BF.B,20180115,52.84,52.84,52.84,52.84,0
BFAM,20180115,95.44,95.44,95.44,95.44,0
BFK,20180115,14,14,14,14,0
BFO,20180115,14.4,14.4,14.4,14.4,0
BFS,20180115,58.64,58.64,58.64,58.64,0
BFZ,20180115,13.73,13.73,13.73,13.73,0
BG,20180115,69.74,69.74,69.74,69.74,0
BGB,20180115,15.83,15.83,15.83,15.83,0
BGG,20180115,25.53,25.53,25.53,25.53,0
BGH,20180115,19.33,19.33,19.33,19.33,0
BGIO,20180115,9.82,9.82,9.82,9.82,0
BGR,20180115,15.3,15.3,15.3,15.3,0
BGS,20180115,32.15,32.15,32.15,32.15,0
BGT,20180115,13.95,13.95,13.95,13.95,0
BGX,20180115,16.04,16.04,16.04,16.04,0
BGY,20180115,6.78,6.78,6.78,6.78,0
BH,20180115,424.04,424.04,424.04,424.04,0
BHE,20180115,30.65,30.65,30.65,30.65,0
BHK,20180115,13.93,13.93,13.93,13.93,0
BHLB,20180115,38.3,38.3,38.3,38.3,0
BHP,20180115,50.69,50.69,50.69,50.69,0
BHVN,20180115,26.44,26.44,26.44,26.44,0
BIF,20180115,11.53,11.53,11.53,11.53,0
BIG,20180115,57.37,57.37,57.37,57.37,0
BIO,20180115,248.37,248.37,248.37,248.37,0
BIO.B,20180115,238.25,238.25,238.25,238.25,0
BIP,20180115,43.67,43.67,43.67,43.67,0
BIT,20180115,18.26,18.26,18.26,18.26,0
BITA,20180115,35.55,35.55,35.55,35.55,0
BK,20180115,58.42,58.42,58.42,58.42,0
BK-C,20180115,25.12,25.12,25.12,25.12,0
BKD,20180115,9.46,9.46,9.46,9.46,0
BKE,20180115,20.95,20.95,20.95,20.95,0
BKH,20180115,54.44,54.44,54.44,54.44,0
BKI,20180115,49.8,49.8,49.8,49.8,0
BKK,20180115,15.12,15.12,15.12,15.12,0
BKN,20180115,14.75,14.75,14.75,14.75,0
BKT,20180115,6.07,6.07,6.07,6.07,0
BKU,20180115,43.18,43.18,43.18,43.18,0
BLD,20180115,76.89,76.89,76.89,76.89,0
BLK,20180115,555.53,555.53,555.53,555.53,0
BLL,20180115,37.9,37.9,37.9,37.9,0
BLW,20180115,16.04,16.04,16.04,16.04,0
BLX,20180115,29.81,29.81,29.81,29.81,0
BMA,20180115,114.5,114.5,114.5,114.5,0
BME,20180115,36.58,36.58,36.58,36.58,0
BMI,20180115,48.7,48.7,48.7,48.7,0
BML-G,20180115,21.98,21.98,21.98,21.98,0
BML-H,20180115,21.88,21.88,21.88,21.88,0
BML-J,20180115,23.25,23.25,23.25,23.25,0
BML-L,20180115,23.14,23.14,23.14,23.14,0
BMO,20180115,82.09,82.09,82.09,82.09,0
BMY,20180115,62.81,62.81,62.81,62.81,0
BNED,20180115,7.63,7.63,7.63,7.63,0
BNS,20180115,65.81,65.81,65.81,65.81,0
BNY,20180115,14.05,14.05,14.05,14.05,0
BOE,20180115,12.96,12.96,12.96,12.96,0
BOH,20180115,88.62,88.62,88.62,88.62,0
BOOT,20180115,19.25,19.25,19.25,19.25,0
BOX,20180115,22.25,22.25,22.25,22.25,0
BP,20180115,43.91,43.91,43.91,43.91,0
BPMP,20180115,21.22,21.22,21.22,21.22,0
BPT,20180115,26.15,26.15,26.15,26.15,0
BQH,20180115,14.35,14.35,14.35,14.35,0
BR,20180115,94.04,94.04,94.04,94.04,0
BRC,20180115,38.95,38.95,38.95,38.95,0
BRFS,20180115,12.3,12.3,12.3,12.3,0
BRK.A,20180115,315225,315225,315225,315225,0
BRK.B,20180115,210.16,210.16,210.16,210.16,0
BRO,20180115,26.21,26.21,26.21,26.21,0
BRT,20180115,13.07,13.07,13.07,13.07,0
BRX,20180115,16.83,16.83,16.83,16.83,0
BSAC,20180115,33.73,33.73,33.73,33.73,0
BSBR,20180115,10.07,10.07,10.07,10.07,0
BSD,20180115,13.65,13.65,13.65,13.65,0
BSE,20180115,13.12,13.12,13.12,13.12,0
BSL,20180115,17.57,17.57,17.57,17.57,0
BSM,20180115,18.96,18.96,18.96,18.96,0
BSMX,20180115,7.69,7.69,7.69,7.69,0
BST,20180115,28.7,28.7,28.7,28.7,0
BSX,20180115,27.46,27.46,27.46,27.46,0
BTA,20180115,11.85,11.85,11.85,11.85,0
BTE,20180115,3.34,3.34,3.34,3.34,0
BTI,20180115,67.79,67.79,67.79,67.79,0
BTO,20180115,40.11,40.11,40.11,40.11,0
BTT,20180115,22.08,22.08,22.08,22.08,0
BTU,20180115,40.61,40.61,40.61,40.61,0
BTZ,20180115,13.21,13.21,13.21,13.21,0
BUD,20180115,114.9,114.9,114.9,114.9,0
BUI,20180115,21.42,21.42,21.42,21.42,0
BURL,20180115,125.88,125.88,125.88,125.88,0
BVN,20180115,14.67,14.67,14.67,14.67,0
BW,20180115,58.6,58.6,58.6,58.6,0
BWA,20180115,57.23,57.23,57.23,57.23,0
BWG,20180115,13.4,13.4,13.4,13.4,0
BWXT,20180115,62.89,62.89,62.89,62.89,0
BX,20180115,35.39,35.39,35.39,35.39,0
BXC,20180115,11.27,11.27,11.27,11.27,0
BXG,20180115,17.9,17.9,17.9,17.9,0
BXMT,20180115,31.62,31.62,31.62,31.62,0
BXMX,20180115,14.26,14.26,14.26,14.26,0
BXP,20180115,122.33,122.33,122.33,122.33,0
BXP-B,20180115,25.26,25.26,25.26,25.26,0
BXS,20180115,34.55,34.55,34.55,34.55,0
BY,20180115,23.05,23.05,23.05,23.05,0
BYD,20180115,36.48,36.48,36.48,36.48,0
BYM,20180115,13.95,13.95,13.95,13.95,0
BZH,20180115,20.25,20.25,20.25,20.25,0
C,20180115,76.84,76.84,76.84,76.84,0
C-J,20180115,28.64,28.64,28.64,28.64,0
C-K,20180115,28.54,28.54,28.54,28.54,0
C-N,20180115,27.46,27.46,27.46,27.46,0
C-S,20180115,26.66,26.66,26.66,26.66,0
CABO,20180115,714.15,714.15,714.15,714.15,0
CACI,20180115,137.35,137.35,137.35,137.35,0
CADE,20180115,28.17,28.17,28.17,28.17,0
CAE,20180115,18.76,18.76,18.76,18.76,0
CAF,20180115,26,26,26,26,0
CAG,20180115,36.71,36.71,36.71,36.71,0
CAH,20180115,71.49,71.49,71.49,71.49,0
CAI,20180115,30.34,30.34,30.34,30.34,0
CAJ,20180115,38.9,38.9,38.9,38.9,0
CAL,20180115,33.4,33.4,33.4,33.4,0
CALX,20180115,5.95,5.95,5.95,5.95,0
CAPL,20180115,24.16,24.16,24.16,24.16,0
CARS,20180115,30.57,30.57,30.57,30.57,0
CAT,20180115,170.3,170.3,170.3,170.3,0
CATO,20180115,13.85,13.85,13.85,13.85,0
CB,20180115,145.64,145.64,145.64,145.64,0
CBB,20180115,18.8,18.8,18.8,18.8,0
CBB-B,20180115,49.76,49.76,49.76,49.76,0
CBD,20180115,23.35,23.35,23.35,23.35,0
CBH,20180115,9.22,9.22,9.22,9.22,0
CBL,20180115,5.69,5.69,5.69,5.69,0
CBL-D,20180115,20.9,20.9,20.9,20.9,0
CBL-E,20180115,19.8,19.8,19.8,19.8,0
CBT,20180115,67.24,67.24,67.24,67.24,0
CBU,20180115,55.63,55.63,55.63,55.63,0
CBZ,20180115,16.25,16.25,16.25,16.25,0
CC,20180115,52.47,52.47,52.47,52.47,0
CCC,20180115,21.3,21.3,21.3,21.3,0
CCI,20180115,103.57,103.57,103.57,103.57,0
CCI-A,20180115,1064.99,1064.99,1064.99,1064.99,0
CCJ,20180115,9.86,9.86,9.86,9.86,0
CCK,20180115,58.1,58.1,58.1,58.1,0
CCL,20180115,69.69,69.69,69.69,69.69,0
CCM,20180115,3.26,3.26,3.26,3.26,0
CCO,20180115,4.9,4.9,4.9,4.9,0
CCR,20180115,16,16,16,16,0
CCS,20180115,34.9,34.9,34.9,34.9,0
CCU,20180115,28.63,28.63,28.63,28.63,0
CCZ,20180115,54.75,54.75,54.75,54.75,0
CDE,20180115,8.55,8.55,8.55,8.55,0
CDR,20180115,5.32,5.32,5.32,5.32,0
CDR-B,20180115,25.3,25.3,25.3,25.3,0
CDR-C,20180115,24.2,24.2,24.2,24.2,0
CE,20180115,111.34,111.34,111.34,111.34,0
CEA,20180115,41.97,41.97,41.97,41.97,0
CEE,20180115,26.75,26.75,26.75,26.75,0
CEIX,20180115,35.05,35.05,35.05,35.05,0
CEL,20180115,10.38,10.38,10.38,10.38,0
CELP,20180115,7.17,7.17,7.17,7.17,0
CEM,20180115,16.81,16.81,16.81,16.81,0
CEN,20180115,11.04,11.04,11.04,11.04,0
CEO,20180115,161.25,161.25,161.25,161.25,0
CEQP,20180115,26.9,26.9,26.9,26.9,0
CF,20180115,43.52,43.52,43.52,43.52,0
CFG,20180115,45.52,45.52,45.52,45.52,0
CFR,20180115,100.9,100.9,100.9,100.9,0
CFR-A,20180115,25.22,25.22,25.22,25.22,0
CFX,20180115,41.76,41.76,41.76,41.76,0
CGA,20180115,1.5,1.5,1.5,1.5,0
CHA,20180115,48.12,48.12,48.12,48.12,0
CHCT,20180115,25.73,25.73,25.73,25.73,0
CHD,20180115,49.02,49.02,49.02,49.02,0
CHE,20180115,262.16,262.16,262.16,262.16,0
CHGG,20180115,16.74,16.74,16.74,16.74,0
CHH,20180115,80.55,80.55,80.55,80.55,0
CHK,20180115,4.28,4.28,4.28,4.28,0
CHK-D,20180115,53.44,53.44,53.44,53.44,0
CHKR,20180115,1.88,1.88,1.88,1.88,0
CHL,20180115,49.85,49.85,49.85,49.85,0
CHM-A,20180115,25.57,25.57,25.57,25.57,0
CHMI,20180115,17.62,17.62,17.62,17.62,0
CHN,20180115,22.94,22.94,22.94,22.94,0
CHS,20180115,9.87,9.87,9.87,9.87,0
CHT,20180115,36.68,36.68,36.68,36.68,0
CHU,20180115,13.84,13.84,13.84,13.84,0
CI,20180115,213.39,213.39,213.39,213.39,0
CIA,20180115,7.75,7.75,7.75,7.75,0
CIB,20180115,42.65,42.65,42.65,42.65,0
CIEN,20180115,21.94,21.94,21.94,21.94,0
CIF,20180115,2.96,2.96,2.96,2.96,0
CIG,20180115,2.12,2.12,2.12,2.12,0
CIG.C,20180115,2.07,2.07,2.07,2.07,0
CII,20180115,16.75,16.75,16.75,16.75,0
CIM,20180115,18.09,18.09,18.09,18.09,0
CIM-A,20180115,25.62,25.62,25.62,25.62,0
CIM-B,20180115,25.84,25.84,25.84,25.84,0
CINR,20180115,26.5,26.5,26.5,26.5,0
CIO,20180115,11.99,11.99,11.99,11.99,0
CIO-A,20180115,24.47,24.47,24.47,24.47,0
CIR,20180115,52.43,52.43,52.43,52.43,0
CIT,20180115,53.21,53.21,53.21,53.21,0
CKH,20180115,49.59,49.59,49.59,49.59,0
CL,20180115,74.62,74.62,74.62,74.62,0
CLB,20180115,119.1,119.1,119.1,119.1,0
CLDR,20180115,18.14,18.14,18.14,18.14,0
CLDT,20180115,22.6,22.6,22.6,22.6,0
CLF,20180115,8.68,8.68,8.68,8.68,0
CLGX,20180115,46.81,46.81,46.81,46.81,0
CLH,20180115,55.55,55.55,55.55,55.55,0
CLI,20180115,20.74,20.74,20.74,20.74,0
CLN-G,20180115,25.12,25.12,25.12,25.12,0
CLN-H,20180115,24.99,24.99,24.99,24.99,0
CLN-I,20180115,25,25,25,25,0
CLN-J,20180115,25,25,25,25,0
CLPR,20180115,10.03,10.03,10.03,10.03,0
CLR,20180115,57.66,57.66,57.66,57.66,0
CLS,20180115,11.1,11.1,11.1,11.1,0
CLW,20180115,49.4,49.4,49.4,49.4,0
CLX,20180115,140.96,140.96,140.96,140.96,0
CM,20180115,98.62,98.62,98.62,98.62,0
CMA,20180115,93.04,93.04,93.04,93.04,0
CMC,20180115,25.16,25.16,25.16,25.16,0
CMCM,20180115,15.67,15.67,15.67,15.67,0
CMD,20180115,110.18,110.18,110.18,110.18,0
CMG,20180115,327.34,327.34,327.34,327.34,0
CMI,20180115,184.18,184.18,184.18,184.18,0
CMO,20180115,8.85,8.85,8.85,8.85,0
CMO-E,20180115,25.6,25.6,25.6,25.6,0
CMP,20180115,75.5,75.5,75.5,75.5,0
CMR-B,20180115,24.7,24.7,24.7,24.7,0
CMR-C,20180115,25.21,25.21,25.21,25.21,0
CMR-D,20180115,25.75,25.75,25.75,25.75,0
CMRE,20180115,6.36,6.36,6.36,6.36,0
CMS,20180115,44.01,44.01,44.01,44.01,0
CMS-B,20180115,104.5,104.5,104.5,104.5,0
CMU,20180115,4.6,4.6,4.6,4.6,0
CNA,20180115,53.74,53.74,53.74,53.74,0
CNC,20180115,54.74,54.74,54.74,54.74,0
CNHI,20180115,14.93,14.93,14.93,14.93,0
CNI,20180115,80.96,80.96,80.96,80.96,0
CNK,20180115,35.32,35.32,35.32,35.32,0
CNNE,20180115,17.1,17.1,17.1,17.1,0
CNO,20180115,26.09,26.09,26.09,26.09,0
CNP,20180115,27.37,27.37,27.37,27.37,0
CNQ,20180115,37.14,37.14,37.14,37.14,0
CNS,20180115,45.45,45.45,45.45,45.45,0
CNX,20180115,15.19,15.19,15.19,15.19,0
CNXM,20180115,20.06,20.06,20.06,20.06,0
CO,20180115,9.11,9.11,9.11,9.11,0
COD-A,20180115,24.42,24.42,24.42,24.42,0
CODI,20180115,17.5,17.5,17.5,17.5,0
COE,20180115,12.91,12.91,12.91,12.91,0
COF,20180115,105.43,105.43,105.43,105.43,0
COF-F,20180115,26.45,26.45,26.45,26.45,0
COF-G,20180115,25,25,25,25,0
COF-H,20180115,26.62,26.62,26.62,26.62,0
COF-P,20180115,25.29,25.29,25.29,25.29,0
COG,20180115,28.88,28.88,28.88,28.88,0
COO,20180115,230.84,230.84,230.84,230.84,0
COP,20180115,60.05,60.05,60.05,60.05,0
COR,20180115,105.67,105.67,105.67,105.67,0
COR-Z,20180115,25.52,25.52,25.52,25.52,0
CORR,20180115,38.49,38.49,38.49,38.49,0
COT,20180115,16.75,16.75,16.75,16.75,0
COTY,20180115,20.78,20.78,20.78,20.78,0
CP,20180115,183.02,183.02,183.02,183.02,0
CPA,20180115,141.01,141.01,141.01,141.01,0
CPAC,20180115,12.73,12.73,12.73,12.73,0
CPB,20180115,45.51,45.51,45.51,45.51,0
CPE,20180115,12.91,12.91,12.91,12.91,0
CPF,20180115,31.02,31.02,31.02,31.02,0
CPG,20180115,9.01,9.01,9.01,9.01,0
CPK,20180115,72.65,72.65,72.65,72.65,0
CPS,20180115,132,132,132,132,0
CPT,20180115,84.77,84.77,84.77,84.77,0
CR,20180115,92.28,92.28,92.28,92.28,0
CRC,20180115,21.94,21.94,21.94,21.94,0
CRCM,20180115,19.16,19.16,19.16,19.16,0
CRD.A,20180115,8.44,8.44,8.44,8.44,0
CRD.B,20180115,9.54,9.54,9.54,9.54,0
CRH,20180115,37.32,37.32,37.32,37.32,0
CRI,20180115,118.79,118.79,118.79,118.79,0
CRK,20180115,9.12,9.12,9.12,9.12,0
CRL,20180115,105.34,105.34,105.34,105.34,0
CRM,20180115,110.24,110.24,110.24,110.24,0
CRS,20180115,53.72,53.72,53.72,53.72,0
CRT,20180115,15.41,15.41,15.41,15.41,0
CRY,20180115,18.65,18.65,18.65,18.65,0
CS,20180115,18.96,18.96,18.96,18.96,0
CSL,20180115,116.96,116.96,116.96,116.96,0
CSLT,20180115,4.3,4.3,4.3,4.3,0
CSS,20180115,27.75,27.75,27.75,27.75,0
CSTM,20180115,12.35,12.35,12.35,12.35,0
CSU,20180115,12.43,12.43,12.43,12.43,0
CSV,20180115,26.6,26.6,26.6,26.6,0
CTAA,20180115,24.6,24.6,24.6,24.6,0
CTB,20180115,39.85,39.85,39.85,39.85,0
CTBB,20180115,22.44,22.44,22.44,22.44,0
CTDD,20180115,22.84,22.84,22.84,22.84,0
CTL,20180115,17.36,17.36,17.36,17.36,0
CTLT,20180115,43,43,43,43,0
CTR,20180115,12.93,12.93,12.93,12.93,0
CTS,20180115,27.7,27.7,27.7,27.7,0
CTT,20180115,12.99,12.99,12.99,12.99,0
CTV,20180115,23.72,23.72,23.72,23.72,0
CTY,20180115,21.85,21.85,21.85,21.85,0
CTZ,20180115,22.64,22.64,22.64,22.64,0
CUB,20180115,61.95,61.95,61.95,61.95,0
CUB-C,20180115,26.61,26.61,26.61,26.61,0
CUB-D,20180115,26.55,26.55,26.55,26.55,0
CUB-E,20180115,26.34,26.34,26.34,26.34,0
CUB-F,20180115,26.58,26.58,26.58,26.58,0
CUBE,20180115,27.3,27.3,27.3,27.3,0
CUBI,20180115,30,30,30,30,0
CUK,20180115,70.01,70.01,70.01,70.01,0
CULP,20180115,31.85,31.85,31.85,31.85,0
CURO,20180115,15.47,15.47,15.47,15.47,0
CUZ,20180115,36,36,36,36,0
CVA,20180115,16.95,16.95,16.95,16.95,0
CVE,20180115,10.91,10.91,10.91,10.91,0
CVEO,20180115,3.2,3.2,3.2,3.2,0
CVI,20180115,39.33,39.33,39.33,39.33,0
CVNA,20180115,20.95,20.95,20.95,20.95,0
CVS,20180115,78.78,78.78,78.78,78.78,0
CVX,20180115,133.6,133.6,133.6,133.6,0
CW,20180115,128.74,128.74,128.74,128.74,0
CWH,20180115,45.27,45.27,45.27,45.27,0
CWT,20180115,42.85,42.85,42.85,42.85,0
CX,20180115,8.03,8.03,8.03,8.03,0
CXE,20180115,5.31,5.31,5.31,5.31,0
CXH,20180115,9.83,9.83,9.83,9.83,0
CXO,20180115,159.09,159.09,159.09,159.09,0
CXP,20180115,21.85,21.85,21.85,21.85,0
CXW,20180115,22.32,22.32,22.32,22.32,0
CYD,20180115,25.19,25.19,25.19,25.19,0
CYH,20180115,5.15,5.15,5.15,5.15,0
CZZ,20180115,10.4,10.4,10.4,10.4,0
D,20180115,75.94,75.94,75.94,75.94,0
DAC,20180115,21,21,21,21,0
DAL,20180115,59.83,59.83,59.83,59.83,0
DAN,20180115,34.88,34.88,34.88,34.88,0
DAR,20180115,19.15,19.15,19.15,19.15,0
DB,20180115,18.7,18.7,18.7,18.7,0
DBD,20180115,18.35,18.35,18.35,18.35,0
DBL,20180115,21.8,21.8,21.8,21.8,0
DCF,20180115,9.63,9.63,9.63,9.63,0
DCI,20180115,51.23,51.23,51.23,51.23,0
DCO,20180115,29.64,29.64,29.64,29.64,0
DCP,20180115,41.63,41.63,41.63,41.63,0
DDD,20180115,11.19,11.19,11.19,11.19,0
DDF,20180115,11,11,11,11,0
DDS,20180115,70,70,70,70,0
DDT,20180115,25.78,25.78,25.78,25.78,0
DE,20180115,169.3,169.3,169.3,169.3,0
DEA,20180115,20.52,20.52,20.52,20.52,0
DECK,20180115,82.95,82.95,82.95,82.95,0
DEI,20180115,38.36,38.36,38.36,38.36,0
DEO,20180115,144.72,144.72,144.72,144.72,0
DESP,20180115,29.31,29.31,29.31,29.31,0
DEX,20180115,12.46,12.46,12.46,12.46,0
DFIN,20180115,20.64,20.64,20.64,20.64,0
DFP,20180115,26.74,26.74,26.74,26.74,0
DFS,20180115,80.51,80.51,80.51,80.51,0
DG,20180115,99.1,99.1,99.1,99.1,0
DGX,20180115,101.63,101.63,101.63,101.63,0
DHF,20180115,3.34,3.34,3.34,3.34,0
DHI,20180115,51.91,51.91,51.91,51.91,0
DHR,20180115,99.39,99.39,99.39,99.39,0
DHT,20180115,3.79,3.79,3.79,3.79,0
DHX,20180115,1.85,1.85,1.85,1.85,0
DIAX,20180115,18.91,18.91,18.91,18.91,0
DIN,20180115,53.42,53.42,53.42,53.42,0
DIS,20180115,112.47,112.47,112.47,112.47,0
DK,20180115,37.64,37.64,37.64,37.64,0
DKL,20180115,32.5,32.5,32.5,32.5,0
DKS,20180115,33.33,33.33,33.33,33.33,0
DL,20180115,9.27,9.27,9.27,9.27,0
DLB,20180115,65.35,65.35,65.35,65.35,0
DLN-A,20180115,26.14,26.14,26.14,26.14,0
DLNG,20180115,11.66,11.66,11.66,11.66,0
DLPH,20180115,59.46,59.46,59.46,59.46,0
DLR,20180115,105.78,105.78,105.78,105.78,0
DLR-C,20180115,26.54,26.54,26.54,26.54,0
DLR-G,20180115,25.21,25.21,25.21,25.21,0
DLR-I,20180115,26.77,26.77,26.77,26.77,0
DLR-J,20180115,24.8,24.8,24.8,24.8,0
DLX,20180115,77.67,77.67,77.67,77.67,0
DMB,20180115,12.9,12.9,12.9,12.9,0
DMO,20180115,25.81,25.81,25.81,25.81,0
DNI,20180115,13.75,13.75,13.75,13.75,0
DNOW,20180115,12.88,12.88,12.88,12.88,0
DNP,20180115,10.68,10.68,10.68,10.68,0
DNR,20180115,2.43,2.43,2.43,2.43,0
DO,20180115,20.13,20.13,20.13,20.13,0
DOC,20180115,16.34,16.34,16.34,16.34,0
DOOR,20180115,73.6,73.6,73.6,73.6,0
DOV,20180115,84.1357,84.1357,84.1357,84.1357,0
DPG,20180115,15.89,15.89,15.89,15.89,0
DPLO,20180115,25.93,25.93,25.93,25.93,0
DPZ,20180115,211.15,211.15,211.15,211.15,0
DQ,20180115,68.24,68.24,68.24,68.24,0
DRD,20180115,3.19,3.19,3.19,3.19,0
DRE,20180115,25.71,25.71,25.71,25.71,0
DRH,20180115,11.61,11.61,11.61,11.61,0
DRI,20180115,98.02,98.02,98.02,98.02,0
DRQ,20180115,56.35,56.35,56.35,56.35,0
DRUA,20180115,24.99,24.99,24.99,24.99,0
DS,20180115,5.61,5.61,5.61,5.61,0
DS-B,20180115,25.6,25.6,25.6,25.6,0
DS-C,20180115,25,25,25,25,0
DS-D,20180115,25.25,25.25,25.25,25.25,0
DSE,20180115,6.74,6.74,6.74,6.74,0
DSL,20180115,20.81,20.81,20.81,20.81,0
DSM,20180115,8.48,8.48,8.48,8.48,0
DSU,20180115,11.61,11.61,11.61,11.61,0
DSX,20180115,4.42,4.42,4.42,4.42,0
DSX-B,20180115,24.32,24.32,24.32,24.32,0
DTE,20180115,103.92,103.92,103.92,103.92,0
DTF,20180115,14.06,14.06,14.06,14.06,0
DTJ,20180115,25.03,25.03,25.03,25.03,0
DTL.P,20180115,27.07,27.07,27.07,27.07,0
DTQ,20180115,25.03,25.03,25.03,25.03,0
DTW,20180115,24.67,24.67,24.67,24.67,0
DTY,20180115,26.75,26.75,26.75,26.75,0
DUC,20180115,8.77,8.77,8.77,8.77,0
DUK,20180115,78.9,78.9,78.9,78.9,0
DUKH,20180115,25.22,25.22,25.22,25.22,0
DVA,20180115,79.13,79.13,79.13,79.13,0
DVD,20180115,1.9,1.9,1.9,1.9,0
DVN,20180115,44.04,44.04,44.04,44.04,0
DX,20180115,20.94,20.94,20.94,20.94,0
DX-A,20180115,25.3,25.3,25.3,25.3,0
DX-B,20180115,24.7,24.7,24.7,24.7,0
DXB,20180115,25.66,25.66,25.66,25.66,0
DXC,20180115,101.29,101.29,101.29,101.29,0
DY,20180115,118.09,118.09,118.09,118.09,0
E,20180115,36.03,36.03,36.03,36.03,0
EAB,20180115,24.87,24.87,24.87,24.87,0
EAE,20180115,24.75,24.75,24.75,24.75,0
EAI,20180115,24.93,24.93,24.93,24.93,0
EARN,20180115,11.67,11.67,11.67,11.67,0
EAT,20180115,37.98,37.98,37.98,37.98,0
EBF,20180115,20.95,20.95,20.95,20.95,0
EBR,20180115,5.24,5.24,5.24,5.24,0
EBR.B,20180115,6.18,6.18,6.18,6.18,0
EBS,20180115,47.54,47.54,47.54,47.54,0
EC,20180115,16.87,16.87,16.87,16.87,0
ECC,20180115,19.8,19.8,19.8,19.8,0
ECCB,20180115,26.34,26.34,26.34,26.34,0
ECCY,20180115,25.45,25.45,25.45,25.45,0
ECL,20180115,137.68,137.68,137.68,137.68,0
ECOM,20180115,9.45,9.45,9.45,9.45,0
ECT,20180115,2.2,2.2,2.2,2.2,0
ED,20180115,79.49,79.49,79.49,79.49,0
EDD,20180115,8.03,8.03,8.03,8.03,0
EDF,20180115,15.96,15.96,15.96,15.96,0
EDI,20180115,15.33,15.33,15.33,15.33,0
EDN,20180115,53.06,53.06,53.06,53.06,0
EDU,20180115,104.92,104.92,104.92,104.92,0
EE,20180115,51.05,51.05,51.05,51.05,0
EEA,20180115,10.26,10.26,10.26,10.26,0
EEX,20180115,20.2,20.2,20.2,20.2,0
EFC,20180115,15.01,15.01,15.01,15.01,0
EFF,20180115,16.23,16.23,16.23,16.23,0
EFL,20180115,9.37,9.37,9.37,9.37,0
EFR,20180115,14.28,14.28,14.28,14.28,0
EFT,20180115,14.33,14.33,14.33,14.33,0
EFX,20180115,122.85,122.85,122.85,122.85,0
EGF,20180115,13.38,13.38,13.38,13.38,0
EGHT,20180115,15.25,15.25,15.25,15.25,0
EGIF,20180115,16.78,16.78,16.78,16.78,0
EGO,20180115,1.29,1.29,1.29,1.29,0
EGP,20180115,83.85,83.85,83.85,83.85,0
EGY,20180115,0.81,0.81,0.81,0.81,0
EHC,20180115,51.46,51.46,51.46,51.46,0
EHI,20180115,10.25,10.25,10.25,10.25,0
EHT,20180115,9.92,9.92,9.92,9.92,0
EIG,20180115,43.2,43.2,43.2,43.2,0
EIX,20180115,61.42,61.42,61.42,61.42,0
EL,20180115,128.53,128.53,128.53,128.53,0
ELC,20180115,24.92,24.92,24.92,24.92,0
ELF,20180115,19.26,19.26,19.26,19.26,0
ELJ,20180115,24.81,24.81,24.81,24.81,0
ELP,20180115,7.29,7.29,7.29,7.29,0
ELS,20180115,83.86,83.86,83.86,83.86,0
ELU,20180115,24.4,24.4,24.4,24.4,0
ELVT,20180115,7.74,7.74,7.74,7.74,0
ELY,20180115,14.29,14.29,14.29,14.29,0
EMD,20180115,15.98,15.98,15.98,15.98,0
EME,20180115,84.14,84.14,84.14,84.14,0
EMF,20180115,17.48,17.48,17.48,17.48,0
EMN,20180115,97.43,97.43,97.43,97.43,0
EMO,20180115,13.18,13.18,13.18,13.18,0
EMP,20180115,24.91,24.91,24.91,24.91,0
EMR,20180115,73.91,73.91,73.91,73.91,0
ENB,20180115,39.74,39.74,39.74,39.74,0
ENBL,20180115,15.96,15.96,15.96,15.96,0
ENIA,20180115,11.28,11.28,11.28,11.28,0
ENIC,20180115,6.01,6.01,6.01,6.01,0
ENJ,20180115,24.87,24.87,24.87,24.87,0
ENLC,20180115,18.75,18.75,18.75,18.75,0
ENO,20180115,25.49,25.49,25.49,25.49,0
ENR,20180115,51.62,51.62,51.62,51.62,0
ENS,20180115,72.13,72.13,72.13,72.13,0
ENV,20180115,53.9,53.9,53.9,53.9,0
ENVA,20180115,16.55,16.55,16.55,16.55,0
ENZ,20180115,7.63,7.63,7.63,7.63,0
EOD,20180115,6,6,6,6,0
EOG,20180115,115.7,115.7,115.7,115.7,0
EOI,20180115,14.98,14.98,14.98,14.98,0
EOS,20180115,15.99,15.99,15.99,15.99,0
EOT,20180115,22.43,22.43,22.43,22.43,0
EP-C,20180115,48.74,48.74,48.74,48.74,0
EPAM,20180115,110.87,110.87,110.87,110.87,0
EPC,20180115,59.71,59.71,59.71,59.71,0
EPD,20180115,28.88,28.88,28.88,28.88,0
EPR,20180115,59.62,59.62,59.62,59.62,0
EPR-C,20180115,25.99,25.99,25.99,25.99,0
EPR-E,20180115,35.46,35.46,35.46,35.46,0
EPR-G,20180115,24.97,24.97,24.97,24.97,0
EQC,20180115,29.82,29.82,29.82,29.82,0
EQC-D,20180115,26.36,26.36,26.36,26.36,0
EQM,20180115,77.03,77.03,77.03,77.03,0
EQR,20180115,60.42,60.42,60.42,60.42,0
EQS,20180115,2.44,2.44,2.44,2.44,0
EQT,20180115,58.46,58.46,58.46,58.46,0
ERA,20180115,11.59,11.59,11.59,11.59,0
ERF,20180115,10.88,10.88,10.88,10.88,0
ERJ,20180115,25.35,25.35,25.35,25.35,0
EROS,20180115,10.35,10.35,10.35,10.35,0
ES,20180115,61.35,61.35,61.35,61.35,0
ESE,20180115,65.1,65.1,65.1,65.1,0
ESNT,20180115,48.08,48.08,48.08,48.08,0
ESRT,20180115,19,19,19,19,0
ESS,20180115,227.1,227.1,227.1,227.1,0
ESTE,20180115,11.71,11.71,11.71,11.71,0
ETB,20180115,17.13,17.13,17.13,17.13,0
ETG,20180115,17.97,17.97,17.97,17.97,0
ETH,20180115,28.65,28.65,28.65,28.65,0
ETJ,20180115,9.82,9.82,9.82,9.82,0
ETM,20180115,11.35,11.35,11.35,11.35,0
ETN,20180115,84.24,84.24,84.24,84.24,0
ETO,20180115,26.21,26.21,26.21,26.21,0
ETR,20180115,78.22,78.22,78.22,78.22,0
ETV,20180115,15.48,15.48,15.48,15.48,0
ETW,20180115,12.39,12.39,12.39,12.39,0
ETX,20180115,20.25,20.25,20.25,20.25,0
ETY,20180115,12.42,12.42,12.42,12.42,0
EURN,20180115,8.95,8.95,8.95,8.95,0
EV,20180115,60.45,60.45,60.45,60.45,0
EVA,20180115,28.55,28.55,28.55,28.55,0
EVC,20180115,7.35,7.35,7.35,7.35,0
EVF,20180115,6.49,6.49,6.49,6.49,0
EVG,20180115,14.24,14.24,14.24,14.24,0
EVH,20180115,15.05,15.05,15.05,15.05,0
EVN,20180115,12.24,12.24,12.24,12.24,0
EVR,20180115,97.45,97.45,97.45,97.45,0
EVRI,20180115,7.94,7.94,7.94,7.94,0
EVT,20180115,24.15,24.15,24.15,24.15,0
EVTC,20180115,14.1,14.1,14.1,14.1,0
EW,20180115,120.83,120.83,120.83,120.83,0
EXD,20180115,10.16,10.16,10.16,10.16,0
EXG,20180115,9.64,9.64,9.64,9.64,0
EXK,20180115,2.63,2.63,2.63,2.63,0
EXP,20180115,120.07,120.07,120.07,120.07,0
EXPR,20180115,7.26,7.26,7.26,7.26,0
EXR,20180115,82.25,82.25,82.25,82.25,0
EXTN,20180115,32.6,32.6,32.6,32.6,0
EZT,20180115,26.23,26.23,26.23,26.23,0
F,20180115,13.23,13.23,13.23,13.23,0
FAF,20180115,59.43,59.43,59.43,59.43,0
FAM,20180115,11.71,11.71,11.71,11.71,0
FBC,20180115,38.75,38.75,38.75,38.75,0
FBHS,20180115,70.62,70.62,70.62,70.62,0
FBK,20180115,44.68,44.68,44.68,44.68,0
FBM,20180115,15.95,15.95,15.95,15.95,0
FBP,20180115,5.4,5.4,5.4,5.4,0
FC,20180115,30.45,30.45,30.45,30.45,0
FCAU,20180115,23.39,23.39,23.39,23.39,0
FCF,20180115,15.09,15.09,15.09,15.09,0
FCN,20180115,43.65,43.65,43.65,43.65,0
FCPT,20180115,24.1,24.1,24.1,24.1,0
FCT,20180115,12.82,12.82,12.82,12.82,0
FCX,20180115,19.75,19.75,19.75,19.75,0
FDEU,20180115,19.7,19.7,19.7,19.7,0
FDP,20180115,48.77,48.77,48.77,48.77,0
FDS,20180115,197.75,197.75,197.75,197.75,0
FDX,20180115,271.85,271.85,271.85,271.85,0
FE,20180115,30.07,30.07,30.07,30.07,0
FEDU,20180115,9.95,9.95,9.95,9.95,0
FEI,20180115,15.97,15.97,15.97,15.97,0
FENG,20180115,7.04,7.04,7.04,7.04,0
FEO,20180115,16.73,16.73,16.73,16.73,0
FET,20180115,17.35,17.35,17.35,17.35,0
FF,20180115,14.17,14.17,14.17,14.17,0
FFA,20180115,16.21,16.21,16.21,16.21,0
FFC,20180115,19.94,19.94,19.94,19.94,0
FFG,20180115,74,74,74,74,0
FG,20180115,9.72,9.72,9.72,9.72,0
FG.W,20180115,1.48,1.48,1.48,1.48,0
FGB,20180115,6.37,6.37,6.37,6.37,0
FHN,20180115,20.58,20.58,20.58,20.58,0
FHN-A,20180115,25.15,25.15,25.15,25.15,0
FI,20180115,7.97,7.97,7.97,7.97,0
FICO,20180115,159.56,159.56,159.56,159.56,0
FIF,20180115,18.5,18.5,18.5,18.5,0
FIS,20180115,97.61,97.61,97.61,97.61,0
FIT,20180115,5.64,5.64,5.64,5.64,0
FIV,20180115,9.29,9.29,9.29,9.29,0
FIX,20180115,44.1,44.1,44.1,44.1,0
FL,20180115,47.45,47.45,47.45,47.45,0
FLC,20180115,21.58,21.58,21.58,21.58,0
FLO,20180115,18.69,18.69,18.69,18.69,0
FLOW,20180115,48.37,48.37,48.37,48.37,0
FLR,20180115,57.07,57.07,57.07,57.07,0
FLS,20180115,44,44,44,44,0
FLT,20180115,203.27,203.27,203.27,203.27,0
FLY,20180115,13.36,13.36,13.36,13.36,0
FMC,20180115,97.88,97.88,97.88,97.88,0
FMN,20180115,14.16,14.16,14.16,14.16,0
FMO,20180115,14.64,14.64,14.64,14.64,0
FMS,20180115,54.53,54.53,54.53,54.53,0
FMX,20180115,95.33,95.33,95.33,95.33,0
FMY,20180115,14.3,14.3,14.3,14.3,0
FN,20180115,29.05,29.05,29.05,29.05,0
FNB,20180115,14.49,14.49,14.49,14.49,0
FNB-E,20180115,29.6,29.6,29.6,29.6,0
FND,20180115,48.14,48.14,48.14,48.14,0
FNF,20180115,40.76,40.76,40.76,40.76,0
FNV,20180115,78.19,78.19,78.19,78.19,0
FOE,20180115,23.91,23.91,23.91,23.91,0
FOF,20180115,13.48,13.48,13.48,13.48,0
FOR,20180115,21.45,21.45,21.45,21.45,0
FPF,20180115,24.25,24.25,24.25,24.25,0
FPH,20180115,14.83,14.83,14.83,14.83,0
FPI,20180115,8.67,8.67,8.67,8.67,0
FPI-B,20180115,25.65,25.65,25.65,25.65,0
FPL,20180115,12.91,12.91,12.91,12.91,0
FR,20180115,29.81,29.81,29.81,29.81,0
FRA,20180115,14.16,14.16,14.16,14.16,0
FRC,20180115,91.06,91.06,91.06,91.06,0
FRC-F,20180115,25.75,25.75,25.75,25.75,0
FRC-G,20180115,26.18,26.18,26.18,26.18,0
FRC-H,20180115,25.23,25.23,25.23,25.23,0
FRO,20180115,5.06,5.06,5.06,5.06,0
FRT,20180115,122.81,122.81,122.81,122.81,0
FRT-C,20180115,24.93,24.93,24.93,24.93,0
FSB,20180115,36.4,36.4,36.4,36.4,0
FSD,20180115,16.65,16.65,16.65,16.65,0
FSM,20180115,5.27,5.27,5.27,5.27,0
FSS,20180115,19.94,19.94,19.94,19.94,0
FT,20180115,7.07,7.07,7.07,7.07,0
FTAI,20180115,18.55,18.55,18.55,18.55,0
FTI,20180115,34.8,34.8,34.8,34.8,0
FTK,20180115,5.93,5.93,5.93,5.93,0
FTS,20180115,34.93,34.93,34.93,34.93,0
FTV,20180115,74.47,74.47,74.47,74.47,0
FUL,20180115,53.59,53.59,53.59,53.59,0
FUN,20180115,64.5,64.5,64.5,64.5,0
G,20180115,33.12,33.12,33.12,33.12,0
GAB,20180115,6.45,6.45,6.45,6.45,0
GAB-G,20180115,24.3,24.3,24.3,24.3,0
GAB-H,20180115,24.89,24.89,24.89,24.89,0
GAB-J,20180115,25.455,25.455,25.455,25.455,0
GAM,20180115,35.59,35.59,35.59,35.59,0
GAM-B,20180115,26.58,26.58,26.58,26.58,0
GATX,20180115,66.48,66.48,66.48,66.48,0
GBAB,20180115,22.49,22.49,22.49,22.49,0
GBL,20180115,29.94,29.94,29.94,29.94,0
GBX,20180115,51.45,51.45,51.45,51.45,0
GCAP,20180115,8.4,8.4,8.4,8.4,0
GCI,20180115,11.84,11.84,11.84,11.84,0
GCO,20180115,35.3,35.3,35.3,35.3,0
GCP,20180115,34,34,34,34,0
GCV,20180115,5.81,5.81,5.81,5.81,0
GD,20180115,210.59,210.59,210.59,210.59,0
GDDY,20180115,51.43,51.43,51.43,51.43,0
GDI,20180115,34.56,34.56,34.56,34.56,0
GDL,20180115,9.915,9.915,9.915,9.915,0
GDO,20180115,17.93,17.93,17.93,17.93,0
GDOT,20180115,61.61,61.61,61.61,61.61,0
GDV,20180115,24.36,24.36,24.36,24.36,0
GDV-A,20180115,26,26,26,26,0
GDV-G,20180115,25.365,25.365,25.365,25.365,0
GE,20180115,18.76,18.76,18.76,18.76,0
GEF,20180115,61.65,61.65,61.65,61.65,0
GEF.B,20180115,68.25,68.25,68.25,68.25,0
GEL,20180115,25.36,25.36,25.36,25.36,0
GEN,20180115,0.84,0.84,0.84,0.84,0
GEO,20180115,22.7,22.7,22.7,22.7,0
GER,20180115,7.1,7.1,7.1,7.1,0
GES,20180115,17.52,17.52,17.52,17.52,0
GF,20180115,20.83,20.83,20.83,20.83,0
GFF,20180115,20.8,20.8,20.8,20.8,0
GFI,20180115,4.37,4.37,4.37,4.37,0
GFY,20180115,17.25,17.25,17.25,17.25,0
GGB,20180115,4.66,4.66,4.66,4.66,0
GGG,20180115,46.92,46.92,46.92,46.92,0
GGM,20180115,22.25,22.25,22.25,22.25,0
GGT,20180115,9.42,9.42,9.42,9.42,0
GGT-E,20180115,24.57,24.57,24.57,24.57,0
GGZ,20180115,13.02,13.02,13.02,13.02,0
GGZ-A,20180115,25.37,25.37,25.37,25.37,0
GHC,20180115,577.05,577.05,577.05,577.05,0
GHL,20180115,18.8,18.8,18.8,18.8,0
GHM,20180115,22.53,22.53,22.53,22.53,0
GHY,20180115,14.45,14.45,14.45,14.45,0
GIB,20180115,53.66,53.66,53.66,53.66,0
GIL,20180115,32.57,32.57,32.57,32.57,0
GIM,20180115,6.45,6.45,6.45,6.45,0
GIS,20180115,57.85,57.85,57.85,57.85,0
GJH,20180115,10.05,10.05,10.05,10.05,0
GJO,20180115,21.95,21.95,21.95,21.95,0
GJP,20180115,22.5,22.5,22.5,22.5,0
GJR,20180115,22,22,22,22,0
GJS,20180115,20.21,20.21,20.21,20.21,0
GJT,20180115,20.1,20.1,20.1,20.1,0
GKOS,20180115,28.33,28.33,28.33,28.33,0
GLO-A,20180115,26.5,26.5,26.5,26.5,0
GLO-G,20180115,26.85,26.85,26.85,26.85,0
GLOB,20180115,47.28,47.28,47.28,47.28,0
GLOG,20180115,21.6,21.6,21.6,21.6,0
GLOP,20180115,24.85,24.85,24.85,24.85,0
GLP,20180115,17.95,17.95,17.95,17.95,0
GLT,20180115,23.2,23.2,23.2,23.2,0
GLW,20180115,34.66,34.66,34.66,34.66,0
GM,20180115,44.07,44.07,44.07,44.07,0
GME,20180115,17.76,17.76,17.76,17.76,0
GMED,20180115,43.66,43.66,43.66,43.66,0
GMR-A,20180115,25.19,25.19,25.19,25.19,0
GMRE,20180115,8.16,8.16,8.16,8.16,0
GMS,20180115,38.4,38.4,38.4,38.4,0
GMTA,20180115,25.68,25.68,25.68,25.68,0
GMZ,20180115,10.14,10.14,10.14,10.14,0
GNC,20180115,3.72,3.72,3.72,3.72,0
GNE,20180115,4.6,4.6,4.6,4.6,0
GNE-A,20180115,7.39,7.39,7.39,7.39,0
GNK,20180115,14.26,14.26,14.26,14.26,0
GNL,20180115,19.32,19.32,19.32,19.32,0
GNL-A,20180115,25.19,25.19,25.19,25.19,0
GNRC,20180115,49.27,49.27,49.27,49.27,0
GNT,20180115,6.87,6.87,6.87,6.87,0
GNT-A,20180115,25.02,25.02,25.02,25.02,0
GNW,20180115,3.23,3.23,3.23,3.23,0
GOF,20180115,21.73,21.73,21.73,21.73,0
GOL,20180115,9.16,9.16,9.16,9.16,0
GOLF,20180115,21.44,21.44,21.44,21.44,0
GOOS,20180115,32.38,32.38,32.38,32.38,0
GPC,20180115,103.28,103.28,103.28,103.28,0
GPI,20180115,82.47,82.47,82.47,82.47,0
GPJA,20180115,25,25,25,25,0
GPK,20180115,16.6,16.6,16.6,16.6,0
GPM,20180115,9.41,9.41,9.41,9.41,0
GPMT,20180115,17.52,17.52,17.52,17.52,0
GPN,20180115,103.26,103.26,103.26,103.26,0
GPRK,20180115,10.7,10.7,10.7,10.7,0
GPS,20180115,33.87,33.87,33.87,33.87,0
GPX,20180115,26.45,26.45,26.45,26.45,0
GRA,20180115,73.56,73.56,73.56,73.56,0
GRAM,20180115,3.14,3.14,3.14,3.14,0
GRC,20180115,32.3,32.3,32.3,32.3,0
GRP.U,20180115,39.29,39.29,39.29,39.29,0
GRUB,20180115,70.61,70.61,70.61,70.61,0
GRX,20180115,10.66,10.66,10.66,10.66,0
GRX-A,20180115,25.63,25.63,25.63,25.63,0
GRX-B,20180115,26.21,26.21,26.21,26.21,0
GS,20180115,257.03,257.03,257.03,257.03,0
GS-A,20180115,22.385,22.385,22.385,22.385,0
GS-C,20180115,22.7,22.7,22.7,22.7,0
GS-D,20180115,22.58,22.58,22.58,22.58,0
GS-J,20180115,26.56,26.56,26.56,26.56,0
GS-K,20180115,28.69,28.69,28.69,28.69,0
GS-N,20180115,27.25,27.25,27.25,27.25,0
GSBD,20180115,22.13,22.13,22.13,22.13,0
GSH,20180115,36.38,36.38,36.38,36.38,0
GSK,20180115,37.5,37.5,37.5,37.5,0
GSL,20180115,9.44,9.44,9.44,9.44,0
GSL-B,20180115,24.51,24.51,24.51,24.51,0
GTN,20180115,16.85,16.85,16.85,16.85,0
GTN.A,20180115,14.2,14.2,14.2,14.2,0
GTS,20180115,24.86,24.86,24.86,24.86,0
GTT,20180115,43.6,43.6,43.6,43.6,0
GTY,20180115,25.54,25.54,25.54,25.54,0
GUT,20180115,7.15,7.15,7.15,7.15,0
GUT-A,20180115,25.52,25.52,25.52,25.52,0
GUT-C,20180115,25.67,25.67,25.67,25.67,0
GVA,20180115,67.15,67.15,67.15,67.15,0
GWB,20180115,42.98,42.98,42.98,42.98,0
GWRE,20180115,77.35,77.35,77.35,77.35,0
GWW,20180115,235.67,235.67,235.67,235.67,0
GYC,20180115,23.1,23.1,23.1,23.1,0
H,20180115,78.93,78.93,78.93,78.93,0
HAE,20180115,64.12,64.12,64.12,64.12,0
HAL,20180115,53.14,53.14,53.14,53.14,0
HASI,20180115,22.45,22.45,22.45,22.45,0
HBB,20180115,26.77,26.77,26.77,26.77,0
HBI,20180115,22.42,22.42,22.42,22.42,0
HBM,20180115,9.7,9.7,9.7,9.7,0
HCA,20180115,88.8,88.8,88.8,88.8,0
HCC,20180115,28.22,28.22,28.22,28.22,0
HCHC,20180115,6.45,6.45,6.45,6.45,0
HCI,20180115,34.52,34.52,34.52,34.52,0
HD,20180115,196.42,196.42,196.42,196.42,0
HDB,20180115,51.215,51.215,51.215,51.215,0
HE,20180115,34.41,34.41,34.41,34.41,0
HEI,20180115,62.144,62.144,62.144,62.144,0
HEI.A,20180115,50.848,50.848,50.848,50.848,0
HEP,20180115,32.66,32.66,32.66,32.66,0
HEQ,20180115,17.33,17.33,17.33,17.33,0
HES,20180115,54.54,54.54,54.54,54.54,0
HESM,20180115,21.35,21.35,21.35,21.35,0
HFC,20180115,52.51,52.51,52.51,52.51,0
HFRO,20180115,15.57,15.57,15.57,15.57,0
HGH,20180115,29.27,29.27,29.27,29.27,0
HGV,20180115,41.95,41.95,41.95,41.95,0
HHC,20180115,127.06,127.06,127.06,127.06,0
HHS,20180115,10.2,10.2,10.2,10.2,0
HI,20180115,44.8,44.8,44.8,44.8,0
HIE,20180115,13.33,13.33,13.33,13.33,0
HIG,20180115,55.29,55.29,55.29,55.29,0
HII,20180115,247.43,247.43,247.43,247.43,0
HIL,20180115,5.6,5.6,5.6,5.6,0
HIO,20180115,5.09,5.09,5.09,5.09,0
HIW,20180115,47.66,47.66,47.66,47.66,0
HIX,20180115,7.03,7.03,7.03,7.03,0
HJV,20180115,14.31,14.31,14.31,14.31,0
HL,20180115,4.41,4.41,4.41,4.41,0
HL-B,20180115,54.5,54.5,54.5,54.5,0
HLF,20180115,35.11,35.11,35.11,35.11,0
HLI,20180115,50.25,50.25,50.25,50.25,0
HLT,20180115,83.95,83.95,83.95,83.95,0
HLX,20180115,8.68,8.68,8.68,8.68,0
HMC,20180115,35.93,35.93,35.93,35.93,0
HML-A,20180115,26.89,26.89,26.89,26.89,0
HMLP,20180115,19.15,19.15,19.15,19.15,0
HMN,20180115,44.05,44.05,44.05,44.05,0
HMY,20180115,1.83,1.83,1.83,1.83,0
HNI,20180115,39.75,39.75,39.75,39.75,0
HNP,20180115,26.38,26.38,26.38,26.38,0
HOG,20180115,54.41,54.41,54.41,54.41,0
HOME,20180115,32.74,32.74,32.74,32.74,0
HON,20180115,159.07,159.07,159.07,159.07,0
HOV,20180115,72,72,72,72,0
HP,20180115,70.26,70.26,70.26,70.26,0
HPE,20180115,15.81,15.81,15.81,15.81,0
HPF,20180115,21.28,21.28,21.28,21.28,0
HPI,20180115,21.49,21.49,21.49,21.49,0
HPP,20180115,32.87,32.87,32.87,32.87,0
HPQ,20180115,22.92,22.92,22.92,22.92,0
HPS,20180115,18.56,18.56,18.56,18.56,0
HQH,20180115,23.81,23.81,23.81,23.81,0
HQL,20180115,20.56,20.56,20.56,20.56,0
HR,20180115,29.8,29.8,29.8,29.8,0
HRB,20180115,26.36,26.36,26.36,26.36,0
HRC,20180115,86.79,86.79,86.79,86.79,0
HRI,20180115,65.62,65.62,65.62,65.62,0
HRL,20180115,34.55,34.55,34.55,34.55,0
HRTG,20180115,18.13,18.13,18.13,18.13,0
HSB-A,20180115,25.95,25.95,25.95,25.95,0
HSBC,20180115,54.83,54.83,54.83,54.83,0
HSC,20180115,19.45,19.45,19.45,19.45,0
HST,20180115,20.36,20.36,20.36,20.36,0
HSY,20180115,109.27,109.27,109.27,109.27,0
HT,20180115,17.91,17.91,17.91,17.91,0
HT-C,20180115,25.07,25.07,25.07,25.07,0
HT-D,20180115,24.19,24.19,24.19,24.19,0
HT-E,20180115,24.58,24.58,24.58,24.58,0
HTA,20180115,27.29,27.29,27.29,27.29,0
HTD,20180115,23.42,23.42,23.42,23.42,0
HTFA,20180115,25.56,25.56,25.56,25.56,0
HTGC,20180115,13,13,13,13,0
HTH,20180115,26.43,26.43,26.43,26.43,0
HTY,20180115,9.2,9.2,9.2,9.2,0
HTZ,20180115,24.6,24.6,24.6,24.6,0
HUBB,20180115,138.34,138.34,138.34,138.34,0
HUBS,20180115,92.65,92.65,92.65,92.65,0
HUM,20180115,268.02,268.02,268.02,268.02,0
HUN,20180115,34.56,34.56,34.56,34.56,0
HVT,20180115,23.95,23.95,23.95,23.95,0
HVT.A,20180115,23.7,23.7,23.7,23.7,0
HXL,20180115,64.6,64.6,64.6,64.6,0
HY,20180115,87.74,87.74,87.74,87.74,0
HYB,20180115,9.39,9.39,9.39,9.39,0
HYI,20180115,15.17,15.17,15.17,15.17,0
HYT,20180115,10.98,10.98,10.98,10.98,0
HZN,20180115,13.35,13.35,13.35,13.35,0
HZO,20180115,19.6,19.6,19.6,19.6,0
I,20180115,3.28,3.28,3.28,3.28,0
IAE,20180115,11.16,11.16,11.16,11.16,0
IAG,20180115,6.08,6.08,6.08,6.08,0
IBA,20180115,59.68,59.68,59.68,59.68,0
IBM,20180115,163.14,163.14,163.14,163.14,0
IBN,20180115,9.98,9.98,9.98,9.98,0
IBP,20180115,73,73,73,73,0
ICD,20180115,4.91,4.91,4.91,4.91,0
ICE,20180115,74.78,74.78,74.78,74.78,0
ICL,20180115,4.39,4.39,4.39,4.39,0
IDA,20180115,83.32,83.32,83.32,83.32,0
IDE,20180115,17.24,17.24,17.24,17.24,0
IDT,20180115,10.82,10.82,10.82,10.82,0
IEX,20180115,136.81,136.81,136.81,136.81,0
IFF,20180115,153.7,153.7,153.7,153.7,0
IFN,20180115,27.2,27.2,27.2,27.2,0
IGA,20180115,11.67,11.67,11.67,11.67,0
IGD,20180115,8,8,8,8,0
IGI,20180115,22.55,22.55,22.55,22.55,0
IGR,20180115,7.81,7.81,7.81,7.81,0
IGT,20180115,27.79,27.79,27.79,27.79,0
IHC,20180115,27.5,27.5,27.5,27.5,0
IHD,20180115,9.39,9.39,9.39,9.39,0
IHG,20180115,65.66,65.66,65.66,65.66,0
IHIT,20180115,9.93,9.93,9.93,9.93,0
IHTA,20180115,10.05,10.05,10.05,10.05,0
IID,20180115,7.51,7.51,7.51,7.51,0
IIF,20180115,34.405,34.405,34.405,34.405,0
IIM,20180115,14.73,14.73,14.73,14.73,0
IIP-A,20180115,27.1,27.1,27.1,27.1,0
IIPR,20180115,30.25,30.25,30.25,30.25,0
IMAX,20180115,20.7,20.7,20.7,20.7,0
INF,20180115,13.35,13.35,13.35,13.35,0
INFY,20180115,8.405,8.405,8.405,8.405,0
ING,20180115,20.31,20.31,20.31,20.31,0
INGR,20180115,135.96,135.96,135.96,135.96,0
INN,20180115,15.28,15.28,15.28,15.28,0
INN-D,20180115,25.5,25.5,25.5,25.5,0
INN-E,20180115,25.63,25.63,25.63,25.63,0
INSI,20180115,19.5,19.5,19.5,19.5,0
INST,20180115,34.25,34.25,34.25,34.25,0
INSW,20180115,18.7,18.7,18.7,18.7,0
INT,20180115,28.98,28.98,28.98,28.98,0
INVH,20180115,22.71,22.71,22.71,22.71,0
INXN,20180115,58.15,58.15,58.15,58.15,0
IO,20180115,21.35,21.35,21.35,21.35,0
IP,20180115,62.26,62.26,62.26,62.26,0
IPG,20180115,21.74,21.74,21.74,21.74,0
IPHI,20180115,38.63,38.63,38.63,38.63,0
IPI,20180115,4.32,4.32,4.32,4.32,0
IQI,20180115,12.35,12.35,12.35,12.35,0
IQV,20180115,100.04,100.04,100.04,100.04,0
IR,20180115,91.1,91.1,91.1,91.1,0
IRE-C,20180115,25.36,25.36,25.36,25.36,0
IRET,20180115,5.61,5.61,5.61,5.61,0
IRL,20180115,12.59,12.59,12.59,12.59,0
IRM,20180115,36.22,36.22,36.22,36.22,0
IRR,20180115,6.95,6.95,6.95,6.95,0
IRS,20180115,29.08,29.08,29.08,29.08,0
IRT,20180115,9.5,9.5,9.5,9.5,0
ISD,20180115,14.89,14.89,14.89,14.89,0
ISG,20180115,25.7,25.7,25.7,25.7,0
IT,20180115,130.13,130.13,130.13,130.13,0
ITCB,20180115,14.5,14.5,14.5,14.5,0
ITGR,20180115,48.55,48.55,48.55,48.55,0
ITT,20180115,54.91,54.91,54.91,54.91,0
ITUB,20180115,9.4133,9.4133,9.4133,9.4133,0
ITW,20180115,170.52,170.52,170.52,170.52,0
IVC,20180115,17.05,17.05,17.05,17.05,0
IVH,20180115,14.72,14.72,14.72,14.72,0
IVR,20180115,17.75,17.75,17.75,17.75,0
IVR-A,20180115,25.11,25.11,25.11,25.11,0
IVR-B,20180115,25.93,25.93,25.93,25.93,0
IVR-C,20180115,25.05,25.05,25.05,25.05,0
IVZ,20180115,37.86,37.86,37.86,37.86,0
IX,20180115,96.1,96.1,96.1,96.1,0
JAX,20180115,9.1,9.1,9.1,9.1,0
JBGS,20180115,33.56,33.56,33.56,33.56,0
JBK,20180115,25.75,25.75,25.75,25.75,0
JBL,20180115,27.66,27.66,27.66,27.66,0
JBN,20180115,14.15,14.15,14.15,14.15,0
JBR,20180115,14.1,14.1,14.1,14.1,0
JBT,20180115,111.9,111.9,111.9,111.9,0
JCAP,20180115,18.5,18.5,18.5,18.5,0
JCE,20180115,15.14,15.14,15.14,15.14,0
JCI,20180115,39.8,39.8,39.8,39.8,0
JCO,20180115,9.53,9.53,9.53,9.53,0
JCP,20180115,4.05,4.05,4.05,4.05,0
JDD,20180115,12.17,12.17,12.17,12.17,0
JE,20180115,4.12,4.12,4.12,4.12,0
JE-A,20180115,24.54,24.54,24.54,24.54,0
JELD,20180115,41.01,41.01,41.01,41.01,0
JEMD,20180115,9.48,9.48,9.48,9.48,0
JEQ,20180115,9.48,9.48,9.48,9.48,0
JFR,20180115,11.1,11.1,11.1,11.1,0
JGH,20180115,17.06,17.06,17.06,17.06,0
JHB,20180115,9.88,9.88,9.88,9.88,0
JHG,20180115,40.54,40.54,40.54,40.54,0
JHI,20180115,17.63,17.63,17.63,17.63,0
JHS,20180115,14.92,14.92,14.92,14.92,0
JHX,20180115,17.1,17.1,17.1,17.1,0
JHY,20180115,9.86,9.86,9.86,9.86,0
JILL,20180115,8.53,8.53,8.53,8.53,0
JKS,20180115,24.59,24.59,24.59,24.59,0
JLL,20180115,153.87,153.87,153.87,153.87,0
JLS,20180115,24.01,24.01,24.01,24.01,0
JMEI,20180115,3.7,3.7,3.7,3.7,0
JMF,20180115,12.71,12.71,12.71,12.71,0
JMLP,20180115,9.34,9.34,9.34,9.34,0
JMM,20180115,7.555,7.555,7.555,7.555,0
JMP,20180115,5.49,5.49,5.49,5.49,0
JNJ,20180115,145.76,145.76,145.76,145.76,0
JNPR,20180115,28.89,28.89,28.89,28.89,0
JOE,20180115,17.95,17.95,17.95,17.95,0
JOF,20180115,12.59,12.59,12.59,12.59,0
JP,20180115,22.66,22.66,22.66,22.66,0
JPC,20180115,10.14,10.14,10.14,10.14,0
JPI,20180115,24.68,24.68,24.68,24.68,0
JPM,20180115,112.67,112.67,112.67,112.67,0
JPM-F,20180115,26.48,26.48,26.48,26.48,0
JPM-G,20180115,26.76,26.76,26.76,26.76,0
JPM-H,20180115,26.7,26.7,26.7,26.7,0
JPS,20180115,10.04,10.04,10.04,10.04,0
JPT,20180115,24.63,24.63,24.63,24.63,0
JQC,20180115,8.18,8.18,8.18,8.18,0
JRI,20180115,17.69,17.69,17.69,17.69,0
JRO,20180115,11.22,11.22,11.22,11.22,0
JRS,20180115,10.705,10.705,10.705,10.705,0
JSD,20180115,16.64,16.64,16.64,16.64,0
JT,20180115,7.03,7.03,7.03,7.03,0
JTA,20180115,14.21,14.21,14.21,14.21,0
JTD,20180115,18.15,18.15,18.15,18.15,0
JW.A,20180115,65.2,65.2,65.2,65.2,0
JW.B,20180115,65,65,65,65,0
JWN,20180115,51.82,51.82,51.82,51.82,0
K,20180115,64.69,64.69,64.69,64.69,0
KAI,20180115,97.25,97.25,97.25,97.25,0
KAMN,20180115,60.42,60.42,60.42,60.42,0
KAR,20180115,20.178,20.178,20.178,20.178,0
KB,20180115,63.72,63.72,63.72,63.72,0
KBH,20180115,36.98,36.98,36.98,36.98,0
KBR,20180115,20.59,20.59,20.59,20.59,0
KDMN,20180115,4.23,4.23,4.23,4.23,0
KEM,20180115,17.25,17.25,17.25,17.25,0
KEN,20180115,29.72,29.72,29.72,29.72,0
KEP,20180115,17.16,17.16,17.16,17.16,0
KEX,20180115,74.8,74.8,74.8,74.8,0
KEY,20180115,21.42,21.42,21.42,21.42,0
KEY-I,20180115,28.68,28.68,28.68,28.68,0
KEYS,20180115,44.82,44.82,44.82,44.82,0
KF,20180115,43.4,43.4,43.4,43.4,0
KFS,20180115,5.25,5.25,5.25,5.25,0
KFY,20180115,42.16,42.16,42.16,42.16,0
KGC,20180115,4.34,4.34,4.34,4.34,0
KIM,20180115,16.76,16.76,16.76,16.76,0
KIM-L,20180115,24.69,24.69,24.69,24.69,0
KIM-M,20180115,24.99,24.99,24.99,24.99,0
KIO,20180115,15.98,15.98,15.98,15.98,0
KKR,20180115,23.08,23.08,23.08,23.08,0
KKR-A,20180115,26.64,26.64,26.64,26.64,0
KKR-B,20180115,26.49,26.49,26.49,26.49,0
KL,20180115,16.12,16.12,16.12,16.12,0
KMB,20180115,112.98,112.98,112.98,112.98,0
KMF,20180115,15,15,15,15,0
KMI,20180115,19.52,19.52,19.52,19.52,0
KMPR,20180115,69.6,69.6,69.6,69.6,0
KMT,20180115,51.92,51.92,51.92,51.92,0
KMX,20180115,72.33,72.33,72.33,72.33,0
KN,20180115,16.17,16.17,16.17,16.17,0
KNL,20180115,23.33,23.33,23.33,23.33,0
KNOP,20180115,22,22,22,22,0
KNX,20180115,45,45,45,45,0
KO,20180115,46.15,46.15,46.15,46.15,0
KODK,20180115,9.2,9.2,9.2,9.2,0
KOF,20180115,71.66,71.66,71.66,71.66,0
KOP,20180115,48.8,48.8,48.8,48.8,0
KOS,20180115,6.98,6.98,6.98,6.98,0
KR,20180115,28.14,28.14,28.14,28.14,0
KRA,20180115,51.59,51.59,51.59,51.59,0
KRC,20180115,71.55,71.55,71.55,71.55,0
KREF,20180115,19.8,19.8,19.8,19.8,0
KRG,20180115,17.9,17.9,17.9,17.9,0
KRO,20180115,27.96,27.96,27.96,27.96,0
KRP,20180115,16.4,16.4,16.4,16.4,0
KSM,20180115,11.72,11.72,11.72,11.72,0
KSS,20180115,63.87,63.87,63.87,63.87,0
KSU,20180115,110.4,110.4,110.4,110.4,0
KSU.P,20180115,27.4,27.4,27.4,27.4,0
KT,20180115,15.88,15.88,15.88,15.88,0
KTF,20180115,11.8,11.8,11.8,11.8,0
KTH,20180115,32.31,32.31,32.31,32.31,0
KTN,20180115,32.95,32.95,32.95,32.95,0
KTP,20180115,15.56,15.56,15.56,15.56,0
KW,20180115,17.65,17.65,17.65,17.65,0
KWR,20180115,155.54,155.54,155.54,155.54,0
KYN,20180115,19.96,19.96,19.96,19.96,0
KYN-F,20180115,25.15,25.15,25.15,25.15,0
L,20180115,52.78,52.78,52.78,52.78,0
LAD,20180115,124.48,124.48,124.48,124.48,0
LADR,20180115,13.59,13.59,13.59,13.59,0
LAZ,20180115,57.71,57.71,57.71,57.71,0
LB,20180115,49.67,49.67,49.67,49.67,0
LBRT,20180115,21.75,21.75,21.75,21.75,0
LC,20180115,21.35,21.35,21.35,21.35,0
LCI,20180115,24.75,24.75,24.75,24.75,0
LCII,20180115,126.4,126.4,126.4,126.4,0
LDL,20180115,49.85,49.85,49.85,49.85,0
LDOS,20180115,67.03,67.03,67.03,67.03,0
LDP,20180115,26.49,26.49,26.49,26.49,0
LEA,20180115,189.14,189.14,189.14,189.14,0
LEE,20180115,2.45,2.45,2.45,2.45,0
LEG,20180115,48.8,48.8,48.8,48.8,0
LEJU,20180115,1.82,1.82,1.82,1.82,0
LEN,20180115,69.26,69.26,69.26,69.26,0
LEN.B,20180115,55.84,55.84,55.84,55.84,0
LEO,20180115,8.74,8.74,8.74,8.74,0
LFC,20180115,16.05,16.05,16.05,16.05,0
LGC,20180115,9.6,9.6,9.6,9.6,0
LGC.U,20180115,9.91,9.91,9.91,9.91,0
LGC.W,20180115,0.4,0.4,0.4,0.4,0
LGF.A,20180115,33.71,33.71,33.71,33.71,0
LGF.B,20180115,31.45,31.45,31.45,31.45,0
LGI,20180115,18.6,18.6,18.6,18.6,0
LH,20180115,171.64,171.64,171.64,171.64,0
LII,20180115,210.68,210.68,210.68,210.68,0
LITB,20180115,2.4,2.4,2.4,2.4,0
LL,20180115,30.47,30.47,30.47,30.47,0
LLY,20180115,86.98,86.98,86.98,86.98,0
LM,20180115,43.74,43.74,43.74,43.74,0
LMHA,20180115,26.33,26.33,26.33,26.33,0
LMHB,20180115,24.71,24.71,24.71,24.71,0
LMT,20180115,336.25,336.25,336.25,336.25,0
LN,20180115,44.61,44.61,44.61,44.61,0
LNC,20180115,84.37,84.37,84.37,84.37,0
LND,20180115,4.22,4.22,4.22,4.22,0
LNN,20180115,94.95,94.95,94.95,94.95,0
LOMA,20180115,25,25,25,25,0
LOW,20180115,100.86,100.86,100.86,100.86,0
LPG,20180115,7.78,7.78,7.78,7.78,0
LPI,20180115,11.07,11.07,11.07,11.07,0
LPL,20180115,13.78,13.78,13.78,13.78,0
LPT,20180115,40.72,40.72,40.72,40.72,0
LPX,20180115,28.3,28.3,28.3,28.3,0
LRN,20180115,16.51,16.51,16.51,16.51,0
LSI,20180115,83.92,83.92,83.92,83.92,0
LTC,20180115,40.39,40.39,40.39,40.39,0
LTM,20180115,16.11,16.11,16.11,16.11,0
LUB,20180115,2.74,2.74,2.74,2.74,0
LUV,20180115,65.36,65.36,65.36,65.36,0
LVS,20180115,71.02,71.02,71.02,71.02,0
LW,20180115,58.28,58.28,58.28,58.28,0
LXFR,20180115,15.04,15.04,15.04,15.04,0
LXP,20180115,9.22,9.22,9.22,9.22,0
LXP-C,20180115,51.394,51.394,51.394,51.394,0
LXU,20180115,9.76,9.76,9.76,9.76,0
LYB,20180115,117.68,117.68,117.68,117.68,0
LYG,20180115,3.96,3.96,3.96,3.96,0
LYV,20180115,44.43,44.43,44.43,44.43,0
LZB,20180115,32.1,32.1,32.1,32.1,0
M,20180115,26.89,26.89,26.89,26.89,0
MA,20180115,162.33,162.33,162.33,162.33,0
MAA,20180115,91.32,91.32,91.32,91.32,0
MAA-I,20180115,66.5,66.5,66.5,66.5,0
MAC,20180115,62.97,62.97,62.97,62.97,0
MAIN,20180115,38.78,38.78,38.78,38.78,0
MAN,20180115,129.75,129.75,129.75,129.75,0
MANU,20180115,19.9,19.9,19.9,19.9,0
MAS,20180115,45.76,45.76,45.76,45.76,0
MATX,20180115,31.7,31.7,31.7,31.7,0
MAV,20180115,11.35,11.35,11.35,11.35,0
MAXR,20180115,63.3,63.3,63.3,63.3,0
MBI,20180115,7.47,7.47,7.47,7.47,0
MBT,20180115,10.95,10.95,10.95,10.95,0
MC,20180115,50.25,50.25,50.25,50.25,0
MCA,20180115,14.56,14.56,14.56,14.56,0
MCB,20180115,44.95,44.95,44.95,44.95,0
MCC,20180115,5.27,5.27,5.27,5.27,0
MCD,20180115,173.57,173.57,173.57,173.57,0
MCI,20180115,15.48,15.48,15.48,15.48,0
MCK,20180115,166.25,166.25,166.25,166.25,0
MCN,20180115,7.85,7.85,7.85,7.85,0
MCO,20180115,157.25,157.25,157.25,157.25,0
MCR,20180115,8.47,8.47,8.47,8.47,0
MCS,20180115,27.3,27.3,27.3,27.3,0
MCV,20180115,25.06,25.06,25.06,25.06,0
MCX,20180115,25.49,25.49,25.49,25.49,0
MCY,20180115,53.69,53.69,53.69,53.69,0
MD,20180115,54.22,54.22,54.22,54.22,0
MDC,20180115,34.12,34.12,34.12,34.12,0
MDLQ,20180115,25.2,25.2,25.2,25.2,0
MDLX,20180115,24.65,24.65,24.65,24.65,0
MDLY,20180115,6.7,6.7,6.7,6.7,0
MDP,20180115,67.2,67.2,67.2,67.2,0
MDT,20180115,85.45,85.45,85.45,85.45,0
MDU,20180115,26.08,26.08,26.08,26.08,0
MED,20180115,72.85,72.85,72.85,72.85,0
MEI,20180115,41.9,41.9,41.9,41.9,0
MEN,20180115,11.38,11.38,11.38,11.38,0
MER-K,20180115,26.03,26.03,26.03,26.03,0
MET,20180115,53.33,53.33,53.33,53.33,0
MET-A,20180115,24.91,24.91,24.91,24.91,0
MFA,20180115,7.8,7.8,7.8,7.8,0
MFA-B,20180115,25.25,25.25,25.25,25.25,0
MFC,20180115,21.81,21.81,21.81,21.81,0
MFD,20180115,12.88,12.88,12.88,12.88,0
MFG,20180115,3.94,3.94,3.94,3.94,0
MFGP,20180115,31.42,31.42,31.42,31.42,0
MFL,20180115,14.68,14.68,14.68,14.68,0
MFM,20180115,6.85,6.85,6.85,6.85,0
MFO,20180115,25.62,25.62,25.62,25.62,0
MFT,20180115,13.99,13.99,13.99,13.99,0
MFV,20180115,6.14,6.14,6.14,6.14,0
MG,20180115,22.69,22.69,22.69,22.69,0
MGA,20180115,59.64,59.64,59.64,59.64,0
MGF,20180115,4.74,4.74,4.74,4.74,0
MGM,20180115,35.03,35.03,35.03,35.03,0
MGP,20180115,28.54,28.54,28.54,28.54,0
MGU,20180115,25.4,25.4,25.4,25.4,0
MH-A,20180115,24.62,24.62,24.62,24.62,0
MH-C,20180115,23.62,23.62,23.62,23.62,0
MH-D,20180115,20.51,20.51,20.51,20.51,0
MHD,20180115,16.34,16.34,16.34,16.34,0
MHF,20180115,7.43,7.43,7.43,7.43,0
MHI,20180115,11.84,11.84,11.84,11.84,0
MHK,20180115,274.07,274.07,274.07,274.07,0
MHLA,20180115,22.26,22.26,22.26,22.26,0
MHN,20180115,13.35,13.35,13.35,13.35,0
MHNC,20180115,24.54,24.54,24.54,24.54,0
MHO,20180115,36.94,36.94,36.94,36.94,0
MIC,20180115,64.99,64.99,64.99,64.99,0
MIE,20180115,11.12,11.12,11.12,11.12,0
MIN,20180115,4.13,4.13,4.13,4.13,0
MIT-A,20180115,25.35,25.35,25.35,25.35,0
MIT-B,20180115,25.222,25.222,25.222,25.222,0
MITT,20180115,18.48,18.48,18.48,18.48,0
MIXT,20180115,12.61,12.61,12.61,12.61,0
MIY,20180115,13.8,13.8,13.8,13.8,0
MKC,20180115,101.01,101.01,101.01,101.01,0
MKC.V,20180115,102.85,102.85,102.85,102.85,0
MKL,20180115,1123.37,1123.37,1123.37,1123.37,0
MLI,20180115,36.91,36.91,36.91,36.91,0
MLM,20180115,230.76,230.76,230.76,230.76,0
MLP,20180115,16.35,16.35,16.35,16.35,0
MLR,20180115,25.75,25.75,25.75,25.75,0
MMC,20180115,81.74,81.74,81.74,81.74,0
MMD,20180115,19.81,19.81,19.81,19.81,0
MMI,20180115,31.02,31.02,31.02,31.02,0
MMM,20180115,244.47,244.47,244.47,244.47,0
MMP,20180115,74.62,74.62,74.62,74.62,0
MMS,20180115,71.89,71.89,71.89,71.89,0
MMT,20180115,6.06,6.06,6.06,6.06,0
MMU,20180115,14.08,14.08,14.08,14.08,0
MN,20180115,3.8,3.8,3.8,3.8,0
MNE,20180115,13.5,13.5,13.5,13.5,0
MNK,20180115,23.5,23.5,23.5,23.5,0
MNP,20180115,15.1,15.1,15.1,15.1,0
MNR,20180115,17.05,17.05,17.05,17.05,0
MNR-C,20180115,25.085,25.085,25.085,25.085,0
MO,20180115,69.61,69.61,69.61,69.61,0
MOD,20180115,21.8,21.8,21.8,21.8,0
MODN,20180115,15.9,15.9,15.9,15.9,0
MOG.A,20180115,88.78,88.78,88.78,88.78,0
MOG.B,20180115,88.58,88.58,88.58,88.58,0
MOH,20180115,85.82,85.82,85.82,85.82,0
MOS,20180115,27.22,27.22,27.22,27.22,0
MOV,20180115,32.85,32.85,32.85,32.85,0
MPA,20180115,14.31,14.31,14.31,14.31,0
MPC,20180115,71.42,71.42,71.42,71.42,0
MPLX,20180115,38.78,38.78,38.78,38.78,0
MPV,20180115,14.52,14.52,14.52,14.52,0
MPW,20180115,12.76,12.76,12.76,12.76,0
MPX,20180115,13.53,13.53,13.53,13.53,0
MQT,20180115,12.91,12.91,12.91,12.91,0
MQY,20180115,15,15,15,15,0
MRC,20180115,18.98,18.98,18.98,18.98,0
MRK,20180115,58.66,58.66,58.66,58.66,0
MRO,20180115,18.82,18.82,18.82,18.82,0
MS,20180115,55.12,55.12,55.12,55.12,0
MS-A,20180115,22.72,22.72,22.72,22.72,0
MS-E,20180115,28.85,28.85,28.85,28.85,0
MS-F,20180115,28.41,28.41,28.41,28.41,0
MS-I,20180115,27.4,27.4,27.4,27.4,0
MS-K,20180115,26.78,26.78,26.78,26.78,0
MSA,20180115,80.05,80.05,80.05,80.05,0
MSB,20180115,28.75,28.75,28.75,28.75,0
MSCI,20180115,135.89,135.89,135.89,135.89,0
MSD,20180115,9.88,9.88,9.88,9.88,0
MSG,20180115,212.99,212.99,212.99,212.99,0
MSGN,20180115,21.6,21.6,21.6,21.6,0
MSI,20180115,96.57,96.57,96.57,96.57,0
MSM,20180115,94.75,94.75,94.75,94.75,0
MT,20180115,37.16,37.16,37.16,37.16,0
MTB,20180115,178.52,178.52,178.52,178.52,0
MTD,20180115,650.6,650.6,650.6,650.6,0
MTDR,20180115,32.75,32.75,32.75,32.75,0
MTG,20180115,15.12,15.12,15.12,15.12,0
MTH,20180115,52.9,52.9,52.9,52.9,0
MTL,20180115,5.4,5.4,5.4,5.4,0
MTL.P,20180115,1.18,1.18,1.18,1.18,0
MTN,20180115,222.31,222.31,222.31,222.31,0
MTOR,20180115,24.52,24.52,24.52,24.52,0
MTR,20180115,18,18,18,18,0
MTRN,20180115,52.7,52.7,52.7,52.7,0
MTT,20180115,21.01,21.01,21.01,21.01,0
MTW,20180115,39.36,39.36,39.36,39.36,0
MTX,20180115,75.8,75.8,75.8,75.8,0
MTZ,20180115,52.5,52.5,52.5,52.5,0
MUA,20180115,14.68,14.68,14.68,14.68,0
MUC,20180115,14.1,14.1,14.1,14.1,0
MUE,20180115,13.71,13.71,13.71,13.71,0
MUH,20180115,14.59,14.59,14.59,14.59,0
MUI,20180115,13.79,13.79,13.79,13.79,0
MUJ,20180115,14.08,14.08,14.08,14.08,0
MUR,20180115,34.61,34.61,34.61,34.61,0
MUS,20180115,13.44,13.44,13.44,13.44,0
MUSA,20180115,86.09,86.09,86.09,86.09,0
MUX,20180115,2.38,2.38,2.38,2.38,0
MVC,20180115,10.78,10.78,10.78,10.78,0
MVCD,20180115,25.7,25.7,25.7,25.7,0
MVO,20180115,9.06,9.06,9.06,9.06,0
MVT,20180115,15.437,15.437,15.437,15.437,0
MWA,20180115,12.66,12.66,12.66,12.66,0
MX,20180115,11.25,11.25,11.25,11.25,0
MXE,20180115,10.61,10.61,10.61,10.61,0
MXF,20180115,16.26,16.26,16.26,16.26,0
MXL,20180115,26.78,26.78,26.78,26.78,0
MYC,20180115,14.79,14.79,14.79,14.79,0
MYD,20180115,14.44,14.44,14.44,14.44,0
MYE,20180115,21.3,21.3,21.3,21.3,0
MYF,20180115,14.63,14.63,14.63,14.63,0
MYI,20180115,13.49,13.49,13.49,13.49,0
MYJ,20180115,15.49,15.49,15.49,15.49,0
MYN,20180115,12.76,12.76,12.76,12.76,0
MYOV,20180115,14.1,14.1,14.1,14.1,0
NAC,20180115,14.19,14.19,14.19,14.19,0
NAD,20180115,13.76,13.76,13.76,13.76,0
NAN,20180115,13.63,13.63,13.63,13.63,0
NAT,20180115,2.63,2.63,2.63,2.63,0
NAV,20180115,45.4,45.4,45.4,45.4,0
NAV-D,20180115,17.1,17.1,17.1,17.1,0
NAZ,20180115,14.055,14.055,14.055,14.055,0
NBB,20180115,21.41,21.41,21.41,21.41,0
NBHC,20180115,33.58,33.58,33.58,33.58,0
NBR,20180115,8.19,8.19,8.19,8.19,0
NC,20180115,41.6,41.6,41.6,41.6,0
NCA,20180115,10.23,10.23,10.23,10.23,0
NCB,20180115,17.22,17.22,17.22,17.22,0
NCLH,20180115,57.85,57.85,57.85,57.85,0
NCR,20180115,35.85,35.85,35.85,35.85,0
NCV,20180115,7.1,7.1,7.1,7.1,0
NCZ,20180115,6.25,6.25,6.25,6.25,0
NDP,20180115,14.2,14.2,14.2,14.2,0
NE,20180115,5.77,5.77,5.77,5.77,0
NEA,20180115,13.56,13.56,13.56,13.56,0
NEE,20180115,150.32,150.32,150.32,150.32,0
NEE-I,20180115,25.02,25.02,25.02,25.02,0
NEE-J,20180115,24.82,24.82,24.82,24.82,0
NEE-K,20180115,25.18,25.18,25.18,25.18,0
NEM,20180115,39.79,39.79,39.79,39.79,0
NEP,20180115,40.31,40.31,40.31,40.31,0
NEU,20180115,397.63,397.63,397.63,397.63,0
NEV,20180115,14.15,14.15,14.15,14.15,0
NEWR,20180115,60.39,60.39,60.39,60.39,0
NEXA,20180115,20.25,20.25,20.25,20.25,0
NFG,20180115,56.14,56.14,56.14,56.14,0
NFJ,20180115,13.47,13.47,13.47,13.47,0
NGG,20180115,57.58,57.58,57.58,57.58,0
NGL,20180115,16.6,16.6,16.6,16.6,0
NGL-A,20180115,26.59,26.59,26.59,26.59,0
NGL-B,20180115,24.84,24.84,24.84,24.84,0
NGS,20180115,28.8,28.8,28.8,28.8,0
NGVC,20180115,8.33,8.33,8.33,8.33,0
NGVT,20180115,74.55,74.55,74.55,74.55,0
NHA,20180115,9.58,9.58,9.58,9.58,0
NHF,20180115,24.92,24.92,24.92,24.92,0
NHI,20180115,69.74,69.74,69.74,69.74,0
NI,20180115,24.07,24.07,24.07,24.07,0
NID,20180115,12.95,12.95,12.95,12.95,0
NIE,20180115,22.27,22.27,22.27,22.27,0
NIM,20180115,9.88,9.88,9.88,9.88,0
NIQ,20180115,12.75,12.75,12.75,12.75,0
NJR,20180115,39.45,39.45,39.45,39.45,0
NJV,20180115,13.98,13.98,13.98,13.98,0
NKE,20180115,64.67,64.67,64.67,64.67,0
NKG,20180115,12.44,12.44,12.44,12.44,0
NKX,20180115,15.21,15.21,15.21,15.21,0
NL,20180115,14.45,14.45,14.45,14.45,0
NLS,20180115,13.25,13.25,13.25,13.25,0
NLSN,20180115,37.46,37.46,37.46,37.46,0
NLY,20180115,11.3,11.3,11.3,11.3,0
NLY-D,20180115,25.51,25.51,25.51,25.51,0
NLY-F,20180115,25.85,25.85,25.85,25.85,0
NM,20180115,14.1,14.1,14.1,14.1,0
NM-G,20180115,17.185,17.185,17.185,17.185,0
NM-H,20180115,16.51,16.51,16.51,16.51,0
NMFC,20180115,13.5,13.5,13.5,13.5,0
NMI,20180115,11.46,11.46,11.46,11.46,0
NMK-B,20180115,96.78,96.78,96.78,96.78,0
NMK-C,20180115,99.5,99.5,99.5,99.5,0
NMM,20180115,36.6,36.6,36.6,36.6,0
NMR,20180115,6.59,6.59,6.59,6.59,0
NMS,20180115,14.58,14.58,14.58,14.58,0
NMT,20180115,14.21,14.21,14.21,14.21,0
NMY,20180115,12.47,12.47,12.47,12.47,0
NMZ,20180115,13.6,13.6,13.6,13.6,0
NNA,20180115,16.5,16.5,16.5,16.5,0
NNI,20180115,54.57,54.57,54.57,54.57,0
NNN,20180115,39.95,39.95,39.95,39.95,0
NNN-F,20180115,24.78,24.78,24.78,24.78,0
NNY,20180115,9.45,9.45,9.45,9.45,0
NOA,20180115,4.95,4.95,4.95,4.95,0
NOAH,20180115,51.3,51.3,51.3,51.3,0
NOC,20180115,315.15,315.15,315.15,315.15,0
NOK,20180115,4.87,4.87,4.87,4.87,0
NOM,20180115,13.81,13.81,13.81,13.81,0
NOMD,20180115,16.3,16.3,16.3,16.3,0
NOV,20180115,39.14,39.14,39.14,39.14,0
NOW,20180115,138.19,138.19,138.19,138.19,0
NP,20180115,92.8,92.8,92.8,92.8,0
NPK,20180115,107.1,107.1,107.1,107.1,0
NPN,20180115,15.17,15.17,15.17,15.17,0
NPO,20180115,92.96,92.96,92.96,92.96,0
NPTN,20180115,6.69,6.69,6.69,6.69,0
NPV,20180115,12.77,12.77,12.77,12.77,0
NQP,20180115,13.09,13.09,13.09,13.09,0
NR,20180115,9.85,9.85,9.85,9.85,0
NRG,20180115,28.7,28.7,28.7,28.7,0
NRK,20180115,12.8,12.8,12.8,12.8,0
NRP,20180115,32.45,32.45,32.45,32.45,0
NRT,20180115,9.03,9.03,9.03,9.03,0
NRZ,20180115,17.74,17.74,17.74,17.74,0
NS,20180115,34.22,34.22,34.22,34.22,0
NS-A,20180115,25.25,25.25,25.25,25.25,0
NS-B,20180115,23.91,23.91,23.91,23.91,0
NS-C,20180115,25.83,25.83,25.83,25.83,0
NSA,20180115,25.9,25.9,25.9,25.9,0
NSA-A,20180115,25.89,25.89,25.89,25.89,0
NSC,20180115,154.34,154.34,154.34,154.34,0
NSL,20180115,6.48,6.48,6.48,6.48,0
NSP,20180115,59.05,59.05,59.05,59.05,0
NSS,20180115,25.25,25.25,25.25,25.25,0
NTB,20180115,40.23,40.23,40.23,40.23,0
NTG,20180115,19.61,19.61,19.61,19.61,0
NTP,20180115,12.55,12.55,12.55,12.55,0
NTR,20180115,53.43,53.43,53.43,53.43,0
NTX,20180115,14.22,14.22,14.22,14.22,0
NTZ,20180115,8.55,8.55,8.55,8.55,0
NUE,20180115,69.02,69.02,69.02,69.02,0
NUM,20180115,13.19,13.19,13.19,13.19,0
NUO,20180115,14.63,14.63,14.63,14.63,0
NUS,20180115,68.67,68.67,68.67,68.67,0
NUV,20180115,10.06,10.06,10.06,10.06,0
NUW,20180115,17.1,17.1,17.1,17.1,0
NVG,20180115,15.3,15.3,15.3,15.3,0
NVGS,20180115,10.75,10.75,10.75,10.75,0
NVO,20180115,55.04,55.04,55.04,55.04,0
NVR,20180115,3558.23,3558.23,3558.23,3558.23,0
NVRO,20180115,78.56,78.56,78.56,78.56,0
NVS,20180115,76.2199,76.2199,76.2199,76.2199,0
NVTA,20180115,7.58,7.58,7.58,7.58,0
NWE,20180115,55.4,55.4,55.4,55.4,0
NWHM,20180115,12.65,12.65,12.65,12.65,0
NWN,20180115,57,57,57,57,0
NX,20180115,22.5,22.5,22.5,22.5,0
NXC,20180115,15.25,15.25,15.25,15.25,0
NXJ,20180115,13.54,13.54,13.54,13.54,0
NXN,20180115,13.89,13.89,13.89,13.89,0
NXP,20180115,14.54,14.54,14.54,14.54,0
NXQ,20180115,13.96,13.96,13.96,13.96,0
NXR,20180115,14.76,14.76,14.76,14.76,0
NXRT,20180115,26.86,26.86,26.86,26.86,0
NYC-A,20180115,28.53,28.53,28.53,28.53,0
NYC-U,20180115,50.85,50.85,50.85,50.85,0
NYCB,20180115,13.64,13.64,13.64,13.64,0
NYT,20180115,20.25,20.25,20.25,20.25,0
NYV,20180115,14.42,14.42,14.42,14.42,0
NZF,20180115,15,15,15,15,0
O,20180115,52.72,52.72,52.72,52.72,0
OAK-A,20180115,25.03,25.03,25.03,25.03,0
OBE,20180115,8.68,8.68,8.68,8.68,0
OC,20180115,95.92,95.92,95.92,95.92,0
OCN,20180115,3.05,3.05,3.05,3.05,0
ODC,20180115,42.13,42.13,42.13,42.13,0
OEC,20180115,27,27,27,27,0
OFC,20180115,27.15,27.15,27.15,27.15,0
OFG,20180115,9.25,9.25,9.25,9.25,0
OFG-A,20180115,23.8,23.8,23.8,23.8,0
OFG-B,20180115,22.007,22.007,22.007,22.007,0
OFG-D,20180115,22.62,22.62,22.62,22.62,0
OGE,20180115,30.74,30.74,30.74,30.74,0
OGS,20180115,68.91,68.91,68.91,68.91,0
OHI,20180115,26.12,26.12,26.12,26.12,0
OI,20180115,22.44,22.44,22.44,22.44,0
OIA,20180115,8.21,8.21,8.21,8.21,0
OIB.C,20180115,5.2,5.2,5.2,5.2,0
OII,20180115,22.44,22.44,22.44,22.44,0
OIS,20180115,34.05,34.05,34.05,34.05,0
OKE,20180115,58.67,58.67,58.67,58.67,0
OLN,20180115,38.07,38.07,38.07,38.07,0
OLP,20180115,25.4,25.4,25.4,25.4,0
OMC,20180115,75.92,75.92,75.92,75.92,0
OMF,20180115,34.08,34.08,34.08,34.08,0
OMI,20180115,20.66,20.66,20.66,20.66,0
OMN,20180115,10.7,10.7,10.7,10.7,0
ONDK,20180115,5.36,5.36,5.36,5.36,0
OOMA,20180115,11.8,11.8,11.8,11.8,0
OPP,20180115,18.32,18.32,18.32,18.32,0
OPY,20180115,26.75,26.75,26.75,26.75,0
OR,20180115,11.91,11.91,11.91,11.91,0
ORA,20180115,66.07,66.07,66.07,66.07,0
ORAN,20180115,17.58,17.58,17.58,17.58,0
ORC,20180115,7.87,7.87,7.87,7.87,0
ORCL,20180115,49.51,49.51,49.51,49.51,0
ORI,20180115,19.79,19.79,19.79,19.79,0
ORN,20180115,8.04,8.04,8.04,8.04,0
OSB,20180115,34.24,34.24,34.24,34.24,0
OSG,20180115,2.74,2.74,2.74,2.74,0
OSK,20180115,92.29,92.29,92.29,92.29,0
OSLE,20180115,25.08,25.08,25.08,25.08,0
OUT,20180115,21.93,21.93,21.93,21.93,0
OXM,20180115,82.28,82.28,82.28,82.28,0
OXY,20180115,76.53,76.53,76.53,76.53,0
PAA,20180115,23.96,23.96,23.96,23.96,0
PAC,20180115,102.12,102.12,102.12,102.12,0
PAG,20180115,53.31,53.31,53.31,53.31,0
PAGP,20180115,24.14,24.14,24.14,24.14,0
PAI,20180115,15.34,15.34,15.34,15.34,0
PAM,20180115,70.49,70.49,70.49,70.49,0
PANW,20180115,153.52,153.52,153.52,153.52,0
PAR,20180115,8.67,8.67,8.67,8.67,0
PAYC,20180115,88.75,88.75,88.75,88.75,0
PB,20180115,74.98,74.98,74.98,74.98,0
PBA,20180115,35.43,35.43,35.43,35.43,0
PBB,20180115,26.07,26.07,26.07,26.07,0
PBF,20180115,35.12,35.12,35.12,35.12,0
PBFX,20180115,21.5,21.5,21.5,21.5,0
PBH,20180115,44.84,44.84,44.84,44.84,0
PBI,20180115,13.18,13.18,13.18,13.18,0
PBI-B,20180115,24.46,24.46,24.46,24.46,0
PBR,20180115,11.47,11.47,11.47,11.47,0
PBR.A,20180115,10.82,10.82,10.82,10.82,0
PBT,20180115,9.37,9.37,9.37,9.37,0
PCF,20180115,9.09,9.09,9.09,9.09,0
PCG,20180115,43.82,43.82,43.82,43.82,0
PCI,20180115,22.27,22.27,22.27,22.27,0
PCK,20180115,9.23,9.23,9.23,9.23,0
PCM,20180115,11.13,11.13,11.13,11.13,0
PCN,20180115,17.06,17.06,17.06,17.06,0
PCQ,20180115,17.26,17.26,17.26,17.26,0
PDI,20180115,29.79,29.79,29.79,29.79,0
PDM,20180115,19.27,19.27,19.27,19.27,0
PDS,20180115,3.71,3.71,3.71,3.71,0
PDT,20180115,16.32,16.32,16.32,16.32,0
PE,20180115,29.11,29.11,29.11,29.11,0
PEB,20180115,37.97,37.97,37.97,37.97,0
PEB-C,20180115,25.27,25.27,25.27,25.27,0
PEB-D,20180115,25.38,25.38,25.38,25.38,0
PEG,20180115,50.1,50.1,50.1,50.1,0
PEI,20180115,11.7,11.7,11.7,11.7,0
PEI-B,20180115,25.17,25.17,25.17,25.17,0
PEI-C,20180115,25.51,25.51,25.51,25.51,0
PEI-D,20180115,24.88,24.88,24.88,24.88,0
PEN,20180115,91.15,91.15,91.15,91.15,0
PEO,20180115,21.22,21.22,21.22,21.22,0
PER,20180115,2.36,2.36,2.36,2.36,0
PFD,20180115,14.6,14.6,14.6,14.6,0
PFE,20180115,36.54,36.54,36.54,36.54,0
PFGC,20180115,33,33,33,33,0
PFH,20180115,15.73,15.73,15.73,15.73,0
PFL,20180115,11.61,11.61,11.61,11.61,0
PFN,20180115,10.3,10.3,10.3,10.3,0
PFO,20180115,11.54,11.54,11.54,11.54,0
PFS,20180115,28.03,28.03,28.03,28.03,0
PFSI,20180115,23.4,23.4,23.4,23.4,0
PG,20180115,89.61,89.61,89.61,89.61,0
PGP,20180115,13.9,13.9,13.9,13.9,0
PGR,20180115,55.94,55.94,55.94,55.94,0
PGRE,20180115,15.16,15.16,15.16,15.16,0
PGTI,20180115,17.45,17.45,17.45,17.45,0
PGZ,20180115,17.15,17.15,17.15,17.15,0
PH,20180115,210.04,210.04,210.04,210.04,0
PHD,20180115,11.55,11.55,11.55,11.55,0
PHG,20180115,40.64,40.64,40.64,40.64,0
PHI,20180115,28.47,28.47,28.47,28.47,0
PHK,20180115,7.76,7.76,7.76,7.76,0
PHM,20180115,34.48,34.48,34.48,34.48,0
PHT,20180115,9.82,9.82,9.82,9.82,0
PHX,20180115,22.7,22.7,22.7,22.7,0
PII,20180115,130.03,130.03,130.03,130.03,0
PIM,20180115,4.78,4.78,4.78,4.78,0
PIR,20180115,83.6,83.6,83.6,83.6,0
PIY,20180115,16.44,16.44,16.44,16.44,0
PJH,20180115,25.28,25.28,25.28,25.28,0
PJT,20180115,48.86,48.86,48.86,48.86,0
PK,20180115,28.95,28.95,28.95,28.95,0
PKD,20180115,20.25,20.25,20.25,20.25,0
PKE,20180115,22.05,22.05,22.05,22.05,0
PKG,20180115,128.32,128.32,128.32,128.32,0
PKI,20180115,78.89,78.89,78.89,78.89,0
PKO,20180115,26,26,26,26,0
PKX,20180115,90.34,90.34,90.34,90.34,0
PLD,20180115,61.85,61.85,61.85,61.85,0
PLNT,20180115,32.37,32.37,32.37,32.37,0
PLOW,20180115,40.5,40.5,40.5,40.5,0
PLT,20180115,55.04,55.04,55.04,55.04,0
PM,20180115,104.5,104.5,104.5,104.5,0
PMF,20180115,13.19,13.19,13.19,13.19,0
PML,20180115,13.21,13.21,13.21,13.21,0
PMM,20180115,7.35,7.35,7.35,7.35,0
PMO,20180115,12.43,12.43,12.43,12.43,0
PMT,20180115,15.97,15.97,15.97,15.97,0
PMT-A,20180115,25.15,25.15,25.15,25.15,0
PMT-B,20180115,25.05,25.05,25.05,25.05,0
PMX,20180115,11.55,11.55,11.55,11.55,0
PNC,20180115,151.84,151.84,151.84,151.84,0
PNC-P,20180115,28.18,28.18,28.18,28.18,0
PNC-Q,20180115,25.13,25.13,25.13,25.13,0
PNF,20180115,12.59,12.59,12.59,12.59,0
PNI,20180115,11.72,11.72,11.72,11.72,0
PNM,20180115,35.7,35.7,35.7,35.7,0
PNR,20180115,49.5246,49.5246,49.5246,49.5246,0
PNW,20180115,79.22,79.22,79.22,79.22,0
POL,20180115,45.65,45.65,45.65,45.65,0
POR,20180115,42.62,42.62,42.62,42.62,0
POST,20180115,80.6,80.6,80.6,80.6,0
PPG,20180115,118.17,118.17,118.17,118.17,0
PPL,20180115,31.08,31.08,31.08,31.08,0
PPR,20180115,5.07,5.07,5.07,5.07,0
PPT,20180115,5.26,5.26,5.26,5.26,0
PPX,20180115,25.58,25.58,25.58,25.58,0
PQG,20180115,16.89,16.89,16.89,16.89,0
PRA,20180115,54.95,54.95,54.95,54.95,0
PRE-F,20180115,25.35,25.35,25.35,25.35,0
PRE-G,20180115,26.69,26.69,26.69,26.69,0
PRE-H,20180115,28.335,28.335,28.335,28.335,0
PRE-I,20180115,25.87,25.87,25.87,25.87,0
PRGO,20180115,91.8,91.8,91.8,91.8,0
PRH,20180115,25.15,25.15,25.15,25.15,0
PRI,20180115,103.9,103.9,103.9,103.9,0
PRLB,20180115,109.35,109.35,109.35,109.35,0
PRO,20180115,28.66,28.66,28.66,28.66,0
PRTY,20180115,15.5,15.5,15.5,15.5,0
PRU,20180115,124.12,124.12,124.12,124.12,0
PSA,20180115,193.55,193.55,193.55,193.55,0
PSA-B,20180115,25.66,25.66,25.66,25.66,0
PSA-C,20180115,25.16,25.16,25.16,25.16,0
PSA-D,20180115,24.62,24.62,24.62,24.62,0
PSA-E,20180115,24.57,24.57,24.57,24.57,0
PSA-F,20180115,24.94,24.94,24.94,24.94,0
PSA-G,20180115,24.75,24.75,24.75,24.75,0
PSA-V,20180115,25.11,25.11,25.11,25.11,0
PSA-W,20180115,24.96,24.96,24.96,24.96,0
PSA-X,20180115,24.98,24.98,24.98,24.98,0
PSB,20180115,116.25,116.25,116.25,116.25,0
PSB-W,20180115,24.95,24.95,24.95,24.95,0
PSB-X,20180115,25.2,25.2,25.2,25.2,0
PSB-Y,20180115,24.79,24.79,24.79,24.79,0
PSF,20180115,28.81,28.81,28.81,28.81,0
PSO,20180115,9.9,9.9,9.9,9.9,0
PSTG,20180115,16.47,16.47,16.47,16.47,0
PSX,20180115,104.97,104.97,104.97,104.97,0
PSXP,20180115,55.15,55.15,55.15,55.15,0
PTR,20180115,76.84,76.84,76.84,76.84,0
PTY,20180115,16.49,16.49,16.49,16.49,0
PUK,20180115,54.28,54.28,54.28,54.28,0
PUK-A,20180115,26.13,26.13,26.13,26.13,0
PUK.P,20180115,26.17,26.17,26.17,26.17,0
PUMP,20180115,21.09,21.09,21.09,21.09,0
PVG,20180115,11.15,11.15,11.15,11.15,0
PVH,20180115,143.63,143.63,143.63,143.63,0
PWR,20180115,39.44,39.44,39.44,39.44,0
PXD,20180115,186.15,186.15,186.15,186.15,0
PYN,20180115,9.92,9.92,9.92,9.92,0
PYS,20180115,20.22,20.22,20.22,20.22,0
PYT,20180115,20.8,20.8,20.8,20.8,0
PZC,20180115,10.6,10.6,10.6,10.6,0
PZN,20180115,11.86,11.86,11.86,11.86,0
QD,20180115,12,12,12,12,0
QEP,20180115,11.09,11.09,11.09,11.09,0
QGEN,20180115,32.65,32.65,32.65,32.65,0
QHC,20180115,7.04,7.04,7.04,7.04,0
QSR,20180115,61.22,61.22,61.22,61.22,0
QTS,20180115,51.65,51.65,51.65,51.65,0
QTWO,20180115,37.9,37.9,37.9,37.9,0
QUAD,20180115,24.18,24.18,24.18,24.18,0
QUOT,20180115,11.95,11.95,11.95,11.95,0
R,20180115,89.82,89.82,89.82,89.82,0
RA,20180115,23.93,23.93,23.93,23.93,0
RACE,20180115,117.84,117.84,117.84,117.84,0
RAD,20180115,47.8,47.8,47.8,47.8,0
RBA,20180115,32.1,32.1,32.1,32.1,0
RBC,20180115,78.05,78.05,78.05,78.05,0
RBS,20180115,8.44,8.44,8.44,8.44,0
RCI,20180115,50.04,50.04,50.04,50.04,0
RCL,20180115,127.53,127.53,127.53,127.53,0
RCS,20180115,9.15,9.15,9.15,9.15,0
RDN,20180115,22.13,22.13,22.13,22.13,0
RDS.A,20180115,70.88,70.88,70.88,70.88,0
RDS.B,20180115,72.7,72.7,72.7,72.7,0
RDY,20180115,38.2,38.2,38.2,38.2,0
RE,20180115,224.2,224.2,224.2,224.2,0
RELX,20180115,23.21,23.21,23.21,23.21,0
RENN,20180115,11.42,11.42,11.42,11.42,0
RES,20180115,24.54,24.54,24.54,24.54,0
RESI,20180115,11.42,11.42,11.42,11.42,0
REV,20180115,22.25,22.25,22.25,22.25,0
REVG,20180115,31.69,31.69,31.69,31.69,0
REX,20180115,84.7,84.7,84.7,84.7,0
REX-A,20180115,25.4,25.4,25.4,25.4,0
REX-B,20180115,25,25,25,25,0
REXR,20180115,28.38,28.38,28.38,28.38,0
RF,20180115,18.28,18.28,18.28,18.28,0
RF-A,20180115,25.39,25.39,25.39,25.39,0
RF-B,20180115,28.03,28.03,28.03,28.03,0
RFI,20180115,12.59,12.59,12.59,12.59,0
RFP,20180115,11.45,11.45,11.45,11.45,0
RGA,20180115,163.98,163.98,163.98,163.98,0
RGR,20180115,54.05,54.05,54.05,54.05,0
RGS,20180115,15.37,15.37,15.37,15.37,0
RGT,20180115,11.32,11.32,11.32,11.32,0
RH,20180115,95.87,95.87,95.87,95.87,0
RHI,20180115,56.36,56.36,56.36,56.36,0
RHP,20180115,74.33,74.33,74.33,74.33,0
RIG,20180115,12.2,12.2,12.2,12.2,0
RIO,20180115,57.67,57.67,57.67,57.67,0
RIV,20180115,20.85,20.85,20.85,20.85,0
RJF,20180115,96.79,96.79,96.79,96.79,0
RL,20180115,106.79,106.79,106.79,106.79,0
RLGY,20180115,27,27,27,27,0
RLH,20180115,10.15,10.15,10.15,10.15,0
RLI,20180115,59.63,59.63,59.63,59.63,0
RLJ,20180115,22.14,22.14,22.14,22.14,0
RLJ-A,20180115,26.5,26.5,26.5,26.5,0
RM,20180115,28.26,28.26,28.26,28.26,0
RMAX,20180115,49,49,49,49,0
RMD,20180115,87.78,87.78,87.78,87.78,0
RMP.P,20180115,25.12,25.12,25.12,25.12,0
RMT,20180115,9.78,9.78,9.78,9.78,0
RNG,20180115,52.35,52.35,52.35,52.35,0
RNGR,20180115,10.27,10.27,10.27,10.27,0
RNP,20180115,20.08,20.08,20.08,20.08,0
RNR,20180115,120.51,120.51,120.51,120.51,0
RNR-C,20180115,25.4,25.4,25.4,25.4,0
RNR-E,20180115,24.61,24.61,24.61,24.61,0
ROG,20180115,171.61,171.61,171.61,171.61,0
ROK,20180115,207.92,207.92,207.92,207.92,0
ROL,20180115,31.7467,31.7467,31.7467,31.7467,0
ROP,20180115,275.28,275.28,275.28,275.28,0
ROYT,20180115,2.41,2.41,2.41,2.41,0
RPAI,20180115,12.38,12.38,12.38,12.38,0
RPM,20180115,53.29,53.29,53.29,53.29,0
RPT,20180115,13.75,13.75,13.75,13.75,0
RPT-D,20180115,55.75,55.75,55.75,55.75,0
RQI,20180115,11.9,11.9,11.9,11.9,0
RRC,20180115,17.58,17.58,17.58,17.58,0
RRD,20180115,9.64,9.64,9.64,9.64,0
RRTS,20180115,204.75,204.75,204.75,204.75,0
RS,20180115,90.45,90.45,90.45,90.45,0
RSG,20180115,68.38,68.38,68.38,68.38,0
RST,20180115,12.6,12.6,12.6,12.6,0
RTN,20180115,197.46,197.46,197.46,197.46,0
RUBI,20180115,2.38,2.38,2.38,2.38,0
RVT,20180115,16.95,16.95,16.95,16.95,0
RWT,20180115,15.16,15.16,15.16,15.16,0
RXN,20180115,27.84,27.84,27.84,27.84,0
RY,20180115,84.35,84.35,84.35,84.35,0
RY-T,20180115,29.55,29.55,29.55,29.55,0
RYAM,20180115,19.92,19.92,19.92,19.92,0
RYB,20180115,16.85,16.85,16.85,16.85,0
RYI,20180115,12.45,12.45,12.45,12.45,0
RYN,20180115,32.44,32.44,32.44,32.44,0
RZA,20180115,27.83,27.83,27.83,27.83,0
RZB,20180115,28,28,28,28,0
S,20180115,5.69,5.69,5.69,5.69,0
SA,20180115,11.1,11.1,11.1,11.1,0
SAB,20180115,25.96,25.96,25.96,25.96,0
SAFE,20180115,17.93,17.93,17.93,17.93,0
SAH,20180115,22.25,22.25,22.25,22.25,0
SAIC,20180115,78.25,78.25,78.25,78.25,0
SAIL,20180115,16.45,16.45,16.45,16.45,0
SALT,20180115,7.85,7.85,7.85,7.85,0
SAM,20180115,190.5,190.5,190.5,190.5,0
SAN,20180115,7.17,7.17,7.17,7.17,0
SAN-B,20180115,24.43,24.43,24.43,24.43,0
SAP,20180115,110.13,110.13,110.13,110.13,0
SAR,20180115,22.43,22.43,22.43,22.43,0
SAVE,20180115,48.26,48.26,48.26,48.26,0
SB,20180115,3.6,3.6,3.6,3.6,0
SB-C,20180115,23.65,23.65,23.65,23.65,0
SB-D,20180115,23.57,23.57,23.57,23.57,0
SBGL,20180115,5.48,5.48,5.48,5.48,0
SBH,20180115,18.37,18.37,18.37,18.37,0
SBI,20180115,9.33,9.33,9.33,9.33,0
SBNA,20180115,24.7,24.7,24.7,24.7,0
SBOW,20180115,32.82,32.82,32.82,32.82,0
SBR,20180115,48.74,48.74,48.74,48.74,0
SBS,20180115,10.51,10.51,10.51,10.51,0
SC,20180115,18.79,18.79,18.79,18.79,0
SCA,20180115,25.31,25.31,25.31,25.31,0
SCCO,20180115,49.93,49.93,49.93,49.93,0
SCD,20180115,14.31,14.31,14.31,14.31,0
SCE-G,20180115,24.4,24.4,24.4,24.4,0
SCE-H,20180115,26.19,26.19,26.19,26.19,0
SCE-J,20180115,25.52,25.52,25.52,25.52,0
SCE-K,20180115,26.17,26.17,26.17,26.17,0
SCE-L,20180115,24.01,24.01,24.01,24.01,0
SCH-C,20180115,26.51,26.51,26.51,26.51,0
SCH-D,20180115,26.82,26.82,26.82,26.82,0
SCHW,20180115,55.39,55.39,55.39,55.39,0
SCI,20180115,38.07,38.07,38.07,38.07,0
SCL,20180115,79.31,79.31,79.31,79.31,0
SCM,20180115,12.69,12.69,12.69,12.69,0
SCS,20180115,15.4,15.4,15.4,15.4,0
SCX,20180115,8.95,8.95,8.95,8.95,0
SD,20180115,21.16,21.16,21.16,21.16,0
SDRL,20180115,76.0467,76.0467,76.0467,76.0467,0
SE,20180115,12.97,12.97,12.97,12.97,0
SEAS,20180115,14.84,14.84,14.84,14.84,0
SEE,20180115,48.86,48.86,48.86,48.86,0
SEM,20180115,18,18,18,18,0
SERV,20180115,53.22,53.22,53.22,53.22,0
SF,20180115,67.48,67.48,67.48,67.48,0
SF-A,20180115,26.53,26.53,26.53,26.53,0
SFB,20180115,24.92,24.92,24.92,24.92,0
SFE,20180115,11.15,11.15,11.15,11.15,0
SFL,20180115,15.7,15.7,15.7,15.7,0
SFUN,20180115,26.25,26.25,26.25,26.25,0
SGU,20180115,10.79,10.79,10.79,10.79,0
SHAK,20180115,43.15,43.15,43.15,43.15,0
SHG,20180115,50.01,50.01,50.01,50.01,0
SHI,20180115,61.32,61.32,61.32,61.32,0
SHLX,20180115,30.53,30.53,30.53,30.53,0
SHO,20180115,16.64,16.64,16.64,16.64,0
SHO-E,20180115,26.16,26.16,26.16,26.16,0
SHO-F,20180115,25.35,25.35,25.35,25.35,0
SHOP,20180115,112.8,112.8,112.8,112.8,0
SHW,20180115,432.84,432.84,432.84,432.84,0
SID,20180115,3.31,3.31,3.31,3.31,0
SIG,20180115,56.94,56.94,56.94,56.94,0
SITE,20180115,71.48,71.48,71.48,71.48,0
SIX,20180115,67.97,67.97,67.97,67.97,0
SJI,20180115,29.71,29.71,29.71,29.71,0
SJM,20180115,123.43,123.43,123.43,123.43,0
SJR,20180115,21.78,21.78,21.78,21.78,0
SJT,20180115,8.54,8.54,8.54,8.54,0
SJW,20180115,58.38,58.38,58.38,58.38,0
SKM,20180115,27.8,27.8,27.8,27.8,0
SKT,20180115,25.13,25.13,25.13,25.13,0
SKX,20180115,38.55,38.55,38.55,38.55,0
SLB,20180115,77.97,77.97,77.97,77.97,0
SLCA,20180115,38,38,38,38,0
SLF,20180115,41.95,41.95,41.95,41.95,0
SLG,20180115,95.47,95.47,95.47,95.47,0
SLG-I,20180115,25.2,25.2,25.2,25.2,0
SM,20180115,26.84,26.84,26.84,26.84,0
SMFG,20180115,9.52,9.52,9.52,9.52,0
SMG,20180115,108.01,108.01,108.01,108.01,0
SMHI,20180115,13.97,13.97,13.97,13.97,0
SMLP,20180115,22.5,22.5,22.5,22.5,0
SMM,20180115,11.92,11.92,11.92,11.92,0
SMP,20180115,46.5,46.5,46.5,46.5,0
SNA,20180115,183.59,183.59,183.59,183.59,0
SNAP,20180115,14.11,14.11,14.11,14.11,0
SNDR,20180115,28.98,28.98,28.98,28.98,0
SNE,20180115,50.03,50.03,50.03,50.03,0
SNN,20180115,35.17,35.17,35.17,35.17,0
SNP,20180115,84.07,84.07,84.07,84.07,0
SNR,20180115,7.41,7.41,7.41,7.41,0
SNV,20180115,50.96,50.96,50.96,50.96,0
SNX,20180115,137.97,137.97,137.97,137.97,0
SO,20180115,44.84,44.84,44.84,44.84,0
SOGO,20180115,12.33,12.33,12.33,12.33,0
SOI,20180115,21.79,21.79,21.79,21.79,0
SOJA,20180115,26.38,26.38,26.38,26.38,0
SOJB,20180115,24.97,24.97,24.97,24.97,0
SOJC,20180115,24.63,24.63,24.63,24.63,0
SOL,20180115,3.06,3.06,3.06,3.06,0
SON,20180115,54.19,54.19,54.19,54.19,0
SOR,20180115,42.07,42.07,42.07,42.07,0
SPB,20180115,120.48,120.48,120.48,120.48,0
SPE,20180115,15.4,15.4,15.4,15.4,0
SPE-B,20180115,26.16,26.16,26.16,26.16,0
SPG,20180115,165.51,165.51,165.51,165.51,0
SPG-J,20180115,71.85,71.85,71.85,71.85,0
SPGI,20180115,177.64,177.64,177.64,177.64,0
SPH,20180115,25.74,25.74,25.74,25.74,0
SPL-A,20180115,21.1,21.1,21.1,21.1,0
SPLP,20180115,20.25,20.25,20.25,20.25,0
SPN,20180115,11.31,11.31,11.31,11.31,0
SPR,20180115,96.55,96.55,96.55,96.55,0
SPXC,20180115,32.93,32.93,32.93,32.93,0
SPXX,20180115,17.39,17.39,17.39,17.39,0
SQ,20180115,41.25,41.25,41.25,41.25,0
SQM,20180115,62.73,62.73,62.73,62.73,0
SQNS,20180115,2.05,2.05,2.05,2.05,0
SR,20180115,68.9,68.9,68.9,68.9,0
SRC,20180115,40.5,40.5,40.5,40.5,0
SRC-A,20180115,24.9,24.9,24.9,24.9,0
SRE,20180115,106.89,106.89,106.89,106.89,0
SRE-A,20180115,100.28,100.28,100.28,100.28,0
SRF,20180115,9.91,9.91,9.91,9.91,0
SRG,20180115,40.45,40.45,40.45,40.45,0
SRG-A,20180115,24.1,24.1,24.1,24.1,0
SRI,20180115,24.12,24.12,24.12,24.12,0
SRLP,20180115,25.7,25.7,25.7,25.7,0
SRT,20180115,10.12,10.12,10.12,10.12,0
SRV,20180115,12.85,12.85,12.85,12.85,0
SSD,20180115,58.9,58.9,58.9,58.9,0
SSI,20180115,1.75,1.75,1.75,1.75,0
SSL,20180115,36.2,36.2,36.2,36.2,0
SSTK,20180115,44.53,44.53,44.53,44.53,0
SSW,20180115,7.28,7.28,7.28,7.28,0
SSW-D,20180115,25,25,25,25,0
SSW-E,20180115,25.084,25.084,25.084,25.084,0
SSW-G,20180115,24.58,24.58,24.58,24.58,0
SSW-H,20180115,23.61,23.61,23.61,23.61,0
SSWA,20180115,23.66,23.66,23.66,23.66,0
ST,20180115,54.16,54.16,54.16,54.16,0
STA-C,20180115,26.44,26.44,26.44,26.44,0
STA-D,20180115,25.28,25.28,25.28,25.28,0
STA-G,20180115,25.35,25.35,25.35,25.35,0
STA-I,20180115,25.19,25.19,25.19,25.19,0
STAG,20180115,25.64,25.64,25.64,25.64,0
STAR,20180115,11.3,11.3,11.3,11.3,0
STC,20180115,46.05,46.05,46.05,46.05,0
STE,20180115,91.67,91.67,91.67,91.67,0
STK,20180115,23.74,23.74,23.74,23.74,0
STL,20180115,25.95,25.95,25.95,25.95,0
STL-A,20180115,26.28,26.28,26.28,26.28,0
STM,20180115,24.23,24.23,24.23,24.23,0
STN,20180115,28.25,28.25,28.25,28.25,0
STNG,20180115,32.3,32.3,32.3,32.3,0
STON,20180115,5.62,5.62,5.62,5.62,0
STOR,20180115,24.47,24.47,24.47,24.47,0
STT,20180115,107.24,107.24,107.24,107.24,0
STT-C,20180115,25,25,25,25,0
STT-D,20180115,27.02,27.02,27.02,27.02,0
STT-G,20180115,26.71,26.71,26.71,26.71,0
STWD,20180115,20.94,20.94,20.94,20.94,0
STZ,20180115,217.52,217.52,217.52,217.52,0
STZ.B,20180115,220.1,220.1,220.1,220.1,0
SU,20180115,37.97,37.97,37.97,37.97,0
SUI,20180115,87.19,87.19,87.19,87.19,0
SUM,20180115,31.85,31.85,31.85,31.85,0
SUN,20180115,31.59,31.59,31.59,31.59,0
SUP,20180115,16.5,16.5,16.5,16.5,0
SUPV,20180115,31.66,31.66,31.66,31.66,0
SWCH,20180115,17.25,17.25,17.25,17.25,0
SWK,20180115,173.42,173.42,173.42,173.42,0
SWM,20180115,47.26,47.26,47.26,47.26,0
SWN,20180115,5.47,5.47,5.47,5.47,0
SWP,20180115,124.65,124.65,124.65,124.65,0
SWX,20180115,75.75,75.75,75.75,75.75,0
SWZ,20180115,13.06,13.06,13.06,13.06,0
SXC,20180115,13.05,13.05,13.05,13.05,0
SXI,20180115,104.55,104.55,104.55,104.55,0
SXT,20180115,72.09,72.09,72.09,72.09,0
SYF,20180115,39.37,39.37,39.37,39.37,0
SYK,20180115,158.23,158.23,158.23,158.23,0
SYX,20180115,31,31,31,31,0
SYY,20180115,61.38,61.38,61.38,61.38,0
SZC,20180115,20.43,20.43,20.43,20.43,0
T,20180115,36.9,36.9,36.9,36.9,0
TAC,20180115,5.675,5.675,5.675,5.675,0
TAL,20180115,31.08,31.08,31.08,31.08,0
TAP,20180115,84.88,84.88,84.88,84.88,0
TAP.A,20180115,85.05,85.05,85.05,85.05,0
TARO,20180115,105.77,105.77,105.77,105.77,0
TBB,20180115,25.72,25.72,25.72,25.72,0
TBI,20180115,27.4,27.4,27.4,27.4,0
TCI,20180115,34,34,34,34,0
TCO,20180115,62.5,62.5,62.5,62.5,0
TCO-J,20180115,25.22,25.22,25.22,25.22,0
TCO-K,20180115,25.22,25.22,25.22,25.22,0
TCP,20180115,55.17,55.17,55.17,55.17,0
TCRZ,20180115,25.87,25.87,25.87,25.87,0
TCS,20180115,4.9,4.9,4.9,4.9,0
TD,20180115,58.86,58.86,58.86,58.86,0
TDA,20180115,24.79,24.79,24.79,24.79,0
TDC,20180115,38.32,38.32,38.32,38.32,0
TDE,20180115,25.01,25.01,25.01,25.01,0
TDF,20180115,22.76,22.76,22.76,22.76,0
TDG,20180115,292.5,292.5,292.5,292.5,0
TDI,20180115,24.85,24.85,24.85,24.85,0
TDJ,20180115,25.34,25.34,25.34,25.34,0
TDOC,20180115,32.65,32.65,32.65,32.65,0
TDS,20180115,27.16,27.16,27.16,27.16,0
TDW,20180115,28.8,28.8,28.8,28.8,0
TDW.A,20180115,3.04,3.04,3.04,3.04,0
TDW.B,20180115,2.48,2.48,2.48,2.48,0
TDY,20180115,193.28,193.28,193.28,193.28,0
TECK,20180115,30.64,30.64,30.64,30.64,0
TEF,20180115,9.95,9.95,9.95,9.95,0
TEI,20180115,11.56,11.56,11.56,11.56,0
TEL,20180115,100.17,100.17,100.17,100.17,0
TEN,20180115,64.69,64.69,64.69,64.69,0
TEO,20180115,38.77,38.77,38.77,38.77,0
TEVA,20180115,22.07,22.07,22.07,22.07,0
TEX,20180115,48.8,48.8,48.8,48.8,0
TFX,20180115,263.18,263.18,263.18,263.18,0
TG,20180115,19.8,19.8,19.8,19.8,0
TGH,20180115,24.75,24.75,24.75,24.75,0
TGI,20180115,29.35,29.35,29.35,29.35,0
TGNA,20180115,15.04,15.04,15.04,15.04,0
TGP,20180115,21.25,21.25,21.25,21.25,0
TGP-A,20180115,25.59,25.59,25.59,25.59,0
TGP-B,20180115,24.8,24.8,24.8,24.8,0
TGS,20180115,23,23,23,23,0
TGT,20180115,76.8,76.8,76.8,76.8,0
THC,20180115,16.25,16.25,16.25,16.25,0
THG,20180115,110.87,110.87,110.87,110.87,0
THGA,20180115,25.27,25.27,25.27,25.27,0
THO,20180115,156.5,156.5,156.5,156.5,0
THQ,20180115,18.17,18.17,18.17,18.17,0
THR,20180115,24.5,24.5,24.5,24.5,0
THS,20180115,48.87,48.87,48.87,48.87,0
THW,20180115,14.27,14.27,14.27,14.27,0
TIF,20180115,108.46,108.46,108.46,108.46,0
TISI,20180115,16.2,16.2,16.2,16.2,0
TJX,20180115,39.14,39.14,39.14,39.14,0
TK,20180115,10.54,10.54,10.54,10.54,0
TKC,20180115,9.68,9.68,9.68,9.68,0
TKR,20180115,52.2,52.2,52.2,52.2,0
TLI,20180115,10.56,10.56,10.56,10.56,0
TLK,20180115,31.34,31.34,31.34,31.34,0
TLRA,20180115,4.74,4.74,4.74,4.74,0
TLRD,20180115,22.21,22.21,22.21,22.21,0
TLYS,20180115,14.42,14.42,14.42,14.42,0
TM,20180115,137.2,137.2,137.2,137.2,0
TMHC,20180115,27.75,27.75,27.75,27.75,0
TMO,20180115,210.17,210.17,210.17,210.17,0
TMST,20180115,18.52,18.52,18.52,18.52,0
TNC,20180115,73.5,73.5,73.5,73.5,0
TNET,20180115,42.07,42.07,42.07,42.07,0
TNK,20180115,1.38,1.38,1.38,1.38,0
TNP,20180115,4.05,4.05,4.05,4.05,0
TNP-C,20180115,25.79,25.79,25.79,25.79,0
TNP-D,20180115,25.1,25.1,25.1,25.1,0
TNP-E,20180115,25.375,25.375,25.375,25.375,0
TOL,20180115,51.58,51.58,51.58,51.58,0
TOO-A,20180115,23.74,23.74,23.74,23.74,0
TOO-B,20180115,25,25,25,25,0
TOT,20180115,59.33,59.33,59.33,59.33,0
TPB,20180115,22.38,22.38,22.38,22.38,0
TPC,20180115,27.5,27.5,27.5,27.5,0
TPH,20180115,19.23,19.23,19.23,19.23,0
TPL,20180115,528.05,528.05,528.05,528.05,0
TPR,20180115,45.78,45.78,45.78,45.78,0
TPRE,20180115,14.15,14.15,14.15,14.15,0
TPVG,20180115,13.23,13.23,13.23,13.23,0
TPVY,20180115,25.42,25.42,25.42,25.42,0
TPX,20180115,63.95,63.95,63.95,63.95,0
TPZ,20180115,21.26,21.26,21.26,21.26,0
TR,20180115,35.7,35.7,35.7,35.7,0
TRC,20180115,21.16,21.16,21.16,21.16,0
TREC,20180115,13.85,13.85,13.85,13.85,0
TREX,20180115,58.605,58.605,58.605,58.605,0
TRGP,20180115,51.44,51.44,51.44,51.44,0
TRI,20180115,43.59,43.59,43.59,43.59,0
TRN,20180115,37.15,37.15,37.15,37.15,0
TRNO,20180115,34.13,34.13,34.13,34.13,0
TROX,20180115,21.5,21.5,21.5,21.5,0
TRP,20180115,47.86,47.86,47.86,47.86,0
TRQ,20180115,3.57,3.57,3.57,3.57,0
TRTN,20180115,41.85,41.85,41.85,41.85,0
TRTX,20180115,18.87,18.87,18.87,18.87,0
TRU,20180115,57.05,57.05,57.05,57.05,0
TRV,20180115,134.73,134.73,134.73,134.73,0
TS,20180115,34.54,34.54,34.54,34.54,0
TSE,20180115,78.55,78.55,78.55,78.55,0
TSI,20180115,5.625,5.625,5.625,5.625,0
TSLF,20180115,16.88,16.88,16.88,16.88,0
TSLX,20180115,20.06,20.06,20.06,20.06,0
TSM,20180115,41.19,41.19,41.19,41.19,0
TSN,20180115,79.9,79.9,79.9,79.9,0
TSQ,20180115,7.9,7.9,7.9,7.9,0
TSU,20180115,19.96,19.96,19.96,19.96,0
TTC,20180115,66.98,66.98,66.98,66.98,0
TTI,20180115,4.39,4.39,4.39,4.39,0
TTM,20180115,34.32,34.32,34.32,34.32,0
TTP,20180115,19.94,19.94,19.94,19.94,0
TU,20180115,37.72,37.72,37.72,37.72,0
TUP,20180115,64.9,64.9,64.9,64.9,0
TV,20180115,19.08,19.08,19.08,19.08,0
TVC,20180115,25.27,25.27,25.27,25.27,0
TVE,20180115,25.02,25.02,25.02,25.02,0
TWI,20180115,13.95,13.95,13.95,13.95,0
TWLO,20180115,26.16,26.16,26.16,26.16,0
TWN,20180115,21.55,21.55,21.55,21.55,0
TWO,20180115,15.7,15.7,15.7,15.7,0
TWO-A,20180115,27.05,27.05,27.05,27.05,0
TWO-B,20180115,26.07,26.07,26.07,26.07,0
TWO-C,20180115,24.94,24.94,24.94,24.94,0
TWTR,20180115,25.41,25.41,25.41,25.41,0
TX,20180115,34.37,34.37,34.37,34.37,0
TXT,20180115,60.15,60.15,60.15,60.15,0
TY,20180115,27.6,27.6,27.6,27.6,0
TY.P,20180115,50.89,50.89,50.89,50.89,0
TYG,20180115,31.57,31.57,31.57,31.57,0
TYL,20180115,187.95,187.95,187.95,187.95,0
UA,20180115,14.14,14.14,14.14,14.14,0
UAA,20180115,15.12,15.12,15.12,15.12,0
UAN,20180115,3.99,3.99,3.99,3.99,0
UBA,20180115,20.13,20.13,20.13,20.13,0
UBP,20180115,17.68,17.68,17.68,17.68,0
UBP-H,20180115,26.45,26.45,26.45,26.45,0
UBS,20180115,19.59,19.59,19.59,19.59,0
UDR,20180115,35.7,35.7,35.7,35.7,0
UE,20180115,24.02,24.02,24.02,24.02,0
UFI,20180115,36.36,36.36,36.36,36.36,0
UFS,20180115,50.33,50.33,50.33,50.33,0
UGI,20180115,47.34,47.34,47.34,47.34,0
UGP,20180115,12.025,12.025,12.025,12.025,0
UHS,20180115,116.65,116.65,116.65,116.65,0
UHT,20180115,67.31,67.31,67.31,67.31,0
UIS,20180115,8.9,8.9,8.9,8.9,0
UL,20180115,54.52,54.52,54.52,54.52,0
UMC,20180115,2.4,2.4,2.4,2.4,0
UMH,20180115,13.98,13.98,13.98,13.98,0
UMH-B,20180115,27.1,27.1,27.1,27.1,0
UMH-C,20180115,26.52,26.52,26.52,26.52,0
UN,20180115,55.49,55.49,55.49,55.49,0
UNF,20180115,171.15,171.15,171.15,171.15,0
UNH,20180115,228.64,228.64,228.64,228.64,0
UNM,20180115,58.59,58.59,58.59,58.59,0
UNP,20180115,141.17,141.17,141.17,141.17,0
UNT,20180115,25.35,25.35,25.35,25.35,0
UNVR,20180115,31.65,31.65,31.65,31.65,0
UPS,20180115,134.09,134.09,134.09,134.09,0
URI,20180115,180.89,180.89,180.89,180.89,0
USA,20180115,6.62,6.62,6.62,6.62,0
USAC,20180115,17.45,17.45,17.45,17.45,0
USB,20180115,56.98,56.98,56.98,56.98,0
USB-A,20180115,903.75,903.75,903.75,903.75,0
USB-H,20180115,22.6,22.6,22.6,22.6,0
USB-M,20180115,28.12,28.12,28.12,28.12,0
USB-O,20180115,25.11,25.11,25.11,25.11,0
USDP,20180115,11.65,11.65,11.65,11.65,0
USFD,20180115,32.45,32.45,32.45,32.45,0
USM,20180115,37.01,37.01,37.01,37.01,0
USNA,20180115,74.3,74.3,74.3,74.3,0
USPH,20180115,74.95,74.95,74.95,74.95,0
UTF,20180115,24.22,24.22,24.22,24.22,0
UTI,20180115,2.57,2.57,2.57,2.57,0
UTL,20180115,44.07,44.07,44.07,44.07,0
UTX,20180115,136.58,136.58,136.58,136.58,0
UVE,20180115,28.6,28.6,28.6,28.6,0
UVV,20180115,51.65,51.65,51.65,51.65,0
UZA,20180115,25.16,25.16,25.16,25.16,0
UZB,20180115,25.88,25.88,25.88,25.88,0
UZC,20180115,26.02,26.02,26.02,26.02,0
V,20180115,120.09,120.09,120.09,120.09,0
VAC,20180115,136.8,136.8,136.8,136.8,0
VALE,20180115,13.53,13.53,13.53,13.53,0
VAR,20180115,108.49,108.49,108.49,108.49,0
VBF,20180115,19.64,19.64,19.64,19.64,0
VCRA,20180115,28.5,28.5,28.5,28.5,0
VCV,20180115,12.57,12.57,12.57,12.57,0
VEC,20180115,31.92,31.92,31.92,31.92,0
VEDL,20180115,21.67,21.67,21.67,21.67,0
VEEV,20180115,58.37,58.37,58.37,58.37,0
VER,20180115,7.42,7.42,7.42,7.42,0
VER-F,20180115,25.63,25.63,25.63,25.63,0
VET,20180115,38.72,38.72,38.72,38.72,0
VFC,20180115,77.8,77.8,77.8,77.8,0
VGI,20180115,16.89,16.89,16.89,16.89,0
VGM,20180115,13.1,13.1,13.1,13.1,0
VGR,20180115,21.55,21.55,21.55,21.55,0
VHI,20180115,6.25,6.25,6.25,6.25,0
VIPS,20180115,14.51,14.51,14.51,14.51,0
VIV,20180115,15.72,15.72,15.72,15.72,0
VJET,20180115,5.2,5.2,5.2,5.2,0
VKQ,20180115,12.52,12.52,12.52,12.52,0
VLO,20180115,96.75,96.75,96.75,96.75,0
VLRS,20180115,8.03,8.03,8.03,8.03,0
VLT,20180115,14.69,14.69,14.69,14.69,0
VMC,20180115,133.97,133.97,133.97,133.97,0
VMI,20180115,170.55,170.55,170.55,170.55,0
VMO,20180115,12.34,12.34,12.34,12.34,0
VMW,20180115,132.53,132.53,132.53,132.53,0
VNCE,20180115,6.46,6.46,6.46,6.46,0
VNO,20180115,71.92,71.92,71.92,71.92,0
VNO-K,20180115,25.14,25.14,25.14,25.14,0
VNO-L,20180115,24.42,24.42,24.42,24.42,0
VNO-M,20180115,25.03,25.03,25.03,25.03,0
VNTR,20180115,23.91,23.91,23.91,23.91,0
VOC,20180115,5.95,5.95,5.95,5.95,0
VOYA,20180115,54.16,54.16,54.16,54.16,0
VPG,20180115,26.75,26.75,26.75,26.75,0
VPV,20180115,12.09,12.09,12.09,12.09,0
VRS,20180115,16.94,16.94,16.94,16.94,0
VRTV,20180115,29.45,29.45,29.45,29.45,0
VSH,20180115,21.9,21.9,21.9,21.9,0
VSLR,20180115,4.1,4.1,4.1,4.1,0
VST,20180115,18.57,18.57,18.57,18.57,0
VSTO,20180115,15.11,15.11,15.11,15.11,0
VTA,20180115,11.84,11.84,11.84,11.84,0
VTN,20180115,13.7,13.7,13.7,13.7,0
VTR,20180115,54.83,54.83,54.83,54.83,0
VVI,20180115,56,56,56,56,0
VVR,20180115,4.47,4.47,4.47,4.47,0
VVV,20180115,24.94,24.94,24.94,24.94,0
VZ,20180115,51.86,51.86,51.86,51.86,0
W,20180115,85.58,85.58,85.58,85.58,0
WAAS,20180115,14.94,14.94,14.94,14.94,0
WAB,20180115,85.2,85.2,85.2,85.2,0
WAL,20180115,59.22,59.22,59.22,59.22,0
WALA,20180115,26.15,26.15,26.15,26.15,0
WAT,20180115,209.75,209.75,209.75,209.75,0
WBAI,20180115,12.57,12.57,12.57,12.57,0
WBC,20180115,155.02,155.02,155.02,155.02,0
WBK,20180115,24.84,24.84,24.84,24.84,0
WBS,20180115,59.58,59.58,59.58,59.58,0
WBS-F,20180115,24.91,24.91,24.91,24.91,0
WBT,20180115,23.13,23.13,23.13,23.13,0
WCC,20180115,67.3,67.3,67.3,67.3,0
WCN,20180115,70.91,70.91,70.91,70.91,0
WD,20180115,46.37,46.37,46.37,46.37,0
WDR,20180115,23.08,23.08,23.08,23.08,0
WEA,20180115,13.63,13.63,13.63,13.63,0
WEC,20180115,63.63,63.63,63.63,63.63,0
WES,20180115,53.86,53.86,53.86,53.86,0
WEX,20180115,144.8,144.8,144.8,144.8,0
WF,20180115,49.04,49.04,49.04,49.04,0
WFC,20180115,62.55,62.55,62.55,62.55,0
WFC-L,20180115,1278,1278,1278,1278,0
WFC-N,20180115,25.01,25.01,25.01,25.01,0
WFC-O,20180115,25.06,25.06,25.06,25.06,0
WFC-P,20180115,25.09,25.09,25.09,25.09,0
WFC-Q,20180115,26.88,26.88,26.88,26.88,0
WFC-R,20180115,28.56,28.56,28.56,28.56,0
WFC-T,20180115,26.16,26.16,26.16,26.16,0
WFC-V,20180115,26.43,26.43,26.43,26.43,0
WFC-W,20180115,25.75,25.75,25.75,25.75,0
WFC-X,20180115,25.48,25.48,25.48,25.48,0
WFC-Y,20180115,25.73,25.73,25.73,25.73,0
WGO,20180115,55.8,55.8,55.8,55.8,0
WHG,20180115,67.81,67.81,67.81,67.81,0
WHR,20180115,172.75,172.75,172.75,172.75,0
WIA,20180115,12.02,12.02,12.02,12.02,0
WIT,20180115,4.26,4.26,4.26,4.26,0
WIW,20180115,11.7,11.7,11.7,11.7,0
WK,20180115,21.8,21.8,21.8,21.8,0
WLH,20180115,32.01,32.01,32.01,32.01,0
WLK,20180115,113.94,113.94,113.94,113.94,0
WLKP,20180115,24.95,24.95,24.95,24.95,0
WLL,20180115,29.78,29.78,29.78,29.78,0
WM,20180115,88.27,88.27,88.27,88.27,0
WMB,20180115,33.21,33.21,33.21,33.21,0
WMC,20180115,10,10,10,10,0
WMK,20180115,39.91,39.91,39.91,39.91,0
WMS,20180115,24.65,24.65,24.65,24.65,0
WMT,20180115,100.87,100.87,100.87,100.87,0
WNC,20180115,22.46,22.46,22.46,22.46,0
WNS,20180115,41.1,41.1,41.1,41.1,0
WOR,20180115,47.75,47.75,47.75,47.75,0
WOW,20180115,10.35,10.35,10.35,10.35,0
WPC,20180115,64.95,64.95,64.95,64.95,0
WPG,20180115,7.1,7.1,7.1,7.1,0
WPG-H,20180115,24.81,24.81,24.81,24.81,0
WPG-I,20180115,24.75,24.75,24.75,24.75,0
WPM,20180115,21.9,21.9,21.9,21.9,0
WPP,20180115,93.05,93.05,93.05,93.05,0
WPX,20180115,15.07,15.07,15.07,15.07,0
WRB,20180115,46.2933,46.2933,46.2933,46.2933,0
WRB-B,20180115,25.13,25.13,25.13,25.13,0
WRB-C,20180115,25.78,25.78,25.78,25.78,0
WRB-D,20180115,25.5,25.5,25.5,25.5,0
WRE,20180115,28.86,28.86,28.86,28.86,0
WRI,20180115,30.69,30.69,30.69,30.69,0
WRK,20180115,69.2,69.2,69.2,69.2,0
WSM,20180115,55.49,55.49,55.49,55.49,0
WSO,20180115,174.24,174.24,174.24,174.24,0
WSO.B,20180115,174.01,174.01,174.01,174.01,0
WSR,20180115,13.64,13.64,13.64,13.64,0
WST,20180115,97.74,97.74,97.74,97.74,0
WTI,20180115,4.88,4.88,4.88,4.88,0
WTM,20180115,834.5,834.5,834.5,834.5,0
WTS,20180115,78.65,78.65,78.65,78.65,0
WTTR,20180115,20.9,20.9,20.9,20.9,0
WU,20180115,21.12,21.12,21.12,21.12,0
WUBA,20180115,81.98,81.98,81.98,81.98,0
WWE,20180115,32.18,32.18,32.18,32.18,0
WWW,20180115,32.26,32.26,32.26,32.26,0
WY,20180115,35.26,35.26,35.26,35.26,0
X,20180115,39.14,39.14,39.14,39.14,0
XEC,20180115,127.14,127.14,127.14,127.14,0
XFLT,20180115,9.81,9.81,9.81,9.81,0
XHR,20180115,21.94,21.94,21.94,21.94,0
XIN,20180115,8,8,8,8,0
XOM,20180115,87.52,87.52,87.52,87.52,0
XPO,20180115,95.01,95.01,95.01,95.01,0
XRF,20180115,5.59,5.59,5.59,5.59,0
XRX,20180115,32.77,32.77,32.77,32.77,0
XYL,20180115,70.46,70.46,70.46,70.46,0
Y,20180115,584.92,584.92,584.92,584.92,0
YELP,20180115,45.39,45.39,45.39,45.39,0
YEXT,20180115,12.06,12.06,12.06,12.06,0
YPF,20180115,25.05,25.05,25.05,25.05,0
YRD,20180115,40,40,40,40,0
YUM,20180115,83.62,83.62,83.62,83.62,0
YUMC,20180115,45.86,45.86,45.86,45.86,0
ZAYO,20180115,36.46,36.46,36.46,36.46,0
ZBH,20180115,122.1,122.1,122.1,122.1,0
ZEN,20180115,37.51,37.51,37.51,37.51,0
ZNH,20180115,58.35,58.35,58.35,58.35,0
ZTO,20180115,15.76,15.76,15.76,15.76,0
ZTR,20180115,13.33,13.33,13.33,13.33,0
ZTS,20180115,75.39,75.39,75.39,75.39,0
ZYME,20180115,9.49,9.49,9.49,9.49,0
