A,20180101,66.97,66.97,66.97,66.97,0
AA,20180101,53.87,53.87,53.87,53.87,0
AAN,20180101,39.85,39.85,39.85,39.85,0
AAP,20180101,99.69,99.69,99.69,99.69,0
AAT,20180101,38.24,38.24,38.24,38.24,0
AB,20180101,25.05,25.05,25.05,25.05,0
ABB,20180101,26.82,26.82,26.82,26.82,0
ABBV,20180101,96.71,96.71,96.71,96.71,0
ABC,20180101,91.82,91.82,91.82,91.82,0
ABEV,20180101,6.46,6.46,6.46,6.46,0
ABG,20180101,64,64,64,64,0
ABM,20180101,37.72,37.72,37.72,37.72,0
ABR,20180101,8.64,8.64,8.64,8.64,0
ABR-A,20180101,25.34,25.34,25.34,25.34,0
ABR-B,20180101,25.56,25.56,25.56,25.56,0
ABR-C,20180101,26.18,26.18,26.18,26.18,0
ABT,20180101,57.07,57.07,57.07,57.07,0
AC,20180101,34.1,34.1,34.1,34.1,0
ACC,20180101,41.03,41.03,41.03,41.03,0
ACCO,20180101,12.2,12.2,12.2,12.2,0
ACH,20180101,17.93,17.93,17.93,17.93,0
ACM,20180101,37.15,37.15,37.15,37.15,0
ACN,20180101,153.09,153.09,153.09,153.09,0
ACP,20180101,14.03,14.03,14.03,14.03,0
ACRE,20180101,12.9,12.9,12.9,12.9,0
ACV,20180101,21.84,21.84,21.84,21.84,0
ADC,20180101,51.44,51.44,51.44,51.44,0
ADM,20180101,40.08,40.08,40.08,40.08,0
ADNT,20180101,78.7,78.7,78.7,78.7,0
ADS,20180101,253.48,253.48,253.48,253.48,0
ADSW,20180101,23.94,23.94,23.94,23.94,0
ADX,20180101,15.03,15.03,15.03,15.03,0
AEB,20180101,24.19,24.19,24.19,24.19,0
AEE,20180101,58.99,58.99,58.99,58.99,0
AEG,20180101,6.3,6.3,6.3,6.3,0
AEL,20180101,30.73,30.73,30.73,30.73,0
AEM,20180101,46.18,46.18,46.18,46.18,0
AEO,20180101,18.8,18.8,18.8,18.8,0
AEP,20180101,73.57,73.57,73.57,73.57,0
AER,20180101,52.61,52.61,52.61,52.61,0
AES,20180101,10.83,10.83,10.83,10.83,0
AFB,20180101,13.4,13.4,13.4,13.4,0
AFC,20180101,25.48,25.48,25.48,25.48,0
AFG,20180101,108.54,108.54,108.54,108.54,0
AFGH,20180101,26.22,26.22,26.22,26.22,0
AFI,20180101,16.92,16.92,16.92,16.92,0
AFL,20180101,43.89,43.89,43.89,43.89,0
AFT,20180101,16.22,16.22,16.22,16.22,0
AG,20180101,6.74,6.74,6.74,6.74,0
AGCO,20180101,71.43,71.43,71.43,71.43,0
AGD,20180101,10.8,10.8,10.8,10.8,0
AGI,20180101,6.51,6.51,6.51,6.51,0
AGM,20180101,78.24,78.24,78.24,78.24,0
AGM-A,20180101,25.13,25.13,25.13,25.13,0
AGM-C,20180101,27.81,27.81,27.81,27.81,0
AGM.A,20180101,72.75,72.75,72.75,72.75,0
AGN,20180101,163.58,163.58,163.58,163.58,0
AGO,20180101,33.87,33.87,33.87,33.87,0
AGO-B,20180101,26.01,26.01,26.01,26.01,0
AGO-E,20180101,26.15,26.15,26.15,26.15,0
AGO-F,20180101,25.06,25.06,25.06,25.06,0
AGR,20180101,50.58,50.58,50.58,50.58,0
AGRO,20180101,10.34,10.34,10.34,10.34,0
AGX,20180101,45,45,45,45,0
AHC,20180101,4.8,4.8,4.8,4.8,0
AHH,20180101,15.53,15.53,15.53,15.53,0
AHL-C,20180101,27.28,27.28,27.28,27.28,0
AHL-D,20180101,25.78,25.78,25.78,25.78,0
AHT,20180101,6.73,6.73,6.73,6.73,0
AHT-D,20180101,25.18,25.18,25.18,25.18,0
AHT-F,20180101,25.4,25.4,25.4,25.4,0
AHT-G,20180101,25.12,25.12,25.12,25.12,0
AHT-H,20180101,25.41,25.41,25.41,25.41,0
AHT-I,20180101,25.11,25.11,25.11,25.11,0
AI,20180101,11.78,11.78,11.78,11.78,0
AI-B,20180101,24.94,24.94,24.94,24.94,0
AIC,20180101,24.24,24.24,24.24,24.24,0
AIF,20180101,15.75,15.75,15.75,15.75,0
AIG,20180101,59.58,59.58,59.58,59.58,0
AIG.W,20180101,18.12,18.12,18.12,18.12,0
AIN,20180101,61.45,61.45,61.45,61.45,0
AIR,20180101,39.29,39.29,39.29,39.29,0
AIT,20180101,68.1,68.1,68.1,68.1,0
AIV,20180101,43.71,43.71,43.71,43.71,0
AIW,20180101,24.435,24.435,24.435,24.435,0
AIZ,20180101,100.84,100.84,100.84,100.84,0
AJG,20180101,63.28,63.28,63.28,63.28,0
AJRD,20180101,31.2,31.2,31.2,31.2,0
AJX,20180101,13.82,13.82,13.82,13.82,0
AJXA,20180101,25.38,25.38,25.38,25.38,0
AKO.A,20180101,26.51,26.51,26.51,26.51,0
AKO.B,20180101,29.28,29.28,29.28,29.28,0
AKR,20180101,27.36,27.36,27.36,27.36,0
AKS,20180101,5.66,5.66,5.66,5.66,0
AL,20180101,48.09,48.09,48.09,48.09,0
ALB,20180101,127.89,127.89,127.89,127.89,0
ALE,20180101,74.36,74.36,74.36,74.36,0
ALEX,20180101,27.74,27.74,27.74,27.74,0
ALG,20180101,112.87,112.87,112.87,112.87,0
ALK,20180101,73.51,73.51,73.51,73.51,0
ALL,20180101,104.71,104.71,104.71,104.71,0
ALL-B,20180101,26.24,26.24,26.24,26.24,0
ALL-Y,20180101,25.95,25.95,25.95,25.95,0
ALLE,20180101,79.56,79.56,79.56,79.56,0
ALLY,20180101,29.16,29.16,29.16,29.16,0
ALP-Q,20180101,26.58,26.58,26.58,26.58,0
ALSN,20180101,43.07,43.07,43.07,43.07,0
ALV,20180101,91.4976,91.4976,91.4976,91.4976,0
ALX,20180101,395.85,395.85,395.85,395.85,0
AM,20180101,29.04,29.04,29.04,29.04,0
AMC,20180101,15.1,15.1,15.1,15.1,0
AME,20180101,72.47,72.47,72.47,72.47,0
AMG,20180101,205.25,205.25,205.25,205.25,0
AMH,20180101,21.84,21.84,21.84,21.84,0
AMH-D,20180101,27.38,27.38,27.38,27.38,0
AMH-E,20180101,26.79,26.79,26.79,26.79,0
AMH-F,20180101,25.56,25.56,25.56,25.56,0
AMH-G,20180101,25.17,25.17,25.17,25.17,0
AMN,20180101,49.25,49.25,49.25,49.25,0
AMOV,20180101,17.005,17.005,17.005,17.005,0
AMP,20180101,169.47,169.47,169.47,169.47,0
AMRC,20180101,8.6,8.6,8.6,8.6,0
AMT,20180101,142.67,142.67,142.67,142.67,0
AMX,20180101,17.15,17.15,17.15,17.15,0
AN,20180101,51.33,51.33,51.33,51.33,0
ANET,20180101,235.58,235.58,235.58,235.58,0
ANF,20180101,17.43,17.43,17.43,17.43,0
ANH,20180101,5.44,5.44,5.44,5.44,0
ANH-A,20180101,26.44,26.44,26.44,26.44,0
ANH-B,20180101,27.46,27.46,27.46,27.46,0
ANH-C,20180101,25.16,25.16,25.16,25.16,0
ANTM,20180101,225.01,225.01,225.01,225.01,0
AOD,20180101,9.47,9.47,9.47,9.47,0
AON,20180101,134,134,134,134,0
AOS,20180101,61.28,61.28,61.28,61.28,0
AP,20180101,12.4,12.4,12.4,12.4,0
APA,20180101,42.22,42.22,42.22,42.22,0
APAM,20180101,39.5,39.5,39.5,39.5,0
APD,20180101,164.08,164.08,164.08,164.08,0
APH,20180101,87.8,87.8,87.8,87.8,0
APLE,20180101,19.61,19.61,19.61,19.61,0
APO,20180101,33.47,33.47,33.47,33.47,0
APO-A,20180101,26.29,26.29,26.29,26.29,0
APRN,20180101,60.45,60.45,60.45,60.45,0
APTS,20180101,20.25,20.25,20.25,20.25,0
APTV,20180101,84.83,84.83,84.83,84.83,0
AQN,20180101,11.16,11.16,11.16,11.16,0
AQUA,20180101,23.71,23.71,23.71,23.71,0
AR,20180101,19,19,19,19,0
ARA,20180101,17.4,17.4,17.4,17.4,0
ARC,20180101,2.55,2.55,2.55,2.55,0
ARCH,20180101,93.16,93.16,93.16,93.16,0
ARCO,20180101,10.35,10.35,10.35,10.35,0
ARD,20180101,21.1,21.1,21.1,21.1,0
ARDC,20180101,16.42,16.42,16.42,16.42,0
ARE,20180101,130.59,130.59,130.59,130.59,0
ARE-A,20180101,26.5,26.5,26.5,26.5,0
ARES,20180101,20,20,20,20,0
ARI,20180101,18.45,18.45,18.45,18.45,0
ARL,20180101,12.85,12.85,12.85,12.85,0
ARMK,20180101,42.74,42.74,42.74,42.74,0
ARNC,20180101,27.25,27.25,27.25,27.25,0
AROC,20180101,10.5,10.5,10.5,10.5,0
ARR,20180101,25.72,25.72,25.72,25.72,0
ARR-B,20180101,25.02,25.02,25.02,25.02,0
ARW,20180101,80.41,80.41,80.41,80.41,0
ASA,20180101,11.32,11.32,11.32,11.32,0
ASB,20180101,25.4,25.4,25.4,25.4,0
ASB-C,20180101,27.18,27.18,27.18,27.18,0
ASB-D,20180101,25.96,25.96,25.96,25.96,0
ASC,20180101,8,8,8,8,0
ASG,20180101,5.54,5.54,5.54,5.54,0
ASGN,20180101,64.27,64.27,64.27,64.27,0
ASH,20180101,71.2,71.2,71.2,71.2,0
ASIX,20180101,42.07,42.07,42.07,42.07,0
ASPN,20180101,4.88,4.88,4.88,4.88,0
ASR,20180101,182.51,182.51,182.51,182.51,0
ASX,20180101,6.48,6.48,6.48,6.48,0
AT,20180101,2.35,2.35,2.35,2.35,0
ATEN,20180101,7.72,7.72,7.72,7.72,0
ATGE,20180101,42.05,42.05,42.05,42.05,0
ATH,20180101,51.71,51.71,51.71,51.71,0
ATHM,20180101,64.67,64.67,64.67,64.67,0
ATI,20180101,24.14,24.14,24.14,24.14,0
ATKR,20180101,21.45,21.45,21.45,21.45,0
ATO,20180101,85.89,85.89,85.89,85.89,0
ATR,20180101,86.28,86.28,86.28,86.28,0
ATTO,20180101,10.15,10.15,10.15,10.15,0
ATUS,20180101,21.23,21.23,21.23,21.23,0
ATV,20180101,17.64,17.64,17.64,17.64,0
AU,20180101,10.19,10.19,10.19,10.19,0
AUY,20180101,3.12,3.12,3.12,3.12,0
AVA,20180101,51.49,51.49,51.49,51.49,0
AVAL,20180101,8.5,8.5,8.5,8.5,0
AVB,20180101,178.41,178.41,178.41,178.41,0
AVD,20180101,19.65,19.65,19.65,19.65,0
AVH,20180101,8.03,8.03,8.03,8.03,0
AVK,20180101,15.88,15.88,15.88,15.88,0
AVX,20180101,17.3,17.3,17.3,17.3,0
AVY,20180101,114.86,114.86,114.86,114.86,0
AWF,20180101,12.76,12.76,12.76,12.76,0
AWI,20180101,60.55,60.55,60.55,60.55,0
AWK,20180101,91.49,91.49,91.49,91.49,0
AWP,20180101,6.74,6.74,6.74,6.74,0
AWR,20180101,57.91,57.91,57.91,57.91,0
AXE,20180101,76,76,76,76,0
AXL,20180101,17.03,17.03,17.03,17.03,0
AXP,20180101,99.31,99.31,99.31,99.31,0
AXR,20180101,7.02,7.02,7.02,7.02,0
AXS,20180101,50.26,50.26,50.26,50.26,0
AXS-E,20180101,25.17,25.17,25.17,25.17,0
AXTA,20180101,32.36,32.36,32.36,32.36,0
AYI,20180101,176,176,176,176,0
AYR,20180101,23.39,23.39,23.39,23.39,0
AYX,20180101,25.27,25.27,25.27,25.27,0
AZN,20180101,34.7,34.7,34.7,34.7,0
AZO,20180101,711.37,711.37,711.37,711.37,0
AZRE,20180101,14.2,14.2,14.2,14.2,0
AZUL,20180101,23.83,23.83,23.83,23.83,0
AZZ,20180101,51.1,51.1,51.1,51.1,0
B,20180101,63.27,63.27,63.27,63.27,0
BA,20180101,294.91,294.91,294.91,294.91,0
BABA,20180101,172.43,172.43,172.43,172.43,0
BAC,20180101,29.52,29.52,29.52,29.52,0
BAC-A,20180101,27.19,27.19,27.19,27.19,0
BAC-C,20180101,27.44,27.44,27.44,27.44,0
BAC-E,20180101,23.82,23.82,23.82,23.82,0
BAC-L,20180101,1319,1319,1319,1319,0
BAF,20180101,14.81,14.81,14.81,14.81,0
BAH,20180101,38.13,38.13,38.13,38.13,0
BAK,20180101,26.26,26.26,26.26,26.26,0
BAM,20180101,43.54,43.54,43.54,43.54,0
BAN-D,20180101,26.55,26.55,26.55,26.55,0
BAN-E,20180101,26.42,26.42,26.42,26.42,0
BANC,20180101,20.65,20.65,20.65,20.65,0
BAP,20180101,207.43,207.43,207.43,207.43,0
BAX,20180101,64.64,64.64,64.64,64.64,0
BB,20180101,11.17,11.17,11.17,11.17,0
BBD,20180101,8.5333,8.5333,8.5333,8.5333,0
BBDO,20180101,7.725,7.725,7.725,7.725,0
BBF,20180101,14.02,14.02,14.02,14.02,0
BBK,20180101,15.15,15.15,15.15,15.15,0
BBL,20180101,40.3,40.3,40.3,40.3,0
BBN,20180101,23.19,23.19,23.19,23.19,0
BBU,20180101,34.52,34.52,34.52,34.52,0
BBVA,20180101,8.5,8.5,8.5,8.5,0
BBW,20180101,9.2,9.2,9.2,9.2,0
BBX,20180101,7.97,7.97,7.97,7.97,0
BBY,20180101,68.47,68.47,68.47,68.47,0
BC,20180101,55.22,55.22,55.22,55.22,0
BCC,20180101,39.9,39.9,39.9,39.9,0
BCE,20180101,48.01,48.01,48.01,48.01,0
BCEI,20180101,27.59,27.59,27.59,27.59,0
BCH,20180101,32.1767,32.1767,32.1767,32.1767,0
BCO,20180101,78.7,78.7,78.7,78.7,0
BCRH,20180101,12.05,12.05,12.05,12.05,0
BCS,20180101,10.9,10.9,10.9,10.9,0
BCX,20180101,9.77,9.77,9.77,9.77,0
BDC,20180101,77.17,77.17,77.17,77.17,0
BDJ,20180101,9.23,9.23,9.23,9.23,0
BDN,20180101,18.19,18.19,18.19,18.19,0
BDX,20180101,214.06,214.06,214.06,214.06,0
BDXA,20180101,57.9,57.9,57.9,57.9,0
BEDU,20180101,18.67,18.67,18.67,18.67,0
BEN,20180101,43.33,43.33,43.33,43.33,0
BEP,20180101,34.91,34.91,34.91,34.91,0
BERY,20180101,58.67,58.67,58.67,58.67,0
BF.A,20180101,53.792,53.792,53.792,53.792,0
BF.B,20180101,54.936,54.936,54.936,54.936,0
BFAM,20180101,94,94,94,94,0
BFK,20180101,14.09,14.09,14.09,14.09,0
BFO,20180101,14.42,14.42,14.42,14.42,0
BFS,20180101,61.75,61.75,61.75,61.75,0
BFZ,20180101,13.78,13.78,13.78,13.78,0
BG,20180101,67.08,67.08,67.08,67.08,0
BGB,20180101,15.71,15.71,15.71,15.71,0
BGG,20180101,25.37,25.37,25.37,25.37,0
BGH,20180101,19.38,19.38,19.38,19.38,0
BGIO,20180101,9.8,9.8,9.8,9.8,0
BGR,20180101,14.18,14.18,14.18,14.18,0
BGS,20180101,35.15,35.15,35.15,35.15,0
BGT,20180101,13.92,13.92,13.92,13.92,0
BGX,20180101,15.92,15.92,15.92,15.92,0
BGY,20180101,6.52,6.52,6.52,6.52,0
BH,20180101,414.4,414.4,414.4,414.4,0
BHE,20180101,29.1,29.1,29.1,29.1,0
BHK,20180101,14.04,14.04,14.04,14.04,0
BHLB,20180101,36.6,36.6,36.6,36.6,0
BHP,20180101,45.99,45.99,45.99,45.99,0
BHVN,20180101,26.98,26.98,26.98,26.98,0
BIF,20180101,11.09,11.09,11.09,11.09,0
BIG,20180101,56.15,56.15,56.15,56.15,0
BIO,20180101,238.67,238.67,238.67,238.67,0
BIO.B,20180101,238.25,238.25,238.25,238.25,0
BIP,20180101,44.81,44.81,44.81,44.81,0
BIT,20180101,18.15,18.15,18.15,18.15,0
BITA,20180101,31.8,31.8,31.8,31.8,0
BK,20180101,53.86,53.86,53.86,53.86,0
BK-C,20180101,25.14,25.14,25.14,25.14,0
BKD,20180101,9.7,9.7,9.7,9.7,0
BKE,20180101,23.75,23.75,23.75,23.75,0
BKH,20180101,60.11,60.11,60.11,60.11,0
BKI,20180101,44.15,44.15,44.15,44.15,0
BKK,20180101,15,15,15,15,0
BKN,20180101,14.92,14.92,14.92,14.92,0
BKT,20180101,6.17,6.17,6.17,6.17,0
BKU,20180101,40.72,40.72,40.72,40.72,0
BLD,20180101,75.74,75.74,75.74,75.74,0
BLK,20180101,513.71,513.71,513.71,513.71,0
BLL,20180101,37.85,37.85,37.85,37.85,0
BLW,20180101,15.89,15.89,15.89,15.89,0
BLX,20180101,26.9,26.9,26.9,26.9,0
BMA,20180101,115.88,115.88,115.88,115.88,0
BME,20180101,36.5,36.5,36.5,36.5,0
BMI,20180101,47.8,47.8,47.8,47.8,0
BML-G,20180101,21.65,21.65,21.65,21.65,0
BML-H,20180101,21.61,21.61,21.61,21.61,0
BML-J,20180101,23.37,23.37,23.37,23.37,0
BML-L,20180101,23.5,23.5,23.5,23.5,0
BMO,20180101,80.02,80.02,80.02,80.02,0
BMY,20180101,61.28,61.28,61.28,61.28,0
BNED,20180101,8.24,8.24,8.24,8.24,0
BNS,20180101,64.53,64.53,64.53,64.53,0
BNY,20180101,14.3,14.3,14.3,14.3,0
BOE,20180101,12.51,12.51,12.51,12.51,0
BOH,20180101,85.7,85.7,85.7,85.7,0
BOOT,20180101,16.61,16.61,16.61,16.61,0
BOX,20180101,21.12,21.12,21.12,21.12,0
BP,20180101,42.03,42.03,42.03,42.03,0
BPMP,20180101,20.57,20.57,20.57,20.57,0
BPT,20180101,20.1,20.1,20.1,20.1,0
BQH,20180101,14.72,14.72,14.72,14.72,0
BR,20180101,90.58,90.58,90.58,90.58,0
BRC,20180101,37.9,37.9,37.9,37.9,0
BRFS,20180101,11.26,11.26,11.26,11.26,0
BRK.A,20180101,297600,297600,297600,297600,0
BRK.B,20180101,198.22,198.22,198.22,198.22,0
BRO,20180101,25.73,25.73,25.73,25.73,0
BRT,20180101,11.79,11.79,11.79,11.79,0
BRX,20180101,18.66,18.66,18.66,18.66,0
BSAC,20180101,31.27,31.27,31.27,31.27,0
BSBR,20180101,9.67,9.67,9.67,9.67,0
BSD,20180101,13.68,13.68,13.68,13.68,0
BSE,20180101,13.16,13.16,13.16,13.16,0
BSL,20180101,18,18,18,18,0
BSM,20180101,17.94,17.94,17.94,17.94,0
BSMX,20180101,7.31,7.31,7.31,7.31,0
BST,20180101,26.69,26.69,26.69,26.69,0
BSX,20180101,24.79,24.79,24.79,24.79,0
BTA,20180101,12,12,12,12,0
BTE,20180101,3,3,3,3,0
BTI,20180101,66.99,66.99,66.99,66.99,0
BTO,20180101,39.33,39.33,39.33,39.33,0
BTT,20180101,22.34,22.34,22.34,22.34,0
BTU,20180101,39.37,39.37,39.37,39.37,0
BTZ,20180101,13.32,13.32,13.32,13.32,0
BUD,20180101,111.56,111.56,111.56,111.56,0
BUI,20180101,21.62,21.62,21.62,21.62,0
BURL,20180101,123.03,123.03,123.03,123.03,0
BVN,20180101,14.08,14.08,14.08,14.08,0
BW,20180101,56.8,56.8,56.8,56.8,0
BWA,20180101,51.09,51.09,51.09,51.09,0
BWG,20180101,12.77,12.77,12.77,12.77,0
BWXT,20180101,60.49,60.49,60.49,60.49,0
BX,20180101,32.02,32.02,32.02,32.02,0
BXC,20180101,9.76,9.76,9.76,9.76,0
BXG,20180101,18.26,18.26,18.26,18.26,0
BXMT,20180101,32.18,32.18,32.18,32.18,0
BXMX,20180101,14.25,14.25,14.25,14.25,0
BXP,20180101,130.03,130.03,130.03,130.03,0
BXP-B,20180101,25.25,25.25,25.25,25.25,0
BXS,20180101,31.45,31.45,31.45,31.45,0
BY,20180101,22.97,22.97,22.97,22.97,0
BYD,20180101,35.05,35.05,35.05,35.05,0
BYM,20180101,14.19,14.19,14.19,14.19,0
BZH,20180101,19.21,19.21,19.21,19.21,0
C,20180101,74.41,74.41,74.41,74.41,0
C-J,20180101,28.85,28.85,28.85,28.85,0
C-K,20180101,28.53,28.53,28.53,28.53,0
C-N,20180101,27.48,27.48,27.48,27.48,0
C-S,20180101,26.93,26.93,26.93,26.93,0
CABO,20180101,703.35,703.35,703.35,703.35,0
CACI,20180101,132.35,132.35,132.35,132.35,0
CADE,20180101,27.12,27.12,27.12,27.12,0
CAE,20180101,18.56,18.56,18.56,18.56,0
CAF,20180101,23.38,23.38,23.38,23.38,0
CAG,20180101,37.67,37.67,37.67,37.67,0
CAH,20180101,61.27,61.27,61.27,61.27,0
CAI,20180101,28.32,28.32,28.32,28.32,0
CAJ,20180101,37.4,37.4,37.4,37.4,0
CAL,20180101,33.48,33.48,33.48,33.48,0
CALX,20180101,5.95,5.95,5.95,5.95,0
CAPL,20180101,23.75,23.75,23.75,23.75,0
CARS,20180101,28.84,28.84,28.84,28.84,0
CAT,20180101,157.58,157.58,157.58,157.58,0
CATO,20180101,15.92,15.92,15.92,15.92,0
CB,20180101,146.13,146.13,146.13,146.13,0
CBB,20180101,20.85,20.85,20.85,20.85,0
CBB-B,20180101,51,51,51,51,0
CBD,20180101,23.57,23.57,23.57,23.57,0
CBH,20180101,9.1,9.1,9.1,9.1,0
CBL,20180101,5.66,5.66,5.66,5.66,0
CBL-D,20180101,21.86,21.86,21.86,21.86,0
CBL-E,20180101,22.05,22.05,22.05,22.05,0
CBT,20180101,61.59,61.59,61.59,61.59,0
CBU,20180101,53.75,53.75,53.75,53.75,0
CBZ,20180101,15.45,15.45,15.45,15.45,0
CC,20180101,50.06,50.06,50.06,50.06,0
CCC,20180101,21.3,21.3,21.3,21.3,0
CCI,20180101,111.01,111.01,111.01,111.01,0
CCI-A,20180101,1132.52,1132.52,1132.52,1132.52,0
CCJ,20180101,9.23,9.23,9.23,9.23,0
CCK,20180101,56.25,56.25,56.25,56.25,0
CCL,20180101,66.37,66.37,66.37,66.37,0
CCM,20180101,3.33,3.33,3.33,3.33,0
CCO,20180101,4.6,4.6,4.6,4.6,0
CCR,20180101,15.65,15.65,15.65,15.65,0
CCS,20180101,31.1,31.1,31.1,31.1,0
CCU,20180101,29.58,29.58,29.58,29.58,0
CCZ,20180101,62.845,62.845,62.845,62.845,0
CDE,20180101,7.5,7.5,7.5,7.5,0
CDR,20180101,6.08,6.08,6.08,6.08,0
CDR-B,20180101,25.27,25.27,25.27,25.27,0
CDR-C,20180101,25.04,25.04,25.04,25.04,0
CE,20180101,107.08,107.08,107.08,107.08,0
CEA,20180101,36.14,36.14,36.14,36.14,0
CEE,20180101,24.39,24.39,24.39,24.39,0
CEIX,20180101,39.51,39.51,39.51,39.51,0
CEL,20180101,10.2,10.2,10.2,10.2,0
CELP,20180101,6,6,6,6,0
CEM,20180101,15.27,15.27,15.27,15.27,0
CEN,20180101,9.96,9.96,9.96,9.96,0
CEO,20180101,143.56,143.56,143.56,143.56,0
CEQP,20180101,25.8,25.8,25.8,25.8,0
CF,20180101,42.54,42.54,42.54,42.54,0
CFG,20180101,41.98,41.98,41.98,41.98,0
CFR,20180101,94.65,94.65,94.65,94.65,0
CFR-A,20180101,25.12,25.12,25.12,25.12,0
CFX,20180101,39.62,39.62,39.62,39.62,0
CGA,20180101,1.24,1.24,1.24,1.24,0
CHA,20180101,47.47,47.47,47.47,47.47,0
CHCT,20180101,28.1,28.1,28.1,28.1,0
CHD,20180101,50.17,50.17,50.17,50.17,0
CHE,20180101,243.02,243.02,243.02,243.02,0
CHGG,20180101,16.32,16.32,16.32,16.32,0
CHH,20180101,77.6,77.6,77.6,77.6,0
CHK,20180101,3.96,3.96,3.96,3.96,0
CHK-D,20180101,49.7,49.7,49.7,49.7,0
CHKR,20180101,1.85,1.85,1.85,1.85,0
CHL,20180101,50.54,50.54,50.54,50.54,0
CHM-A,20180101,25.8,25.8,25.8,25.8,0
CHMI,20180101,17.99,17.99,17.99,17.99,0
CHN,20180101,21.65,21.65,21.65,21.65,0
CHS,20180101,8.82,8.82,8.82,8.82,0
CHT,20180101,35.44,35.44,35.44,35.44,0
CHU,20180101,13.53,13.53,13.53,13.53,0
CI,20180101,203.09,203.09,203.09,203.09,0
CIA,20180101,7.35,7.35,7.35,7.35,0
CIB,20180101,39.66,39.66,39.66,39.66,0
CIEN,20180101,20.93,20.93,20.93,20.93,0
CIF,20180101,2.94,2.94,2.94,2.94,0
CIG,20180101,2.06,2.06,2.06,2.06,0
CIG.C,20180101,1.85,1.85,1.85,1.85,0
CII,20180101,16.38,16.38,16.38,16.38,0
CIM,20180101,18.48,18.48,18.48,18.48,0
CIM-A,20180101,25.82,25.82,25.82,25.82,0
CIM-B,20180101,25.8,25.8,25.8,25.8,0
CINR,20180101,25.11,25.11,25.11,25.11,0
CIO,20180101,13.01,13.01,13.01,13.01,0
CIO-A,20180101,25.18,25.18,25.18,25.18,0
CIR,20180101,48.68,48.68,48.68,48.68,0
CIT,20180101,49.23,49.23,49.23,49.23,0
CKH,20180101,46.22,46.22,46.22,46.22,0
CL,20180101,75.45,75.45,75.45,75.45,0
CLB,20180101,109.55,109.55,109.55,109.55,0
CLDR,20180101,16.52,16.52,16.52,16.52,0
CLDT,20180101,22.76,22.76,22.76,22.76,0
CLF,20180101,7.21,7.21,7.21,7.21,0
CLGX,20180101,46.21,46.21,46.21,46.21,0
CLH,20180101,54.2,54.2,54.2,54.2,0
CLI,20180101,21.56,21.56,21.56,21.56,0
CLN-G,20180101,25.15,25.15,25.15,25.15,0
CLN-H,20180101,25.01,25.01,25.01,25.01,0
CLN-I,20180101,25.18,25.18,25.18,25.18,0
CLN-J,20180101,25.03,25.03,25.03,25.03,0
CLPR,20180101,9.99,9.99,9.99,9.99,0
CLR,20180101,52.97,52.97,52.97,52.97,0
CLS,20180101,10.48,10.48,10.48,10.48,0
CLW,20180101,45.4,45.4,45.4,45.4,0
CLX,20180101,148.74,148.74,148.74,148.74,0
CM,20180101,97.41,97.41,97.41,97.41,0
CMA,20180101,86.81,86.81,86.81,86.81,0
CMC,20180101,21.32,21.32,21.32,21.32,0
CMCM,20180101,12.08,12.08,12.08,12.08,0
CMD,20180101,102.87,102.87,102.87,102.87,0
CMG,20180101,289.03,289.03,289.03,289.03,0
CMI,20180101,176.64,176.64,176.64,176.64,0
CMO,20180101,8.65,8.65,8.65,8.65,0
CMO-E,20180101,25.35,25.35,25.35,25.35,0
CMP,20180101,72.25,72.25,72.25,72.25,0
CMR-B,20180101,25.03,25.03,25.03,25.03,0
CMR-C,20180101,25.44,25.44,25.44,25.44,0
CMR-D,20180101,25.83,25.83,25.83,25.83,0
CMRE,20180101,5.77,5.77,5.77,5.77,0
CMS,20180101,47.3,47.3,47.3,47.3,0
CMS-B,20180101,103.96,103.96,103.96,103.96,0
CMU,20180101,4.62,4.62,4.62,4.62,0
CNA,20180101,53.05,53.05,53.05,53.05,0
CNC,20180101,50.44,50.44,50.44,50.44,0
CNHI,20180101,13.4,13.4,13.4,13.4,0
CNI,20180101,82.5,82.5,82.5,82.5,0
CNK,20180101,34.82,34.82,34.82,34.82,0
CNNE,20180101,17.03,17.03,17.03,17.03,0
CNO,20180101,24.69,24.69,24.69,24.69,0
CNP,20180101,28.36,28.36,28.36,28.36,0
CNQ,20180101,35.72,35.72,35.72,35.72,0
CNS,20180101,47.29,47.29,47.29,47.29,0
CNX,20180101,14.63,14.63,14.63,14.63,0
CO,20180101,9.95,9.95,9.95,9.95,0
COD-A,20180101,24.66,24.66,24.66,24.66,0
CODI,20180101,16.95,16.95,16.95,16.95,0
COE,20180101,12.5,12.5,12.5,12.5,0
COF,20180101,99.58,99.58,99.58,99.58,0
COF-F,20180101,27.03,27.03,27.03,27.03,0
COF-G,20180101,25.03,25.03,25.03,25.03,0
COF-H,20180101,26.92,26.92,26.92,26.92,0
COF-P,20180101,25.31,25.31,25.31,25.31,0
COG,20180101,28.6,28.6,28.6,28.6,0
COO,20180101,217.88,217.88,217.88,217.88,0
COP,20180101,54.89,54.89,54.89,54.89,0
COR,20180101,113.9,113.9,113.9,113.9,0
COR-Z,20180101,25.74,25.74,25.74,25.74,0
CORR,20180101,38.2,38.2,38.2,38.2,0
COT,20180101,16.66,16.66,16.66,16.66,0
COTY,20180101,19.89,19.89,19.89,19.89,0
CP,20180101,182.76,182.76,182.76,182.76,0
CPA,20180101,134.06,134.06,134.06,134.06,0
CPAC,20180101,12.4,12.4,12.4,12.4,0
CPB,20180101,48.11,48.11,48.11,48.11,0
CPE,20180101,12.15,12.15,12.15,12.15,0
CPF,20180101,29.83,29.83,29.83,29.83,0
CPG,20180101,7.62,7.62,7.62,7.62,0
CPK,20180101,78.55,78.55,78.55,78.55,0
CPS,20180101,122.5,122.5,122.5,122.5,0
CPT,20180101,92.06,92.06,92.06,92.06,0
CR,20180101,89.22,89.22,89.22,89.22,0
CRC,20180101,19.44,19.44,19.44,19.44,0
CRCM,20180101,18.04,18.04,18.04,18.04,0
CRD.A,20180101,8.5,8.5,8.5,8.5,0
CRD.B,20180101,9.62,9.62,9.62,9.62,0
CRH,20180101,36.09,36.09,36.09,36.09,0
CRI,20180101,117.49,117.49,117.49,117.49,0
CRK,20180101,8.46,8.46,8.46,8.46,0
CRL,20180101,109.45,109.45,109.45,109.45,0
CRM,20180101,102.23,102.23,102.23,102.23,0
CRS,20180101,50.99,50.99,50.99,50.99,0
CRT,20180101,14.69,14.69,14.69,14.69,0
CRY,20180101,19.15,19.15,19.15,19.15,0
CS,20180101,17.85,17.85,17.85,17.85,0
CSL,20180101,113.65,113.65,113.65,113.65,0
CSLT,20180101,3.75,3.75,3.75,3.75,0
CSS,20180101,27.83,27.83,27.83,27.83,0
CSTM,20180101,11.15,11.15,11.15,11.15,0
CSU,20180101,13.49,13.49,13.49,13.49,0
CSV,20180101,25.71,25.71,25.71,25.71,0
CTAA,20180101,24.71,24.71,24.71,24.71,0
CTB,20180101,35.35,35.35,35.35,35.35,0
CTBB,20180101,22.52,22.52,22.52,22.52,0
CTDD,20180101,22.88,22.88,22.88,22.88,0
CTL,20180101,16.68,16.68,16.68,16.68,0
CTLT,20180101,41.08,41.08,41.08,41.08,0
CTR,20180101,11.62,11.62,11.62,11.62,0
CTS,20180101,25.75,25.75,25.75,25.75,0
CTT,20180101,13.13,13.13,13.13,13.13,0
CTV,20180101,23.54,23.54,23.54,23.54,0
CTY,20180101,22,22,22,22,0
CTZ,20180101,22.64,22.64,22.64,22.64,0
CUB,20180101,58.95,58.95,58.95,58.95,0
CUB-C,20180101,26.55,26.55,26.55,26.55,0
CUB-D,20180101,26.66,26.66,26.66,26.66,0
CUB-E,20180101,26.55,26.55,26.55,26.55,0
CUB-F,20180101,26.22,26.22,26.22,26.22,0
CUBE,20180101,28.92,28.92,28.92,28.92,0
CUBI,20180101,25.99,25.99,25.99,25.99,0
CUK,20180101,66.28,66.28,66.28,66.28,0
CULP,20180101,33.5,33.5,33.5,33.5,0
CURO,20180101,14.08,14.08,14.08,14.08,0
CUZ,20180101,37,37,37,37,0
CVA,20180101,16.9,16.9,16.9,16.9,0
CVE,20180101,9.13,9.13,9.13,9.13,0
CVEO,20180101,2.73,2.73,2.73,2.73,0
CVI,20180101,37.24,37.24,37.24,37.24,0
CVNA,20180101,19.12,19.12,19.12,19.12,0
CVS,20180101,72.5,72.5,72.5,72.5,0
CVX,20180101,125.19,125.19,125.19,125.19,0
CW,20180101,121.85,121.85,121.85,121.85,0
CWH,20180101,44.73,44.73,44.73,44.73,0
CWT,20180101,45.35,45.35,45.35,45.35,0
CX,20180101,7.5,7.5,7.5,7.5,0
CXE,20180101,5.24,5.24,5.24,5.24,0
CXH,20180101,9.71,9.71,9.71,9.71,0
CXO,20180101,150.22,150.22,150.22,150.22,0
CXP,20180101,22.95,22.95,22.95,22.95,0
CXW,20180101,22.5,22.5,22.5,22.5,0
CYD,20180101,24,24,24,24,0
CYH,20180101,4.26,4.26,4.26,4.26,0
CZZ,20180101,9.7,9.7,9.7,9.7,0
D,20180101,81.06,81.06,81.06,81.06,0
DAC,20180101,20.3,20.3,20.3,20.3,0
DAL,20180101,56,56,56,56,0
DAN,20180101,32.01,32.01,32.01,32.01,0
DAR,20180101,18.13,18.13,18.13,18.13,0
DB,20180101,19.03,19.03,19.03,19.03,0
DBD,20180101,16.35,16.35,16.35,16.35,0
DBL,20180101,22.19,22.19,22.19,22.19,0
DCF,20180101,9.4,9.4,9.4,9.4,0
DCI,20180101,48.95,48.95,48.95,48.95,0
DCO,20180101,28.45,28.45,28.45,28.45,0
DCP,20180101,36.33,36.33,36.33,36.33,0
DDD,20180101,8.64,8.64,8.64,8.64,0
DDF,20180101,10.73,10.73,10.73,10.73,0
DDS,20180101,60.05,60.05,60.05,60.05,0
DDT,20180101,25.86,25.86,25.86,25.86,0
DE,20180101,156.51,156.51,156.51,156.51,0
DEA,20180101,21.34,21.34,21.34,21.34,0
DECK,20180101,80.25,80.25,80.25,80.25,0
DEI,20180101,41.06,41.06,41.06,41.06,0
DEO,20180101,146.03,146.03,146.03,146.03,0
DESP,20180101,27.48,27.48,27.48,27.48,0
DEX,20180101,12.13,12.13,12.13,12.13,0
DFIN,20180101,19.49,19.49,19.49,19.49,0
DFP,20180101,26.67,26.67,26.67,26.67,0
DFS,20180101,76.92,76.92,76.92,76.92,0
DG,20180101,93.01,93.01,93.01,93.01,0
DGX,20180101,98.49,98.49,98.49,98.49,0
DHF,20180101,3.34,3.34,3.34,3.34,0
DHI,20180101,51.07,51.07,51.07,51.07,0
DHR,20180101,92.82,92.82,92.82,92.82,0
DHT,20180101,3.59,3.59,3.59,3.59,0
DHX,20180101,1.9,1.9,1.9,1.9,0
DIAX,20180101,18.84,18.84,18.84,18.84,0
DIN,20180101,50.73,50.73,50.73,50.73,0
DIS,20180101,107.51,107.51,107.51,107.51,0
DK,20180101,34.94,34.94,34.94,34.94,0
DKL,20180101,31.7,31.7,31.7,31.7,0
DKS,20180101,28.74,28.74,28.74,28.74,0
DL,20180101,9.27,9.27,9.27,9.27,0
DLB,20180101,62,62,62,62,0
DLN-A,20180101,26.02,26.02,26.02,26.02,0
DLNG,20180101,10.86,10.86,10.86,10.86,0
DLPH,20180101,52.47,52.47,52.47,52.47,0
DLR,20180101,113.9,113.9,113.9,113.9,0
DLR-C,20180101,27.59,27.59,27.59,27.59,0
DLR-G,20180101,25.49,25.49,25.49,25.49,0
DLR-I,20180101,27.51,27.51,27.51,27.51,0
DLR-J,20180101,25.1,25.1,25.1,25.1,0
DLX,20180101,76.84,76.84,76.84,76.84,0
DMB,20180101,13,13,13,13,0
DMO,20180101,24.67,24.67,24.67,24.67,0
DNI,20180101,13.43,13.43,13.43,13.43,0
DNOW,20180101,11.03,11.03,11.03,11.03,0
DNP,20180101,10.8,10.8,10.8,10.8,0
DNR,20180101,2.21,2.21,2.21,2.21,0
DO,20180101,18.59,18.59,18.59,18.59,0
DOC,20180101,17.99,17.99,17.99,17.99,0
DOOR,20180101,74.15,74.15,74.15,74.15,0
DOV,20180101,81.5908,81.5908,81.5908,81.5908,0
DPG,20180101,15.52,15.52,15.52,15.52,0
DPLO,20180101,20.07,20.07,20.07,20.07,0
DPZ,20180101,188.96,188.96,188.96,188.96,0
DQ,20180101,59.44,59.44,59.44,59.44,0
DRD,20180101,3.26,3.26,3.26,3.26,0
DRE,20180101,27.21,27.21,27.21,27.21,0
DRH,20180101,11.29,11.29,11.29,11.29,0
DRI,20180101,96.02,96.02,96.02,96.02,0
DRQ,20180101,47.7,47.7,47.7,47.7,0
DRUA,20180101,25.57,25.57,25.57,25.57,0
DS,20180101,5.53,5.53,5.53,5.53,0
DS-B,20180101,25.72,25.72,25.72,25.72,0
DS-C,20180101,25.12,25.12,25.12,25.12,0
DS-D,20180101,25.45,25.45,25.45,25.45,0
DSE,20180101,5.85,5.85,5.85,5.85,0
DSL,20180101,20.19,20.19,20.19,20.19,0
DSM,20180101,8.55,8.55,8.55,8.55,0
DSU,20180101,11.7,11.7,11.7,11.7,0
DSX,20180101,4.07,4.07,4.07,4.07,0
DSX-B,20180101,24.81,24.81,24.81,24.81,0
DTE,20180101,109.46,109.46,109.46,109.46,0
DTF,20180101,14.055,14.055,14.055,14.055,0
DTJ,20180101,25.47,25.47,25.47,25.47,0
DTL.P,20180101,28.8,28.8,28.8,28.8,0
DTQ,20180101,25.1,25.1,25.1,25.1,0
DTW,20180101,25.7,25.7,25.7,25.7,0
DTY,20180101,26.77,26.77,26.77,26.77,0
DUC,20180101,8.85,8.85,8.85,8.85,0
DUK,20180101,84.11,84.11,84.11,84.11,0
DUKH,20180101,25.35,25.35,25.35,25.35,0
DVA,20180101,72.25,72.25,72.25,72.25,0
DVD,20180101,1.95,1.95,1.95,1.95,0
DVN,20180101,41.4,41.4,41.4,41.4,0
DX,20180101,21.03,21.03,21.03,21.03,0
DX-A,20180101,25.5,25.5,25.5,25.5,0
DX-B,20180101,24.77,24.77,24.77,24.77,0
DXB,20180101,25.46,25.46,25.46,25.46,0
DXC,20180101,94.9,94.9,94.9,94.9,0
DY,20180101,111.43,111.43,111.43,111.43,0
E,20180101,33.19,33.19,33.19,33.19,0
EAB,20180101,25.22,25.22,25.22,25.22,0
EAE,20180101,24.93,24.93,24.93,24.93,0
EAI,20180101,25.13,25.13,25.13,25.13,0
EARN,20180101,12.04,12.04,12.04,12.04,0
EAT,20180101,38.84,38.84,38.84,38.84,0
EBF,20180101,20.75,20.75,20.75,20.75,0
EBR,20180101,5.7,5.7,5.7,5.7,0
EBR.B,20180101,6.79,6.79,6.79,6.79,0
EBS,20180101,46.47,46.47,46.47,46.47,0
EC,20180101,14.63,14.63,14.63,14.63,0
ECC,20180101,18.81,18.81,18.81,18.81,0
ECCB,20180101,26.3,26.3,26.3,26.3,0
ECCY,20180101,25.4,25.4,25.4,25.4,0
ECL,20180101,134.18,134.18,134.18,134.18,0
ECOM,20180101,9,9,9,9,0
ECT,20180101,2.15,2.15,2.15,2.15,0
ED,20180101,84.95,84.95,84.95,84.95,0
EDD,20180101,7.7,7.7,7.7,7.7,0
EDF,20180101,15.91,15.91,15.91,15.91,0
EDI,20180101,15.57,15.57,15.57,15.57,0
EDN,20180101,49.7,49.7,49.7,49.7,0
EDU,20180101,94,94,94,94,0
EE,20180101,55.35,55.35,55.35,55.35,0
EEA,20180101,9.87,9.87,9.87,9.87,0
EEX,20180101,20.34,20.34,20.34,20.34,0
EFC,20180101,14.51,14.51,14.51,14.51,0
EFF,20180101,16.31,16.31,16.31,16.31,0
EFL,20180101,9.24,9.24,9.24,9.24,0
EFR,20180101,14.44,14.44,14.44,14.44,0
EFT,20180101,14.33,14.33,14.33,14.33,0
EFX,20180101,117.92,117.92,117.92,117.92,0
EGF,20180101,13.4,13.4,13.4,13.4,0
EGHT,20180101,14.1,14.1,14.1,14.1,0
EGIF,20180101,16.59,16.59,16.59,16.59,0
EGO,20180101,1.43,1.43,1.43,1.43,0
EGP,20180101,88.38,88.38,88.38,88.38,0
EGY,20180101,0.697,0.697,0.697,0.697,0
EHI,20180101,10.22,10.22,10.22,10.22,0
EHT,20180101,10,10,10,10,0
EIG,20180101,44.4,44.4,44.4,44.4,0
EIX,20180101,63.24,63.24,63.24,63.24,0
EL,20180101,127.24,127.24,127.24,127.24,0
ELC,20180101,24.82,24.82,24.82,24.82,0
ELF,20180101,22.31,22.31,22.31,22.31,0
ELJ,20180101,25.1,25.1,25.1,25.1,0
ELP,20180101,7.63,7.63,7.63,7.63,0
ELS,20180101,89.02,89.02,89.02,89.02,0
ELU,20180101,24.82,24.82,24.82,24.82,0
ELVT,20180101,7.53,7.53,7.53,7.53,0
ELY,20180101,13.93,13.93,13.93,13.93,0
EMD,20180101,15.55,15.55,15.55,15.55,0
EME,20180101,81.75,81.75,81.75,81.75,0
EMF,20180101,16.41,16.41,16.41,16.41,0
EMN,20180101,92.64,92.64,92.64,92.64,0
EMO,20180101,11.8,11.8,11.8,11.8,0
EMP,20180101,25.15,25.15,25.15,25.15,0
EMR,20180101,69.69,69.69,69.69,69.69,0
ENB,20180101,39.11,39.11,39.11,39.11,0
ENBL,20180101,14.22,14.22,14.22,14.22,0
ENIA,20180101,11.17,11.17,11.17,11.17,0
ENIC,20180101,5.68,5.68,5.68,5.68,0
ENJ,20180101,24.97,24.97,24.97,24.97,0
ENLC,20180101,17.6,17.6,17.6,17.6,0
ENO,20180101,25.62,25.62,25.62,25.62,0
ENR,20180101,47.98,47.98,47.98,47.98,0
ENS,20180101,69.63,69.63,69.63,69.63,0
ENV,20180101,49.85,49.85,49.85,49.85,0
ENVA,20180101,15.2,15.2,15.2,15.2,0
ENZ,20180101,8.15,8.15,8.15,8.15,0
EOD,20180101,5.93,5.93,5.93,5.93,0
EOG,20180101,107.91,107.91,107.91,107.91,0
EOI,20180101,14.51,14.51,14.51,14.51,0
EOS,20180101,15.22,15.22,15.22,15.22,0
EOT,20180101,22.53,22.53,22.53,22.53,0
EP-C,20180101,48.75,48.75,48.75,48.75,0
EPAM,20180101,107.43,107.43,107.43,107.43,0
EPC,20180101,59.39,59.39,59.39,59.39,0
EPD,20180101,26.51,26.51,26.51,26.51,0
EPR,20180101,65.46,65.46,65.46,65.46,0
EPR-C,20180101,26.92,26.92,26.92,26.92,0
EPR-E,20180101,36.85,36.85,36.85,36.85,0
EPR-G,20180101,25.03,25.03,25.03,25.03,0
EQC,20180101,30.51,30.51,30.51,30.51,0
EQC-D,20180101,26.34,26.34,26.34,26.34,0
EQM,20180101,73.1,73.1,73.1,73.1,0
EQR,20180101,63.77,63.77,63.77,63.77,0
EQS,20180101,2.4,2.4,2.4,2.4,0
EQT,20180101,56.92,56.92,56.92,56.92,0
ERA,20180101,10.75,10.75,10.75,10.75,0
ERF,20180101,9.79,9.79,9.79,9.79,0
ERJ,20180101,23.93,23.93,23.93,23.93,0
EROS,20180101,9.65,9.65,9.65,9.65,0
ES,20180101,63.18,63.18,63.18,63.18,0
ESE,20180101,60.25,60.25,60.25,60.25,0
ESNT,20180101,43.42,43.42,43.42,43.42,0
ESRT,20180101,20.53,20.53,20.53,20.53,0
ESS,20180101,241.37,241.37,241.37,241.37,0
ESTE,20180101,10.63,10.63,10.63,10.63,0
ETB,20180101,16.73,16.73,16.73,16.73,0
ETG,20180101,17.33,17.33,17.33,17.33,0
ETH,20180101,28.6,28.6,28.6,28.6,0
ETJ,20180101,9.63,9.63,9.63,9.63,0
ETM,20180101,10.8,10.8,10.8,10.8,0
ETN,20180101,79.01,79.01,79.01,79.01,0
ETO,20180101,25.4,25.4,25.4,25.4,0
ETR,20180101,81.39,81.39,81.39,81.39,0
ETV,20180101,15.37,15.37,15.37,15.37,0
ETW,20180101,11.92,11.92,11.92,11.92,0
ETX,20180101,20.72,20.72,20.72,20.72,0
ETY,20180101,12.19,12.19,12.19,12.19,0
EURN,20180101,9.25,9.25,9.25,9.25,0
EV,20180101,56.39,56.39,56.39,56.39,0
EVA,20180101,27.65,27.65,27.65,27.65,0
EVC,20180101,7.15,7.15,7.15,7.15,0
EVF,20180101,6.52,6.52,6.52,6.52,0
EVG,20180101,14.35,14.35,14.35,14.35,0
EVH,20180101,12.3,12.3,12.3,12.3,0
EVN,20180101,12.4,12.4,12.4,12.4,0
EVR,20180101,90,90,90,90,0
EVRI,20180101,7.54,7.54,7.54,7.54,0
EVT,20180101,23.27,23.27,23.27,23.27,0
EVTC,20180101,13.65,13.65,13.65,13.65,0
EW,20180101,112.71,112.71,112.71,112.71,0
EXD,20180101,10.25,10.25,10.25,10.25,0
EXG,20180101,9.38,9.38,9.38,9.38,0
EXK,20180101,2.39,2.39,2.39,2.39,0
EXP,20180101,113.3,113.3,113.3,113.3,0
EXPR,20180101,10.15,10.15,10.15,10.15,0
EXR,20180101,87.45,87.45,87.45,87.45,0
EXTN,20180101,31.44,31.44,31.44,31.44,0
EZT,20180101,26.51,26.51,26.51,26.51,0
F,20180101,12.49,12.49,12.49,12.49,0
FAF,20180101,56.04,56.04,56.04,56.04,0
FAM,20180101,11.66,11.66,11.66,11.66,0
FBC,20180101,37.42,37.42,37.42,37.42,0
FBHS,20180101,68.44,68.44,68.44,68.44,0
FBK,20180101,41.99,41.99,41.99,41.99,0
FBM,20180101,14.79,14.79,14.79,14.79,0
FBP,20180101,5.1,5.1,5.1,5.1,0
FC,20180101,20.75,20.75,20.75,20.75,0
FCAU,20180101,17.84,17.84,17.84,17.84,0
FCF,20180101,14.32,14.32,14.32,14.32,0
FCN,20180101,42.96,42.96,42.96,42.96,0
FCPT,20180101,25.7,25.7,25.7,25.7,0
FCT,20180101,12.9,12.9,12.9,12.9,0
FCX,20180101,18.96,18.96,18.96,18.96,0
FDEU,20180101,18.83,18.83,18.83,18.83,0
FDP,20180101,47.67,47.67,47.67,47.67,0
FDS,20180101,192.76,192.76,192.76,192.76,0
FDX,20180101,249.54,249.54,249.54,249.54,0
FE,20180101,30.62,30.62,30.62,30.62,0
FEDU,20180101,9,9,9,9,0
FEI,20180101,15.65,15.65,15.65,15.65,0
FENG,20180101,6.49,6.49,6.49,6.49,0
FEO,20180101,16.32,16.32,16.32,16.32,0
FET,20180101,15.55,15.55,15.55,15.55,0
FF,20180101,14.09,14.09,14.09,14.09,0
FFA,20180101,16.19,16.19,16.19,16.19,0
FFC,20180101,20.46,20.46,20.46,20.46,0
FFG,20180101,69.65,69.65,69.65,69.65,0
FG,20180101,10.07,10.07,10.07,10.07,0
FG.W,20180101,1.55,1.55,1.55,1.55,0
FGB,20180101,6.14,6.14,6.14,6.14,0
FHN,20180101,19.99,19.99,19.99,19.99,0
FHN-A,20180101,25.2,25.2,25.2,25.2,0
FI,20180101,6.65,6.65,6.65,6.65,0
FICO,20180101,153.2,153.2,153.2,153.2,0
FIF,20180101,17.93,17.93,17.93,17.93,0
FIS,20180101,94.09,94.09,94.09,94.09,0
FIT,20180101,5.71,5.71,5.71,5.71,0
FIV,20180101,9.13,9.13,9.13,9.13,0
FIX,20180101,43.65,43.65,43.65,43.65,0
FL,20180101,46.88,46.88,46.88,46.88,0
FLC,20180101,21.61,21.61,21.61,21.61,0
FLO,20180101,19.31,19.31,19.31,19.31,0
FLOW,20180101,47.55,47.55,47.55,47.55,0
FLR,20180101,51.65,51.65,51.65,51.65,0
FLS,20180101,42.13,42.13,42.13,42.13,0
FLT,20180101,192.43,192.43,192.43,192.43,0
FLY,20180101,12.91,12.91,12.91,12.91,0
FMC,20180101,94.66,94.66,94.66,94.66,0
FMN,20180101,14.04,14.04,14.04,14.04,0
FMO,20180101,13.15,13.15,13.15,13.15,0
FMS,20180101,52.55,52.55,52.55,52.55,0
FMX,20180101,93.9,93.9,93.9,93.9,0
FMY,20180101,14.3,14.3,14.3,14.3,0
FN,20180101,28.7,28.7,28.7,28.7,0
FNB,20180101,13.82,13.82,13.82,13.82,0
FNB-E,20180101,29.24,29.24,29.24,29.24,0
FND,20180101,48.68,48.68,48.68,48.68,0
FNF,20180101,39.24,39.24,39.24,39.24,0
FNV,20180101,79.95,79.95,79.95,79.95,0
FOE,20180101,23.59,23.59,23.59,23.59,0
FOF,20180101,13.31,13.31,13.31,13.31,0
FOR,20180101,22,22,22,22,0
FPF,20180101,24.37,24.37,24.37,24.37,0
FPH,20180101,14.1,14.1,14.1,14.1,0
FPI,20180101,8.68,8.68,8.68,8.68,0
FPI-B,20180101,25.77,25.77,25.77,25.77,0
FPL,20180101,11.974,11.974,11.974,11.974,0
FR,20180101,31.47,31.47,31.47,31.47,0
FRA,20180101,13.79,13.79,13.79,13.79,0
FRC,20180101,86.64,86.64,86.64,86.64,0
FRC-F,20180101,25.78,25.78,25.78,25.78,0
FRC-G,20180101,25.85,25.85,25.85,25.85,0
FRC-H,20180101,25.4,25.4,25.4,25.4,0
FRO,20180101,4.59,4.59,4.59,4.59,0
FRT,20180101,132.81,132.81,132.81,132.81,0
FRT-C,20180101,25.17,25.17,25.17,25.17,0
FSB,20180101,34.1,34.1,34.1,34.1,0
FSD,20180101,16.56,16.56,16.56,16.56,0
FSM,20180101,5.22,5.22,5.22,5.22,0
FSS,20180101,20.09,20.09,20.09,20.09,0
FT,20180101,7.17,7.17,7.17,7.17,0
FTAI,20180101,19.93,19.93,19.93,19.93,0
FTI,20180101,31.31,31.31,31.31,31.31,0
FTK,20180101,4.66,4.66,4.66,4.66,0
FTS,20180101,36.67,36.67,36.67,36.67,0
FTV,20180101,72.35,72.35,72.35,72.35,0
FUL,20180101,53.87,53.87,53.87,53.87,0
FUN,20180101,64.99,64.99,64.99,64.99,0
G,20180101,31.74,31.74,31.74,31.74,0
GAB,20180101,6.19,6.19,6.19,6.19,0
GAB-G,20180101,24.69,24.69,24.69,24.69,0
GAB-H,20180101,25.13,25.13,25.13,25.13,0
GAB-J,20180101,25.54,25.54,25.54,25.54,0
GAM,20180101,34.4,34.4,34.4,34.4,0
GAM-B,20180101,26.59,26.59,26.59,26.59,0
GATX,20180101,62.16,62.16,62.16,62.16,0
GBAB,20180101,22.73,22.73,22.73,22.73,0
GBL,20180101,29.65,29.65,29.65,29.65,0
GBX,20180101,53.3,53.3,53.3,53.3,0
GCAP,20180101,10,10,10,10,0
GCI,20180101,11.59,11.59,11.59,11.59,0
GCO,20180101,32.5,32.5,32.5,32.5,0
GCP,20180101,31.9,31.9,31.9,31.9,0
GCV,20180101,5.9,5.9,5.9,5.9,0
GD,20180101,203.45,203.45,203.45,203.45,0
GDDY,20180101,50.28,50.28,50.28,50.28,0
GDI,20180101,33.93,33.93,33.93,33.93,0
GDL,20180101,9.73,9.73,9.73,9.73,0
GDO,20180101,18,18,18,18,0
GDOT,20180101,60.26,60.26,60.26,60.26,0
GDV,20180101,23.41,23.41,23.41,23.41,0
GDV-A,20180101,26.14,26.14,26.14,26.14,0
GDV-G,20180101,25.35,25.35,25.35,25.35,0
GE,20180101,17.45,17.45,17.45,17.45,0
GEF,20180101,60.58,60.58,60.58,60.58,0
GEF.B,20180101,69.35,69.35,69.35,69.35,0
GEL,20180101,22.35,22.35,22.35,22.35,0
GEN,20180101,0.763,0.763,0.763,0.763,0
GEO,20180101,23.6,23.6,23.6,23.6,0
GER,20180101,6.15,6.15,6.15,6.15,0
GES,20180101,16.88,16.88,16.88,16.88,0
GF,20180101,19.44,19.44,19.44,19.44,0
GFF,20180101,20.35,20.35,20.35,20.35,0
GFI,20180101,4.3,4.3,4.3,4.3,0
GFY,20180101,17.37,17.37,17.37,17.37,0
GGB,20180101,3.72,3.72,3.72,3.72,0
GGG,20180101,45.22,45.22,45.22,45.22,0
GGM,20180101,21.93,21.93,21.93,21.93,0
GGT,20180101,9.2,9.2,9.2,9.2,0
GGT-E,20180101,25.1,25.1,25.1,25.1,0
GGZ,20180101,12.74,12.74,12.74,12.74,0
GGZ-A,20180101,25.49,25.49,25.49,25.49,0
GHC,20180101,558.35,558.35,558.35,558.35,0
GHL,20180101,19.5,19.5,19.5,19.5,0
GHM,20180101,20.93,20.93,20.93,20.93,0
GHY,20180101,14.41,14.41,14.41,14.41,0
GIB,20180101,54.33,54.33,54.33,54.33,0
GIL,20180101,32.3,32.3,32.3,32.3,0
GIM,20180101,6.46,6.46,6.46,6.46,0
GIS,20180101,59.29,59.29,59.29,59.29,0
GJH,20180101,10.05,10.05,10.05,10.05,0
GJO,20180101,22.255,22.255,22.255,22.255,0
GJP,20180101,22.94,22.94,22.94,22.94,0
GJR,20180101,22.02,22.02,22.02,22.02,0
GJS,20180101,20.25,20.25,20.25,20.25,0
GJT,20180101,20,20,20,20,0
GKOS,20180101,25.65,25.65,25.65,25.65,0
GLO-A,20180101,26.1,26.1,26.1,26.1,0
GLO-G,20180101,26.6,26.6,26.6,26.6,0
GLOB,20180101,46.46,46.46,46.46,46.46,0
GLOG,20180101,22.25,22.25,22.25,22.25,0
GLOP,20180101,24.75,24.75,24.75,24.75,0
GLP,20180101,16.7,16.7,16.7,16.7,0
GLT,20180101,21.44,21.44,21.44,21.44,0
GLW,20180101,31.99,31.99,31.99,31.99,0
GM,20180101,40.99,40.99,40.99,40.99,0
GME,20180101,17.95,17.95,17.95,17.95,0
GMED,20180101,41.1,41.1,41.1,41.1,0
GMR-A,20180101,25.32,25.32,25.32,25.32,0
GMRE,20180101,8.2,8.2,8.2,8.2,0
GMS,20180101,37.64,37.64,37.64,37.64,0
GMTA,20180101,26.27,26.27,26.27,26.27,0
GMZ,20180101,8.94,8.94,8.94,8.94,0
GNC,20180101,3.69,3.69,3.69,3.69,0
GNE,20180101,4.36,4.36,4.36,4.36,0
GNE-A,20180101,7.34,7.34,7.34,7.34,0
GNK,20180101,13.32,13.32,13.32,13.32,0
GNL,20180101,20.58,20.58,20.58,20.58,0
GNL-A,20180101,25.67,25.67,25.67,25.67,0
GNRC,20180101,49.52,49.52,49.52,49.52,0
GNT,20180101,6.71,6.71,6.71,6.71,0
GNT-A,20180101,25.01,25.01,25.01,25.01,0
GNW,20180101,3.11,3.11,3.11,3.11,0
GOF,20180101,21.58,21.58,21.58,21.58,0
GOL,20180101,8.76,8.76,8.76,8.76,0
GOLF,20180101,21.08,21.08,21.08,21.08,0
GOOS,20180101,31.56,31.56,31.56,31.56,0
GPC,20180101,95.01,95.01,95.01,95.01,0
GPI,20180101,70.97,70.97,70.97,70.97,0
GPJA,20180101,25.61,25.61,25.61,25.61,0
GPK,20180101,15.45,15.45,15.45,15.45,0
GPM,20180101,8.9,8.9,8.9,8.9,0
GPMT,20180101,17.74,17.74,17.74,17.74,0
GPN,20180101,100.24,100.24,100.24,100.24,0
GPRK,20180101,9.91,9.91,9.91,9.91,0
GPS,20180101,34.06,34.06,34.06,34.06,0
GPX,20180101,23.2,23.2,23.2,23.2,0
GRA,20180101,70.13,70.13,70.13,70.13,0
GRAM,20180101,2.85,2.85,2.85,2.85,0
GRC,20180101,31.21,31.21,31.21,31.21,0
GRP.U,20180101,39.08,39.08,39.08,39.08,0
GRUB,20180101,71.8,71.8,71.8,71.8,0
GRX,20180101,10.32,10.32,10.32,10.32,0
GRX-A,20180101,25.81,25.81,25.81,25.81,0
GRX-B,20180101,26.33,26.33,26.33,26.33,0
GS,20180101,254.76,254.76,254.76,254.76,0
GS-A,20180101,22.55,22.55,22.55,22.55,0
GS-C,20180101,22.75,22.75,22.75,22.75,0
GS-D,20180101,22.59,22.59,22.59,22.59,0
GS-J,20180101,26.51,26.51,26.51,26.51,0
GS-K,20180101,28.56,28.56,28.56,28.56,0
GS-N,20180101,27.84,27.84,27.84,27.84,0
GSBD,20180101,22.18,22.18,22.18,22.18,0
GSH,20180101,33.4,33.4,33.4,33.4,0
GSK,20180101,35.47,35.47,35.47,35.47,0
GSL,20180101,9.28,9.28,9.28,9.28,0
GSL-B,20180101,23.92,23.92,23.92,23.92,0
GTN,20180101,16.75,16.75,16.75,16.75,0
GTN.A,20180101,14.35,14.35,14.35,14.35,0
GTS,20180101,24.85,24.85,24.85,24.85,0
GTT,20180101,46.95,46.95,46.95,46.95,0
GTY,20180101,27.16,27.16,27.16,27.16,0
GUT,20180101,7.1,7.1,7.1,7.1,0
GUT-A,20180101,25.6,25.6,25.6,25.6,0
GUT-C,20180101,25.45,25.45,25.45,25.45,0
GVA,20180101,63.43,63.43,63.43,63.43,0
GWB,20180101,39.8,39.8,39.8,39.8,0
GWRE,20180101,74.26,74.26,74.26,74.26,0
GWW,20180101,236.25,236.25,236.25,236.25,0
GYC,20180101,22.56,22.56,22.56,22.56,0
H,20180101,73.54,73.54,73.54,73.54,0
HAE,20180101,58.08,58.08,58.08,58.08,0
HAL,20180101,48.87,48.87,48.87,48.87,0
HASI,20180101,24.06,24.06,24.06,24.06,0
HBB,20180101,25.69,25.69,25.69,25.69,0
HBI,20180101,20.91,20.91,20.91,20.91,0
HBM,20180101,8.8,8.8,8.8,8.8,0
HCA,20180101,87.84,87.84,87.84,87.84,0
HCC,20180101,25.15,25.15,25.15,25.15,0
HCHC,20180101,5.95,5.95,5.95,5.95,0
HCI,20180101,29.9,29.9,29.9,29.9,0
HD,20180101,189.53,189.53,189.53,189.53,0
HDB,20180101,50.835,50.835,50.835,50.835,0
HE,20180101,36.15,36.15,36.15,36.15,0
HEI,20180101,60.384,60.384,60.384,60.384,0
HEI.A,20180101,50.592,50.592,50.592,50.592,0
HEP,20180101,32.49,32.49,32.49,32.49,0
HEQ,20180101,17.41,17.41,17.41,17.41,0
HES,20180101,47.47,47.47,47.47,47.47,0
HESM,20180101,19.81,19.81,19.81,19.81,0
HFC,20180101,51.22,51.22,51.22,51.22,0
HFRO,20180101,15.5,15.5,15.5,15.5,0
HGH,20180101,29.26,29.26,29.26,29.26,0
HGV,20180101,41.95,41.95,41.95,41.95,0
HHC,20180101,131.27,131.27,131.27,131.27,0
HHS,20180101,9.49,9.49,9.49,9.49,0
HI,20180101,44.7,44.7,44.7,44.7,0
HIE,20180101,12.47,12.47,12.47,12.47,0
HIG,20180101,56.28,56.28,56.28,56.28,0
HII,20180101,235.7,235.7,235.7,235.7,0
HIL,20180101,5.45,5.45,5.45,5.45,0
HIO,20180101,5.07,5.07,5.07,5.07,0
HIW,20180101,50.91,50.91,50.91,50.91,0
HIX,20180101,6.97,6.97,6.97,6.97,0
HJV,20180101,12.34,12.34,12.34,12.34,0
HL,20180101,3.97,3.97,3.97,3.97,0
HL-B,20180101,53,53,53,53,0
HLF,20180101,33.86,33.86,33.86,33.86,0
HLI,20180101,45.43,45.43,45.43,45.43,0
HLT,20180101,79.86,79.86,79.86,79.86,0
HLX,20180101,7.54,7.54,7.54,7.54,0
HMC,20180101,34.08,34.08,34.08,34.08,0
HML-A,20180101,26.91,26.91,26.91,26.91,0
HMLP,20180101,18.65,18.65,18.65,18.65,0
HMN,20180101,44.1,44.1,44.1,44.1,0
HMY,20180101,1.87,1.87,1.87,1.87,0
HNI,20180101,38.57,38.57,38.57,38.57,0
HNP,20180101,25,25,25,25,0
HOG,20180101,50.88,50.88,50.88,50.88,0
HOME,20180101,30.39,30.39,30.39,30.39,0
HON,20180101,153.36,153.36,153.36,153.36,0
HOV,20180101,83.75,83.75,83.75,83.75,0
HP,20180101,64.64,64.64,64.64,64.64,0
HPE,20180101,14.36,14.36,14.36,14.36,0
HPF,20180101,21.49,21.49,21.49,21.49,0
HPI,20180101,21.42,21.42,21.42,21.42,0
HPP,20180101,34.25,34.25,34.25,34.25,0
HPQ,20180101,21.01,21.01,21.01,21.01,0
HPS,20180101,18.75,18.75,18.75,18.75,0
HQH,20180101,22.55,22.55,22.55,22.55,0
HQL,20180101,19.63,19.63,19.63,19.63,0
HR,20180101,32.12,32.12,32.12,32.12,0
HRB,20180101,26.22,26.22,26.22,26.22,0
HRC,20180101,84.29,84.29,84.29,84.29,0
HRI,20180101,62.61,62.61,62.61,62.61,0
HRL,20180101,36.39,36.39,36.39,36.39,0
HRTG,20180101,18.02,18.02,18.02,18.02,0
HSB-A,20180101,25.82,25.82,25.82,25.82,0
HSBC,20180101,51.64,51.64,51.64,51.64,0
HSC,20180101,18.65,18.65,18.65,18.65,0
HST,20180101,19.85,19.85,19.85,19.85,0
HSY,20180101,113.51,113.51,113.51,113.51,0
HT,20180101,17.4,17.4,17.4,17.4,0
HT-C,20180101,25.14,25.14,25.14,25.14,0
HT-D,20180101,24.66,24.66,24.66,24.66,0
HT-E,20180101,24.74,24.74,24.74,24.74,0
HTA,20180101,30.04,30.04,30.04,30.04,0
HTD,20180101,24.66,24.66,24.66,24.66,0
HTFA,20180101,25.4,25.4,25.4,25.4,0
HTGC,20180101,13.12,13.12,13.12,13.12,0
HTH,20180101,25.33,25.33,25.33,25.33,0
HTY,20180101,8.82,8.82,8.82,8.82,0
HTZ,20180101,22.1,22.1,22.1,22.1,0
HUBB,20180101,135.34,135.34,135.34,135.34,0
HUBS,20180101,88.4,88.4,88.4,88.4,0
HUM,20180101,248.07,248.07,248.07,248.07,0
HUN,20180101,33.29,33.29,33.29,33.29,0
HVT,20180101,22.65,22.65,22.65,22.65,0
HVT.A,20180101,23.35,23.35,23.35,23.35,0
HXL,20180101,61.85,61.85,61.85,61.85,0
HY,20180101,85.16,85.16,85.16,85.16,0
HYB,20180101,9.4,9.4,9.4,9.4,0
HYI,20180101,15.12,15.12,15.12,15.12,0
HYT,20180101,10.94,10.94,10.94,10.94,0
HZN,20180101,14.02,14.02,14.02,14.02,0
HZO,20180101,18.9,18.9,18.9,18.9,0
I,20180101,3.39,3.39,3.39,3.39,0
IAE,20180101,10.48,10.48,10.48,10.48,0
IAG,20180101,5.83,5.83,5.83,5.83,0
IBA,20180101,57.3,57.3,57.3,57.3,0
IBM,20180101,153.42,153.42,153.42,153.42,0
IBN,20180101,9.73,9.73,9.73,9.73,0
IBP,20180101,75.95,75.95,75.95,75.95,0
ICD,20180101,3.98,3.98,3.98,3.98,0
ICE,20180101,70.56,70.56,70.56,70.56,0
ICL,20180101,4.04,4.04,4.04,4.04,0
IDA,20180101,91.36,91.36,91.36,91.36,0
IDE,20180101,16.85,16.85,16.85,16.85,0
IDT,20180101,10.6,10.6,10.6,10.6,0
IEX,20180101,131.97,131.97,131.97,131.97,0
IFF,20180101,152.61,152.61,152.61,152.61,0
IFN,20180101,26.12,26.12,26.12,26.12,0
IGA,20180101,11.43,11.43,11.43,11.43,0
IGD,20180101,7.75,7.75,7.75,7.75,0
IGI,20180101,22.86,22.86,22.86,22.86,0
IGR,20180101,7.92,7.92,7.92,7.92,0
IGT,20180101,26.51,26.51,26.51,26.51,0
IHC,20180101,27.45,27.45,27.45,27.45,0
IHD,20180101,8.9,8.9,8.9,8.9,0
IHG,20180101,63.51,63.51,63.51,63.51,0
IHIT,20180101,9.79,9.79,9.79,9.79,0
IHTA,20180101,10.31,10.31,10.31,10.31,0
IID,20180101,7.54,7.54,7.54,7.54,0
IIF,20180101,33.15,33.15,33.15,33.15,0
IIM,20180101,14.9,14.9,14.9,14.9,0
IIP-A,20180101,27.94,27.94,27.94,27.94,0
IIPR,20180101,32.31,32.31,32.31,32.31,0
IMAX,20180101,23.15,23.15,23.15,23.15,0
INF,20180101,12.93,12.93,12.93,12.93,0
INFY,20180101,8.11,8.11,8.11,8.11,0
ING,20180101,18.46,18.46,18.46,18.46,0
INGR,20180101,139.8,139.8,139.8,139.8,0
INN,20180101,15.23,15.23,15.23,15.23,0
INN-D,20180101,25.49,25.49,25.49,25.49,0
INN-E,20180101,25.67,25.67,25.67,25.67,0
INSI,20180101,19.9,19.9,19.9,19.9,0
INST,20180101,33.1,33.1,33.1,33.1,0
INSW,20180101,18.46,18.46,18.46,18.46,0
INT,20180101,28.14,28.14,28.14,28.14,0
INVH,20180101,23.57,23.57,23.57,23.57,0
INXN,20180101,58.93,58.93,58.93,58.93,0
IO,20180101,19.75,19.75,19.75,19.75,0
IP,20180101,57.94,57.94,57.94,57.94,0
IPG,20180101,20.16,20.16,20.16,20.16,0
IPHI,20180101,36.6,36.6,36.6,36.6,0
IPI,20180101,4.76,4.76,4.76,4.76,0
IQI,20180101,12.51,12.51,12.51,12.51,0
IQV,20180101,97.9,97.9,97.9,97.9,0
IR,20180101,89.19,89.19,89.19,89.19,0
IRE-C,20180101,26.015,26.015,26.015,26.015,0
IRET,20180101,5.68,5.68,5.68,5.68,0
IRL,20180101,12.53,12.53,12.53,12.53,0
IRM,20180101,37.73,37.73,37.73,37.73,0
IRR,20180101,6.26,6.26,6.26,6.26,0
IRS,20180101,29.6,29.6,29.6,29.6,0
IRT,20180101,10.09,10.09,10.09,10.09,0
ISD,20180101,14.77,14.77,14.77,14.77,0
ISG,20180101,25.54,25.54,25.54,25.54,0
IT,20180101,123.15,123.15,123.15,123.15,0
ITCB,20180101,13.44,13.44,13.44,13.44,0
ITGR,20180101,45.3,45.3,45.3,45.3,0
ITT,20180101,53.37,53.37,53.37,53.37,0
ITUB,20180101,8.6667,8.6667,8.6667,8.6667,0
ITW,20180101,166.85,166.85,166.85,166.85,0
IVC,20180101,16.85,16.85,16.85,16.85,0
IVH,20180101,15.12,15.12,15.12,15.12,0
IVR,20180101,17.83,17.83,17.83,17.83,0
IVR-A,20180101,25.02,25.02,25.02,25.02,0
IVR-B,20180101,25.76,25.76,25.76,25.76,0
IVR-C,20180101,24.99,24.99,24.99,24.99,0
IVZ,20180101,36.54,36.54,36.54,36.54,0
IX,20180101,84.78,84.78,84.78,84.78,0
JAX,20180101,9.7,9.7,9.7,9.7,0
JBGS,20180101,34.73,34.73,34.73,34.73,0
JBK,20180101,25.14,25.14,25.14,25.14,0
JBL,20180101,26.25,26.25,26.25,26.25,0
JBN,20180101,12.57,12.57,12.57,12.57,0
JBR,20180101,12.49,12.49,12.49,12.49,0
JBT,20180101,110.8,110.8,110.8,110.8,0
JCAP,20180101,19.01,19.01,19.01,19.01,0
JCE,20180101,14.6,14.6,14.6,14.6,0
JCI,20180101,38.11,38.11,38.11,38.11,0
JCO,20180101,9.49,9.49,9.49,9.49,0
JCP,20180101,3.16,3.16,3.16,3.16,0
JDD,20180101,12.3,12.3,12.3,12.3,0
JE,20180101,4.29,4.29,4.29,4.29,0
JE-A,20180101,24.87,24.87,24.87,24.87,0
JELD,20180101,39.37,39.37,39.37,39.37,0
JEMD,20180101,9.4,9.4,9.4,9.4,0
JEQ,20180101,9.02,9.02,9.02,9.02,0
JFR,20180101,11.21,11.21,11.21,11.21,0
JGH,20180101,16.91,16.91,16.91,16.91,0
JHB,20180101,9.96,9.96,9.96,9.96,0
JHG,20180101,38.26,38.26,38.26,38.26,0
JHI,20180101,17.5,17.5,17.5,17.5,0
JHS,20180101,14.85,14.85,14.85,14.85,0
JHX,20180101,17.61,17.61,17.61,17.61,0
JHY,20180101,9.91,9.91,9.91,9.91,0
JILL,20180101,7.8,7.8,7.8,7.8,0
JKS,20180101,24.05,24.05,24.05,24.05,0
JLL,20180101,148.93,148.93,148.93,148.93,0
JLS,20180101,24.69,24.69,24.69,24.69,0
JMEI,20180101,2.92,2.92,2.92,2.92,0
JMF,20180101,11.39,11.39,11.39,11.39,0
JMLP,20180101,8.56,8.56,8.56,8.56,0
JMM,20180101,7.62,7.62,7.62,7.62,0
JMP,20180101,5.6,5.6,5.6,5.6,0
JNJ,20180101,139.72,139.72,139.72,139.72,0
JNPR,20180101,28.5,28.5,28.5,28.5,0
JOE,20180101,18.05,18.05,18.05,18.05,0
JOF,20180101,11.81,11.81,11.81,11.81,0
JP,20180101,18.49,18.49,18.49,18.49,0
JPC,20180101,10.34,10.34,10.34,10.34,0
JPI,20180101,24.76,24.76,24.76,24.76,0
JPM,20180101,106.94,106.94,106.94,106.94,0
JPM-F,20180101,26.65,26.65,26.65,26.65,0
JPM-G,20180101,26.97,26.97,26.97,26.97,0
JPM-H,20180101,26.93,26.93,26.93,26.93,0
JPS,20180101,10.2,10.2,10.2,10.2,0
JPT,20180101,25.12,25.12,25.12,25.12,0
JQC,20180101,8.22,8.22,8.22,8.22,0
JRI,20180101,17.8,17.8,17.8,17.8,0
JRO,20180101,11.4,11.4,11.4,11.4,0
JRS,20180101,11.26,11.26,11.26,11.26,0
JSD,20180101,16.63,16.63,16.63,16.63,0
JT,20180101,6.48,6.48,6.48,6.48,0
JTA,20180101,13.95,13.95,13.95,13.95,0
JTD,20180101,17.58,17.58,17.58,17.58,0
JW.A,20180101,65.75,65.75,65.75,65.75,0
JW.B,20180101,65.67,65.67,65.67,65.67,0
JWN,20180101,47.38,47.38,47.38,47.38,0
K,20180101,67.98,67.98,67.98,67.98,0
KAI,20180101,100.4,100.4,100.4,100.4,0
KAMN,20180101,58.84,58.84,58.84,58.84,0
KAR,20180101,19.1326,19.1326,19.1326,19.1326,0
KB,20180101,58.51,58.51,58.51,58.51,0
KBH,20180101,31.95,31.95,31.95,31.95,0
KBR,20180101,19.83,19.83,19.83,19.83,0
KDMN,20180101,3.62,3.62,3.62,3.62,0
KEM,20180101,15.06,15.06,15.06,15.06,0
KEN,20180101,21.65,21.65,21.65,21.65,0
KEP,20180101,17.71,17.71,17.71,17.71,0
KEX,20180101,66.8,66.8,66.8,66.8,0
KEY,20180101,20.17,20.17,20.17,20.17,0
KEY-I,20180101,28.92,28.92,28.92,28.92,0
KEYS,20180101,41.6,41.6,41.6,41.6,0
KF,20180101,41.27,41.27,41.27,41.27,0
KFS,20180101,5.05,5.05,5.05,5.05,0
KFY,20180101,41.38,41.38,41.38,41.38,0
KGC,20180101,4.32,4.32,4.32,4.32,0
KIM,20180101,18.15,18.15,18.15,18.15,0
KIM-L,20180101,24.74,24.74,24.74,24.74,0
KIM-M,20180101,24.94,24.94,24.94,24.94,0
KIO,20180101,16.05,16.05,16.05,16.05,0
KKR,20180101,21.06,21.06,21.06,21.06,0
KKR-A,20180101,27.01,27.01,27.01,27.01,0
KKR-B,20180101,26.75,26.75,26.75,26.75,0
KL,20180101,15.36,15.36,15.36,15.36,0
KMB,20180101,120.66,120.66,120.66,120.66,0
KMF,20180101,13.8,13.8,13.8,13.8,0
KMI,20180101,18.07,18.07,18.07,18.07,0
KMPR,20180101,68.9,68.9,68.9,68.9,0
KMT,20180101,48.41,48.41,48.41,48.41,0
KMX,20180101,64.13,64.13,64.13,64.13,0
KN,20180101,14.66,14.66,14.66,14.66,0
KNL,20180101,23.04,23.04,23.04,23.04,0
KNOP,20180101,20.75,20.75,20.75,20.75,0
KNX,20180101,43.72,43.72,43.72,43.72,0
KO,20180101,45.88,45.88,45.88,45.88,0
KODK,20180101,3.1,3.1,3.1,3.1,0
KOF,20180101,69.62,69.62,69.62,69.62,0
KOP,20180101,50.9,50.9,50.9,50.9,0
KOS,20180101,6.85,6.85,6.85,6.85,0
KR,20180101,27.45,27.45,27.45,27.45,0
KRA,20180101,48.17,48.17,48.17,48.17,0
KRC,20180101,74.65,74.65,74.65,74.65,0
KREF,20180101,20.01,20.01,20.01,20.01,0
KRG,20180101,19.6,19.6,19.6,19.6,0
KRO,20180101,25.77,25.77,25.77,25.77,0
KRP,20180101,16.25,16.25,16.25,16.25,0
KSM,20180101,11.78,11.78,11.78,11.78,0
KSS,20180101,54.23,54.23,54.23,54.23,0
KSU,20180101,105.22,105.22,105.22,105.22,0
KSU.P,20180101,27.25,27.25,27.25,27.25,0
KT,20180101,15.61,15.61,15.61,15.61,0
KTF,20180101,11.9,11.9,11.9,11.9,0
KTH,20180101,32.34,32.34,32.34,32.34,0
KTN,20180101,32.73,32.73,32.73,32.73,0
KTP,20180101,14.27,14.27,14.27,14.27,0
KW,20180101,17.35,17.35,17.35,17.35,0
KWR,20180101,150.79,150.79,150.79,150.79,0
KYN,20180101,19.05,19.05,19.05,19.05,0
KYN-F,20180101,25.25,25.25,25.25,25.25,0
L,20180101,50.03,50.03,50.03,50.03,0
LAD,20180101,113.59,113.59,113.59,113.59,0
LADR,20180101,13.63,13.63,13.63,13.63,0
LAZ,20180101,52.5,52.5,52.5,52.5,0
LB,20180101,60.22,60.22,60.22,60.22,0
LC,20180101,20.65,20.65,20.65,20.65,0
LCI,20180101,23.2,23.2,23.2,23.2,0
LCII,20180101,130,130,130,130,0
LDL,20180101,50.75,50.75,50.75,50.75,0
LDOS,20180101,64.57,64.57,64.57,64.57,0
LDP,20180101,26.07,26.07,26.07,26.07,0
LEA,20180101,176.66,176.66,176.66,176.66,0
LEE,20180101,2.35,2.35,2.35,2.35,0
LEG,20180101,47.73,47.73,47.73,47.73,0
LEJU,20180101,1.44,1.44,1.44,1.44,0
LEN,20180101,63.24,63.24,63.24,63.24,0
LEN.B,20180101,51.68,51.68,51.68,51.68,0
LEO,20180101,8.64,8.64,8.64,8.64,0
LFC,20180101,15.61,15.61,15.61,15.61,0
LGC,20180101,9.63,9.63,9.63,9.63,0
LGC.U,20180101,9.94,9.94,9.94,9.94,0
LGC.W,20180101,0.42,0.42,0.42,0.42,0
LGF.A,20180101,33.81,33.81,33.81,33.81,0
LGF.B,20180101,31.74,31.74,31.74,31.74,0
LGI,20180101,18,18,18,18,0
LH,20180101,159.51,159.51,159.51,159.51,0
LII,20180101,208.26,208.26,208.26,208.26,0
LITB,20180101,2.3,2.3,2.3,2.3,0
LL,20180101,31.39,31.39,31.39,31.39,0
LLY,20180101,84.46,84.46,84.46,84.46,0
LM,20180101,41.98,41.98,41.98,41.98,0
LMHA,20180101,27.26,27.26,27.26,27.26,0
LMHB,20180101,25.26,25.26,25.26,25.26,0
LMT,20180101,321.05,321.05,321.05,321.05,0
LN,20180101,40.99,40.99,40.99,40.99,0
LNC,20180101,76.87,76.87,76.87,76.87,0
LND,20180101,3.5,3.5,3.5,3.5,0
LNN,20180101,88.2,88.2,88.2,88.2,0
LOMA,20180101,23.04,23.04,23.04,23.04,0
LOW,20180101,92.94,92.94,92.94,92.94,0
LPG,20180101,8.22,8.22,8.22,8.22,0
LPI,20180101,10.61,10.61,10.61,10.61,0
LPL,20180101,13.76,13.76,13.76,13.76,0
LPT,20180101,43.01,43.01,43.01,43.01,0
LPX,20180101,26.26,26.26,26.26,26.26,0
LRN,20180101,15.9,15.9,15.9,15.9,0
LSI,20180101,89.07,89.07,89.07,89.07,0
LTC,20180101,43.55,43.55,43.55,43.55,0
LTM,20180101,13.9,13.9,13.9,13.9,0
LUB,20180101,2.64,2.64,2.64,2.64,0
LUV,20180101,65.45,65.45,65.45,65.45,0
LVS,20180101,69.49,69.49,69.49,69.49,0
LW,20180101,56.45,56.45,56.45,56.45,0
LXFR,20180101,15.8,15.8,15.8,15.8,0
LXP,20180101,9.65,9.65,9.65,9.65,0
LXP-C,20180101,51.33,51.33,51.33,51.33,0
LXU,20180101,8.76,8.76,8.76,8.76,0
LYB,20180101,110.32,110.32,110.32,110.32,0
LYG,20180101,3.75,3.75,3.75,3.75,0
LYV,20180101,42.57,42.57,42.57,42.57,0
LZB,20180101,31.2,31.2,31.2,31.2,0
M,20180101,25.19,25.19,25.19,25.19,0
MA,20180101,151.36,151.36,151.36,151.36,0
MAA,20180101,100.56,100.56,100.56,100.56,0
MAA-I,20180101,67.32,67.32,67.32,67.32,0
MAC,20180101,65.68,65.68,65.68,65.68,0
MAIN,20180101,39.73,39.73,39.73,39.73,0
MAN,20180101,126.11,126.11,126.11,126.11,0
MANU,20180101,19.8,19.8,19.8,19.8,0
MAS,20180101,43.94,43.94,43.94,43.94,0
MATX,20180101,29.84,29.84,29.84,29.84,0
MAV,20180101,11.37,11.37,11.37,11.37,0
MAXR,20180101,64.32,64.32,64.32,64.32,0
MBI,20180101,7.32,7.32,7.32,7.32,0
MBT,20180101,10.19,10.19,10.19,10.19,0
MC,20180101,48.5,48.5,48.5,48.5,0
MCA,20180101,14.66,14.66,14.66,14.66,0
MCB,20180101,42.1,42.1,42.1,42.1,0
MCC,20180101,5.22,5.22,5.22,5.22,0
MCD,20180101,172.12,172.12,172.12,172.12,0
MCI,20180101,15.26,15.26,15.26,15.26,0
MCK,20180101,155.95,155.95,155.95,155.95,0
MCN,20180101,7.72,7.72,7.72,7.72,0
MCO,20180101,147.61,147.61,147.61,147.61,0
MCR,20180101,8.48,8.48,8.48,8.48,0
MCS,20180101,27.35,27.35,27.35,27.35,0
MCV,20180101,25.24,25.24,25.24,25.24,0
MCX,20180101,25.8,25.8,25.8,25.8,0
MCY,20180101,53.44,53.44,53.44,53.44,0
MD,20180101,53.44,53.44,53.44,53.44,0
MDC,20180101,31.88,31.88,31.88,31.88,0
MDLQ,20180101,25.21,25.21,25.21,25.21,0
MDLX,20180101,24.78,24.78,24.78,24.78,0
MDLY,20180101,6.5,6.5,6.5,6.5,0
MDP,20180101,66.05,66.05,66.05,66.05,0
MDT,20180101,80.75,80.75,80.75,80.75,0
MDU,20180101,26.88,26.88,26.88,26.88,0
MED,20180101,69.81,69.81,69.81,69.81,0
MEI,20180101,40.1,40.1,40.1,40.1,0
MEN,20180101,11.66,11.66,11.66,11.66,0
MER-K,20180101,26.09,26.09,26.09,26.09,0
MET,20180101,50.56,50.56,50.56,50.56,0
MET-A,20180101,24.84,24.84,24.84,24.84,0
MFA,20180101,7.92,7.92,7.92,7.92,0
MFA-B,20180101,25.3,25.3,25.3,25.3,0
MFC,20180101,20.86,20.86,20.86,20.86,0
MFD,20180101,12.43,12.43,12.43,12.43,0
MFG,20180101,3.64,3.64,3.64,3.64,0
MFGP,20180101,33.59,33.59,33.59,33.59,0
MFL,20180101,14.62,14.62,14.62,14.62,0
MFM,20180101,6.87,6.87,6.87,6.87,0
MFO,20180101,26.36,26.36,26.36,26.36,0
MFT,20180101,13.94,13.94,13.94,13.94,0
MFV,20180101,5.92,5.92,5.92,5.92,0
MG,20180101,23.47,23.47,23.47,23.47,0
MGA,20180101,56.67,56.67,56.67,56.67,0
MGF,20180101,4.79,4.79,4.79,4.79,0
MGM,20180101,33.39,33.39,33.39,33.39,0
MGP,20180101,29.15,29.15,29.15,29.15,0
MGU,20180101,25.78,25.78,25.78,25.78,0
MH-A,20180101,24.7,24.7,24.7,24.7,0
MH-C,20180101,24.42,24.42,24.42,24.42,0
MH-D,20180101,20.94,20.94,20.94,20.94,0
MHD,20180101,16.52,16.52,16.52,16.52,0
MHF,20180101,7.4,7.4,7.4,7.4,0
MHI,20180101,11.85,11.85,11.85,11.85,0
MHK,20180101,275.9,275.9,275.9,275.9,0
MHLA,20180101,23,23,23,23,0
MHN,20180101,13.39,13.39,13.39,13.39,0
MHNC,20180101,24.43,24.43,24.43,24.43,0
MHO,20180101,34.4,34.4,34.4,34.4,0
MIC,20180101,64.2,64.2,64.2,64.2,0
MIE,20180101,10.25,10.25,10.25,10.25,0
MIN,20180101,4.15,4.15,4.15,4.15,0
MIT-A,20180101,25.35,25.35,25.35,25.35,0
MIT-B,20180101,25.33,25.33,25.33,25.33,0
MITT,20180101,19.01,19.01,19.01,19.01,0
MIXT,20180101,12.76,12.76,12.76,12.76,0
MIY,20180101,14,14,14,14,0
MKC,20180101,101.91,101.91,101.91,101.91,0
MKC.V,20180101,100.5,100.5,100.5,100.5,0
MKL,20180101,1139.13,1139.13,1139.13,1139.13,0
MLI,20180101,35.43,35.43,35.43,35.43,0
MLM,20180101,221.04,221.04,221.04,221.04,0
MLP,20180101,17.3,17.3,17.3,17.3,0
MLR,20180101,25.8,25.8,25.8,25.8,0
MMC,20180101,81.39,81.39,81.39,81.39,0
MMD,20180101,19.83,19.83,19.83,19.83,0
MMI,20180101,32.61,32.61,32.61,32.61,0
MMM,20180101,235.37,235.37,235.37,235.37,0
MMP,20180101,70.94,70.94,70.94,70.94,0
MMS,20180101,71.58,71.58,71.58,71.58,0
MMT,20180101,6.07,6.07,6.07,6.07,0
MMU,20180101,14.08,14.08,14.08,14.08,0
MN,20180101,3.6,3.6,3.6,3.6,0
MNE,20180101,13.61,13.61,13.61,13.61,0
MNK,20180101,22.56,22.56,22.56,22.56,0
MNP,20180101,15.23,15.23,15.23,15.23,0
MNR,20180101,17.8,17.8,17.8,17.8,0
MNR-C,20180101,25.03,25.03,25.03,25.03,0
MO,20180101,71.41,71.41,71.41,71.41,0
MOD,20180101,20.2,20.2,20.2,20.2,0
MODN,20180101,15.75,15.75,15.75,15.75,0
MOG.A,20180101,86.85,86.85,86.85,86.85,0
MOG.B,20180101,88.74,88.74,88.74,88.74,0
MOH,20180101,76.68,76.68,76.68,76.68,0
MOS,20180101,25.66,25.66,25.66,25.66,0
MOV,20180101,32.2,32.2,32.2,32.2,0
MPA,20180101,14.35,14.35,14.35,14.35,0
MPC,20180101,65.98,65.98,65.98,65.98,0
MPLX,20180101,35.47,35.47,35.47,35.47,0
MPV,20180101,14.1,14.1,14.1,14.1,0
MPW,20180101,13.78,13.78,13.78,13.78,0
MPX,20180101,12.74,12.74,12.74,12.74,0
MQT,20180101,13.1,13.1,13.1,13.1,0
MQY,20180101,15.17,15.17,15.17,15.17,0
MRC,20180101,16.92,16.92,16.92,16.92,0
MRK,20180101,56.27,56.27,56.27,56.27,0
MRO,20180101,16.93,16.93,16.93,16.93,0
MS,20180101,52.47,52.47,52.47,52.47,0
MS-A,20180101,22.64,22.64,22.64,22.64,0
MS-E,20180101,28.96,28.96,28.96,28.96,0
MS-F,20180101,28.44,28.44,28.44,28.44,0
MS-I,20180101,27.85,27.85,27.85,27.85,0
MS-K,20180101,27.1,27.1,27.1,27.1,0
MSA,20180101,77.52,77.52,77.52,77.52,0
MSB,20180101,25.15,25.15,25.15,25.15,0
MSCI,20180101,126.54,126.54,126.54,126.54,0
MSD,20180101,9.98,9.98,9.98,9.98,0
MSG,20180101,210.85,210.85,210.85,210.85,0
MSGN,20180101,20.25,20.25,20.25,20.25,0
MSI,20180101,90.34,90.34,90.34,90.34,0
MSM,20180101,96.66,96.66,96.66,96.66,0
MT,20180101,32.31,32.31,32.31,32.31,0
MTB,20180101,170.99,170.99,170.99,170.99,0
MTD,20180101,619.52,619.52,619.52,619.52,0
MTDR,20180101,31.13,31.13,31.13,31.13,0
MTG,20180101,14.11,14.11,14.11,14.11,0
MTH,20180101,51.2,51.2,51.2,51.2,0
MTL,20180101,5.26,5.26,5.26,5.26,0
MTL.P,20180101,1.05,1.05,1.05,1.05,0
MTN,20180101,212.47,212.47,212.47,212.47,0
MTOR,20180101,23.46,23.46,23.46,23.46,0
MTR,20180101,18.45,18.45,18.45,18.45,0
MTRN,20180101,48.6,48.6,48.6,48.6,0
MTT,20180101,20.89,20.89,20.89,20.89,0
MTW,20180101,39.34,39.34,39.34,39.34,0
MTX,20180101,68.85,68.85,68.85,68.85,0
MTZ,20180101,48.95,48.95,48.95,48.95,0
MUA,20180101,14.97,14.97,14.97,14.97,0
MUC,20180101,14.2,14.2,14.2,14.2,0
MUE,20180101,13.91,13.91,13.91,13.91,0
MUH,20180101,14.78,14.78,14.78,14.78,0
MUI,20180101,13.92,13.92,13.92,13.92,0
MUJ,20180101,14.47,14.47,14.47,14.47,0
MUR,20180101,31.05,31.05,31.05,31.05,0
MUS,20180101,13.38,13.38,13.38,13.38,0
MUSA,20180101,80.36,80.36,80.36,80.36,0
MUX,20180101,2.28,2.28,2.28,2.28,0
MVC,20180101,10.56,10.56,10.56,10.56,0
MVCD,20180101,25.84,25.84,25.84,25.84,0
MVO,20180101,8.4,8.4,8.4,8.4,0
MVT,20180101,15.45,15.45,15.45,15.45,0
MWA,20180101,12.53,12.53,12.53,12.53,0
MX,20180101,9.95,9.95,9.95,9.95,0
MXE,20180101,10.26,10.26,10.26,10.26,0
MXF,20180101,15.75,15.75,15.75,15.75,0
MXL,20180101,26.42,26.42,26.42,26.42,0
MYC,20180101,14.79,14.79,14.79,14.79,0
MYD,20180101,14.52,14.52,14.52,14.52,0
MYE,20180101,19.5,19.5,19.5,19.5,0
MYF,20180101,14.85,14.85,14.85,14.85,0
MYI,20180101,13.81,13.81,13.81,13.81,0
MYJ,20180101,15.8,15.8,15.8,15.8,0
MYN,20180101,12.92,12.92,12.92,12.92,0
MYOV,20180101,12.64,12.64,12.64,12.64,0
NAC,20180101,14.31,14.31,14.31,14.31,0
NAD,20180101,14.06,14.06,14.06,14.06,0
NAN,20180101,13.83,13.83,13.83,13.83,0
NAT,20180101,2.46,2.46,2.46,2.46,0
NAV,20180101,42.88,42.88,42.88,42.88,0
NAV-D,20180101,17.1,17.1,17.1,17.1,0
NAZ,20180101,14.14,14.14,14.14,14.14,0
NBB,20180101,21.98,21.98,21.98,21.98,0
NBHC,20180101,32.43,32.43,32.43,32.43,0
NBR,20180101,6.83,6.83,6.83,6.83,0
NC,20180101,37.65,37.65,37.65,37.65,0
NCA,20180101,10.19,10.19,10.19,10.19,0
NCB,20180101,17,17,17,17,0
NCLH,20180101,53.25,53.25,53.25,53.25,0
NCR,20180101,33.99,33.99,33.99,33.99,0
NCV,20180101,7.03,7.03,7.03,7.03,0
NCZ,20180101,6.21,6.21,6.21,6.21,0
NDP,20180101,13.28,13.28,13.28,13.28,0
NE,20180101,4.52,4.52,4.52,4.52,0
NEA,20180101,13.75,13.75,13.75,13.75,0
NEE,20180101,156.19,156.19,156.19,156.19,0
NEE-I,20180101,24.97,24.97,24.97,24.97,0
NEE-J,20180101,24.96,24.96,24.96,24.96,0
NEE-K,20180101,25.57,25.57,25.57,25.57,0
NEM,20180101,37.52,37.52,37.52,37.52,0
NEP,20180101,43.11,43.11,43.11,43.11,0
NEU,20180101,397.39,397.39,397.39,397.39,0
NEV,20180101,14.2,14.2,14.2,14.2,0
NEWR,20180101,57.77,57.77,57.77,57.77,0
NEXA,20180101,19.61,19.61,19.61,19.61,0
NFG,20180101,54.91,54.91,54.91,54.91,0
NFJ,20180101,13.05,13.05,13.05,13.05,0
NGG,20180101,58.81,58.81,58.81,58.81,0
NGL,20180101,14.05,14.05,14.05,14.05,0
NGL-A,20180101,26.48,26.48,26.48,26.48,0
NGL-B,20180101,24.4,24.4,24.4,24.4,0
NGS,20180101,26.2,26.2,26.2,26.2,0
NGVC,20180101,8.93,8.93,8.93,8.93,0
NGVT,20180101,70.47,70.47,70.47,70.47,0
NHA,20180101,9.44,9.44,9.44,9.44,0
NHF,20180101,25.29,25.29,25.29,25.29,0
NHI,20180101,75.38,75.38,75.38,75.38,0
NI,20180101,25.67,25.67,25.67,25.67,0
NID,20180101,12.99,12.99,12.99,12.99,0
NIE,20180101,21.13,21.13,21.13,21.13,0
NIM,20180101,9.96,9.96,9.96,9.96,0
NIQ,20180101,12.87,12.87,12.87,12.87,0
NJR,20180101,40.2,40.2,40.2,40.2,0
NJV,20180101,14.09,14.09,14.09,14.09,0
NKE,20180101,62.55,62.55,62.55,62.55,0
NKG,20180101,12.57,12.57,12.57,12.57,0
NKX,20180101,15.365,15.365,15.365,15.365,0
NL,20180101,14.25,14.25,14.25,14.25,0
NLS,20180101,13.35,13.35,13.35,13.35,0
NLSN,20180101,36.4,36.4,36.4,36.4,0
NLY,20180101,11.89,11.89,11.89,11.89,0
NLY-D,20180101,25.36,25.36,25.36,25.36,0
NLY-F,20180101,25.82,25.82,25.82,25.82,0
NM,20180101,12,12,12,12,0
NM-G,20180101,16.2,16.2,16.2,16.2,0
NM-H,20180101,16.31,16.31,16.31,16.31,0
NMFC,20180101,13.55,13.55,13.55,13.55,0
NMI,20180101,11.57,11.57,11.57,11.57,0
NMK-B,20180101,96.12,96.12,96.12,96.12,0
NMK-C,20180101,99.05,99.05,99.05,99.05,0
NMM,20180101,35.4,35.4,35.4,35.4,0
NMR,20180101,5.82,5.82,5.82,5.82,0
NMS,20180101,14.71,14.71,14.71,14.71,0
NMT,20180101,14.27,14.27,14.27,14.27,0
NMY,20180101,12.58,12.58,12.58,12.58,0
NMZ,20180101,13.61,13.61,13.61,13.61,0
NNA,20180101,16.65,16.65,16.65,16.65,0
NNI,20180101,54.78,54.78,54.78,54.78,0
NNN,20180101,43.13,43.13,43.13,43.13,0
NNN-F,20180101,25.09,25.09,25.09,25.09,0
NNY,20180101,9.5,9.5,9.5,9.5,0
NOA,20180101,4.95,4.95,4.95,4.95,0
NOAH,20180101,46.28,46.28,46.28,46.28,0
NOC,20180101,306.91,306.91,306.91,306.91,0
NOK,20180101,4.66,4.66,4.66,4.66,0
NOM,20180101,13.95,13.95,13.95,13.95,0
NOMD,20180101,16.91,16.91,16.91,16.91,0
NOV,20180101,36.02,36.02,36.02,36.02,0
NOW,20180101,130.39,130.39,130.39,130.39,0
NP,20180101,90.65,90.65,90.65,90.65,0
NPK,20180101,99.45,99.45,99.45,99.45,0
NPN,20180101,14.85,14.85,14.85,14.85,0
NPO,20180101,93.51,93.51,93.51,93.51,0
NPTN,20180101,6.58,6.58,6.58,6.58,0
NPV,20180101,12.82,12.82,12.82,12.82,0
NQP,20180101,13.15,13.15,13.15,13.15,0
NR,20180101,8.6,8.6,8.6,8.6,0
NRG,20180101,28.48,28.48,28.48,28.48,0
NRK,20180101,12.96,12.96,12.96,12.96,0
NRP,20180101,26,26,26,26,0
NRT,20180101,6.96,6.96,6.96,6.96,0
NRZ,20180101,17.88,17.88,17.88,17.88,0
NS,20180101,29.95,29.95,29.95,29.95,0
NS-A,20180101,24.85,24.85,24.85,24.85,0
NS-B,20180101,22.65,22.65,22.65,22.65,0
NS-C,20180101,25.96,25.96,25.96,25.96,0
NSA,20180101,27.26,27.26,27.26,27.26,0
NSA-A,20180101,26.04,26.04,26.04,26.04,0
NSC,20180101,144.9,144.9,144.9,144.9,0
NSL,20180101,6.51,6.51,6.51,6.51,0
NSP,20180101,57.35,57.35,57.35,57.35,0
NSS,20180101,25,25,25,25,0
NTB,20180101,36.29,36.29,36.29,36.29,0
NTG,20180101,17.56,17.56,17.56,17.56,0
NTP,20180101,12.55,12.55,12.55,12.55,0
NTX,20180101,14.34,14.34,14.34,14.34,0
NTZ,20180101,8,8,8,8,0
NUE,20180101,63.58,63.58,63.58,63.58,0
NUM,20180101,13.26,13.26,13.26,13.26,0
NUO,20180101,14.64,14.64,14.64,14.64,0
NUS,20180101,68.23,68.23,68.23,68.23,0
NUV,20180101,10.13,10.13,10.13,10.13,0
NUW,20180101,17.26,17.26,17.26,17.26,0
NVG,20180101,15.44,15.44,15.44,15.44,0
NVGS,20180101,9.85,9.85,9.85,9.85,0
NVO,20180101,53.67,53.67,53.67,53.67,0
NVR,20180101,3508.22,3508.22,3508.22,3508.22,0
NVRO,20180101,69.04,69.04,69.04,69.04,0
NVS,20180101,73.8537,73.8537,73.8537,73.8537,0
NVTA,20180101,9.08,9.08,9.08,9.08,0
NWE,20180101,59.7,59.7,59.7,59.7,0
NWHM,20180101,12.53,12.53,12.53,12.53,0
NWN,20180101,59.65,59.65,59.65,59.65,0
NX,20180101,23.4,23.4,23.4,23.4,0
NXC,20180101,14.91,14.91,14.91,14.91,0
NXJ,20180101,13.695,13.695,13.695,13.695,0
NXN,20180101,13.63,13.63,13.63,13.63,0
NXP,20180101,14.62,14.62,14.62,14.62,0
NXQ,20180101,13.94,13.94,13.94,13.94,0
NXR,20180101,15.19,15.19,15.19,15.19,0
NXRT,20180101,27.94,27.94,27.94,27.94,0
NYC-A,20180101,28.6,28.6,28.6,28.6,0
NYC-U,20180101,50.73,50.73,50.73,50.73,0
NYCB,20180101,13.02,13.02,13.02,13.02,0
NYT,20180101,18.5,18.5,18.5,18.5,0
NYV,20180101,14.34,14.34,14.34,14.34,0
NZF,20180101,15.24,15.24,15.24,15.24,0
O,20180101,57.02,57.02,57.02,57.02,0
OAK-A,20180101,25.22,25.22,25.22,25.22,0
OBE,20180101,8.68,8.68,8.68,8.68,0
OC,20180101,91.94,91.94,91.94,91.94,0
OCN,20180101,3.13,3.13,3.13,3.13,0
ODC,20180101,41.5,41.5,41.5,41.5,0
OEC,20180101,25.6,25.6,25.6,25.6,0
OFC,20180101,29.2,29.2,29.2,29.2,0
OFG,20180101,9.4,9.4,9.4,9.4,0
OFG-A,20180101,24.12,24.12,24.12,24.12,0
OFG-B,20180101,22.06,22.06,22.06,22.06,0
OFG-D,20180101,22.44,22.44,22.44,22.44,0
OGE,20180101,32.91,32.91,32.91,32.91,0
OGS,20180101,73.26,73.26,73.26,73.26,0
OHI,20180101,27.54,27.54,27.54,27.54,0
OI,20180101,22.17,22.17,22.17,22.17,0
OIA,20180101,8,8,8,8,0
OIB.C,20180101,5.63,5.63,5.63,5.63,0
OII,20180101,21.14,21.14,21.14,21.14,0
OIS,20180101,28.3,28.3,28.3,28.3,0
OKE,20180101,53.45,53.45,53.45,53.45,0
OLN,20180101,35.58,35.58,35.58,35.58,0
OLP,20180101,25.92,25.92,25.92,25.92,0
OMC,20180101,72.83,72.83,72.83,72.83,0
OMF,20180101,25.99,25.99,25.99,25.99,0
OMI,20180101,18.88,18.88,18.88,18.88,0
OMN,20180101,10,10,10,10,0
ONDK,20180101,5.74,5.74,5.74,5.74,0
OOMA,20180101,11.95,11.95,11.95,11.95,0
OPP,20180101,18.38,18.38,18.38,18.38,0
OPY,20180101,26.8,26.8,26.8,26.8,0
OR,20180101,11.56,11.56,11.56,11.56,0
ORA,20180101,63.96,63.96,63.96,63.96,0
ORAN,20180101,17.4,17.4,17.4,17.4,0
ORC,20180101,9.28,9.28,9.28,9.28,0
ORCL,20180101,47.28,47.28,47.28,47.28,0
ORI,20180101,21.38,21.38,21.38,21.38,0
ORN,20180101,7.83,7.83,7.83,7.83,0
OSB,20180101,33.81,33.81,33.81,33.81,0
OSG,20180101,2.74,2.74,2.74,2.74,0
OSK,20180101,90.89,90.89,90.89,90.89,0
OSLE,20180101,25.21,25.21,25.21,25.21,0
OUT,20180101,23.2,23.2,23.2,23.2,0
OXM,20180101,75.19,75.19,75.19,75.19,0
OXY,20180101,73.66,73.66,73.66,73.66,0
PAA,20180101,20.64,20.64,20.64,20.64,0
PAC,20180101,102.76,102.76,102.76,102.76,0
PAG,20180101,47.85,47.85,47.85,47.85,0
PAGP,20180101,21.95,21.95,21.95,21.95,0
PAI,20180101,15.83,15.83,15.83,15.83,0
PAM,20180101,67.28,67.28,67.28,67.28,0
PANW,20180101,144.94,144.94,144.94,144.94,0
PAR,20180101,9.35,9.35,9.35,9.35,0
PAYC,20180101,80.33,80.33,80.33,80.33,0
PB,20180101,70.07,70.07,70.07,70.07,0
PBA,20180101,36.18,36.18,36.18,36.18,0
PBB,20180101,25.9,25.9,25.9,25.9,0
PBF,20180101,35.45,35.45,35.45,35.45,0
PBFX,20180101,20.95,20.95,20.95,20.95,0
PBH,20180101,44.41,44.41,44.41,44.41,0
PBI,20180101,11.18,11.18,11.18,11.18,0
PBI-B,20180101,24.39,24.39,24.39,24.39,0
PBR,20180101,10.29,10.29,10.29,10.29,0
PBR.A,20180101,9.83,9.83,9.83,9.83,0
PBT,20180101,8.87,8.87,8.87,8.87,0
PCF,20180101,9.02,9.02,9.02,9.02,0
PCG,20180101,44.83,44.83,44.83,44.83,0
PCI,20180101,22.44,22.44,22.44,22.44,0
PCK,20180101,10.16,10.16,10.16,10.16,0
PCM,20180101,11.57,11.57,11.57,11.57,0
PCN,20180101,17.2,17.2,17.2,17.2,0
PCQ,20180101,17.27,17.27,17.27,17.27,0
PDI,20180101,30.05,30.05,30.05,30.05,0
PDM,20180101,19.61,19.61,19.61,19.61,0
PDS,20180101,3.02,3.02,3.02,3.02,0
PDT,20180101,17.13,17.13,17.13,17.13,0
PE,20180101,29.44,29.44,29.44,29.44,0
PEB,20180101,37.17,37.17,37.17,37.17,0
PEB-C,20180101,25.27,25.27,25.27,25.27,0
PEB-D,20180101,25.76,25.76,25.76,25.76,0
PEG,20180101,51.5,51.5,51.5,51.5,0
PEI,20180101,11.89,11.89,11.89,11.89,0
PEI-B,20180101,25.18,25.18,25.18,25.18,0
PEI-C,20180101,25.9,25.9,25.9,25.9,0
PEI-D,20180101,25.11,25.11,25.11,25.11,0
PEN,20180101,94.1,94.1,94.1,94.1,0
PEO,20180101,19.84,19.84,19.84,19.84,0
PER,20180101,2.05,2.05,2.05,2.05,0
PFD,20180101,14.98,14.98,14.98,14.98,0
PFE,20180101,36.22,36.22,36.22,36.22,0
PFGC,20180101,33.1,33.1,33.1,33.1,0
PFH,20180101,14.75,14.75,14.75,14.75,0
PFL,20180101,11.68,11.68,11.68,11.68,0
PFN,20180101,10.43,10.43,10.43,10.43,0
PFO,20180101,11.81,11.81,11.81,11.81,0
PFS,20180101,26.97,26.97,26.97,26.97,0
PFSI,20180101,22.35,22.35,22.35,22.35,0
PG,20180101,91.88,91.88,91.88,91.88,0
PGP,20180101,15.38,15.38,15.38,15.38,0
PGR,20180101,56.32,56.32,56.32,56.32,0
PGRE,20180101,15.85,15.85,15.85,15.85,0
PGTI,20180101,16.85,16.85,16.85,16.85,0
PGZ,20180101,17.19,17.19,17.19,17.19,0
PH,20180101,199.58,199.58,199.58,199.58,0
PHD,20180101,11.47,11.47,11.47,11.47,0
PHG,20180101,37.8,37.8,37.8,37.8,0
PHI,20180101,30.08,30.08,30.08,30.08,0
PHK,20180101,7.46,7.46,7.46,7.46,0
PHM,20180101,33.25,33.25,33.25,33.25,0
PHT,20180101,9.71,9.71,9.71,9.71,0
PHX,20180101,20.55,20.55,20.55,20.55,0
PII,20180101,123.99,123.99,123.99,123.99,0
PIM,20180101,4.77,4.77,4.77,4.77,0
PIR,20180101,82.8,82.8,82.8,82.8,0
PIY,20180101,14.71,14.71,14.71,14.71,0
PJH,20180101,25.25,25.25,25.25,25.25,0
PJT,20180101,45.6,45.6,45.6,45.6,0
PK,20180101,28.75,28.75,28.75,28.75,0
PKD,20180101,15,15,15,15,0
PKE,20180101,19.65,19.65,19.65,19.65,0
PKG,20180101,120.55,120.55,120.55,120.55,0
PKI,20180101,73.12,73.12,73.12,73.12,0
PKO,20180101,25.91,25.91,25.91,25.91,0
PKX,20180101,78.13,78.13,78.13,78.13,0
PLD,20180101,64.51,64.51,64.51,64.51,0
PLNT,20180101,34.63,34.63,34.63,34.63,0
PLOW,20180101,37.8,37.8,37.8,37.8,0
PLT,20180101,50.38,50.38,50.38,50.38,0
PM,20180101,105.65,105.65,105.65,105.65,0
PMF,20180101,13,13,13,13,0
PML,20180101,13.18,13.18,13.18,13.18,0
PMM,20180101,7.41,7.41,7.41,7.41,0
PMO,20180101,12.35,12.35,12.35,12.35,0
PMT,20180101,16.07,16.07,16.07,16.07,0
PMT-A,20180101,25.23,25.23,25.23,25.23,0
PMT-B,20180101,25.18,25.18,25.18,25.18,0
PMX,20180101,11.58,11.58,11.58,11.58,0
PNC,20180101,144.29,144.29,144.29,144.29,0
PNC-P,20180101,28.3,28.3,28.3,28.3,0
PNC-Q,20180101,25.35,25.35,25.35,25.35,0
PNF,20180101,12.78,12.78,12.78,12.78,0
PNI,20180101,12,12,12,12,0
PNM,20180101,40.45,40.45,40.45,40.45,0
PNR,20180101,47.4163,47.4163,47.4163,47.4163,0
PNW,20180101,85.18,85.18,85.18,85.18,0
POL,20180101,43.5,43.5,43.5,43.5,0
POR,20180101,45.58,45.58,45.58,45.58,0
POST,20180101,79.23,79.23,79.23,79.23,0
PPG,20180101,116.82,116.82,116.82,116.82,0
PPL,20180101,30.95,30.95,30.95,30.95,0
PPR,20180101,5.07,5.07,5.07,5.07,0
PPT,20180101,5.33,5.33,5.33,5.33,0
PPX,20180101,25.59,25.59,25.59,25.59,0
PQG,20180101,16.45,16.45,16.45,16.45,0
PRA,20180101,57.15,57.15,57.15,57.15,0
PRE-F,20180101,25.59,25.59,25.59,25.59,0
PRE-G,20180101,26.84,26.84,26.84,26.84,0
PRE-H,20180101,28.67,28.67,28.67,28.67,0
PRE-I,20180101,26.27,26.27,26.27,26.27,0
PRGO,20180101,87.16,87.16,87.16,87.16,0
PRH,20180101,25.29,25.29,25.29,25.29,0
PRI,20180101,101.55,101.55,101.55,101.55,0
PRLB,20180101,103,103,103,103,0
PRO,20180101,26.45,26.45,26.45,26.45,0
PRTY,20180101,13.95,13.95,13.95,13.95,0
PRU,20180101,114.98,114.98,114.98,114.98,0
PSA,20180101,209,209,209,209,0
PSA-B,20180101,25.69,25.69,25.69,25.69,0
PSA-C,20180101,25.47,25.47,25.47,25.47,0
PSA-D,20180101,25.02,25.02,25.02,25.02,0
PSA-E,20180101,24.89,24.89,24.89,24.89,0
PSA-F,20180101,25.02,25.02,25.02,25.02,0
PSA-G,20180101,24.95,24.95,24.95,24.95,0
PSA-V,20180101,25.21,25.21,25.21,25.21,0
PSA-W,20180101,24.99,24.99,24.99,24.99,0
PSA-X,20180101,24.99,24.99,24.99,24.99,0
PSB,20180101,125.09,125.09,125.09,125.09,0
PSB-W,20180101,25.25,25.25,25.25,25.25,0
PSB-X,20180101,25.26,25.26,25.26,25.26,0
PSB-Y,20180101,25.1,25.1,25.1,25.1,0
PSF,20180101,28.24,28.24,28.24,28.24,0
PSO,20180101,9.82,9.82,9.82,9.82,0
PSTG,20180101,15.86,15.86,15.86,15.86,0
PSX,20180101,101.15,101.15,101.15,101.15,0
PSXP,20180101,52.35,52.35,52.35,52.35,0
PTR,20180101,69.94,69.94,69.94,69.94,0
PTY,20180101,16.46,16.46,16.46,16.46,0
PUK,20180101,50.78,50.78,50.78,50.78,0
PUK-A,20180101,26.09,26.09,26.09,26.09,0
PUK.P,20180101,26.19,26.19,26.19,26.19,0
PUMP,20180101,20.16,20.16,20.16,20.16,0
PVG,20180101,11.41,11.41,11.41,11.41,0
PVH,20180101,137.21,137.21,137.21,137.21,0
PWR,20180101,39.11,39.11,39.11,39.11,0
PXD,20180101,172.85,172.85,172.85,172.85,0
PYN,20180101,9.92,9.92,9.92,9.92,0
PYS,20180101,20.25,20.25,20.25,20.25,0
PYT,20180101,20.95,20.95,20.95,20.95,0
PZC,20180101,10.44,10.44,10.44,10.44,0
PZN,20180101,10.67,10.67,10.67,10.67,0
QD,20180101,12.54,12.54,12.54,12.54,0
QEP,20180101,9.57,9.57,9.57,9.57,0
QHC,20180101,6.24,6.24,6.24,6.24,0
QSR,20180101,61.48,61.48,61.48,61.48,0
QTS,20180101,54.16,54.16,54.16,54.16,0
QTWO,20180101,36.85,36.85,36.85,36.85,0
QUAD,20180101,22.6,22.6,22.6,22.6,0
QUOT,20180101,11.75,11.75,11.75,11.75,0
R,20180101,84.17,84.17,84.17,84.17,0
RA,20180101,23.37,23.37,23.37,23.37,0
RACE,20180101,104.84,104.84,104.84,104.84,0
RAD,20180101,39.4,39.4,39.4,39.4,0
RBA,20180101,29.93,29.93,29.93,29.93,0
RBC,20180101,76.6,76.6,76.6,76.6,0
RBS,20180101,7.64,7.64,7.64,7.64,0
RCI,20180101,50.93,50.93,50.93,50.93,0
RCL,20180101,119.28,119.28,119.28,119.28,0
RCS,20180101,9.18,9.18,9.18,9.18,0
RDN,20180101,20.61,20.61,20.61,20.61,0
RDS.A,20180101,66.71,66.71,66.71,66.71,0
RDS.B,20180101,68.29,68.29,68.29,68.29,0
RDY,20180101,37.56,37.56,37.56,37.56,0
RE,20180101,221.26,221.26,221.26,221.26,0
RELX,20180101,23.7,23.7,23.7,23.7,0
RENN,20180101,10.39,10.39,10.39,10.39,0
RES,20180101,25.53,25.53,25.53,25.53,0
RESI,20180101,11.86,11.86,11.86,11.86,0
REV,20180101,21.8,21.8,21.8,21.8,0
REVG,20180101,32.53,32.53,32.53,32.53,0
REX,20180101,82.79,82.79,82.79,82.79,0
REX-A,20180101,25.7,25.7,25.7,25.7,0
REX-B,20180101,25.41,25.41,25.41,25.41,0
REXR,20180101,29.16,29.16,29.16,29.16,0
RF,20180101,17.28,17.28,17.28,17.28,0
RF-A,20180101,25.34,25.34,25.34,25.34,0
RF-B,20180101,28.43,28.43,28.43,28.43,0
RFI,20180101,12.77,12.77,12.77,12.77,0
RFP,20180101,11.05,11.05,11.05,11.05,0
RGA,20180101,155.93,155.93,155.93,155.93,0
RGR,20180101,55.85,55.85,55.85,55.85,0
RGS,20180101,15.36,15.36,15.36,15.36,0
RGT,20180101,10.81,10.81,10.81,10.81,0
RH,20180101,86.21,86.21,86.21,86.21,0
RHI,20180101,55.54,55.54,55.54,55.54,0
RHP,20180101,69.02,69.02,69.02,69.02,0
RIG,20180101,10.68,10.68,10.68,10.68,0
RIO,20180101,52.93,52.93,52.93,52.93,0
RIV,20180101,20.02,20.02,20.02,20.02,0
RJF,20180101,89.3,89.3,89.3,89.3,0
RL,20180101,103.69,103.69,103.69,103.69,0
RLGY,20180101,26.5,26.5,26.5,26.5,0
RLH,20180101,9.85,9.85,9.85,9.85,0
RLI,20180101,60.66,60.66,60.66,60.66,0
RLJ,20180101,21.97,21.97,21.97,21.97,0
RLJ-A,20180101,27.01,27.01,27.01,27.01,0
RM,20180101,26.31,26.31,26.31,26.31,0
RMAX,20180101,48.5,48.5,48.5,48.5,0
RMD,20180101,84.69,84.69,84.69,84.69,0
RMP.P,20180101,25.3,25.3,25.3,25.3,0
RMT,20180101,9.44,9.44,9.44,9.44,0
RNG,20180101,48.4,48.4,48.4,48.4,0
RNGR,20180101,9.23,9.23,9.23,9.23,0
RNP,20180101,21.27,21.27,21.27,21.27,0
RNR,20180101,125.59,125.59,125.59,125.59,0
RNR-C,20180101,25.51,25.51,25.51,25.51,0
RNR-E,20180101,25.15,25.15,25.15,25.15,0
ROG,20180101,161.92,161.92,161.92,161.92,0
ROK,20180101,196.35,196.35,196.35,196.35,0
ROL,20180101,31.02,31.02,31.02,31.02,0
ROP,20180101,259,259,259,259,0
ROYT,20180101,1.94,1.94,1.94,1.94,0
RPAI,20180101,13.44,13.44,13.44,13.44,0
RPM,20180101,52.42,52.42,52.42,52.42,0
RPT,20180101,14.73,14.73,14.73,14.73,0
RPT-D,20180101,57.66,57.66,57.66,57.66,0
RQI,20180101,12.65,12.65,12.65,12.65,0
RRC,20180101,17.06,17.06,17.06,17.06,0
RRD,20180101,9.3,9.3,9.3,9.3,0
RRTS,20180101,192.75,192.75,192.75,192.75,0
RS,20180101,85.79,85.79,85.79,85.79,0
RSG,20180101,67.61,67.61,67.61,67.61,0
RST,20180101,12.47,12.47,12.47,12.47,0
RTN,20180101,187.85,187.85,187.85,187.85,0
RUBI,20180101,1.87,1.87,1.87,1.87,0
RVT,20180101,16.17,16.17,16.17,16.17,0
RWT,20180101,14.82,14.82,14.82,14.82,0
RXN,20180101,26.02,26.02,26.02,26.02,0
RY,20180101,81.65,81.65,81.65,81.65,0
RY-T,20180101,29.94,29.94,29.94,29.94,0
RYAM,20180101,20.45,20.45,20.45,20.45,0
RYB,20180101,16.88,16.88,16.88,16.88,0
RYI,20180101,10.4,10.4,10.4,10.4,0
RYN,20180101,31.63,31.63,31.63,31.63,0
RZA,20180101,27.52,27.52,27.52,27.52,0
RZB,20180101,27.99,27.99,27.99,27.99,0
S,20180101,5.89,5.89,5.89,5.89,0
SA,20180101,11.3,11.3,11.3,11.3,0
SAB,20180101,25.8,25.8,25.8,25.8,0
SAFE,20180101,17.6,17.6,17.6,17.6,0
SAH,20180101,18.45,18.45,18.45,18.45,0
SAIC,20180101,76.57,76.57,76.57,76.57,0
SAIL,20180101,14.5,14.5,14.5,14.5,0
SALT,20180101,7.4,7.4,7.4,7.4,0
SAM,20180101,191.1,191.1,191.1,191.1,0
SAN,20180101,6.54,6.54,6.54,6.54,0
SAN-B,20180101,24.1,24.1,24.1,24.1,0
SAP,20180101,112.36,112.36,112.36,112.36,0
SAR,20180101,22.37,22.37,22.37,22.37,0
SAVE,20180101,44.85,44.85,44.85,44.85,0
SB,20180101,3.23,3.23,3.23,3.23,0
SB-C,20180101,23.9,23.9,23.9,23.9,0
SB-D,20180101,23.53,23.53,23.53,23.53,0
SBGL,20180101,5.05,5.05,5.05,5.05,0
SBH,20180101,18.76,18.76,18.76,18.76,0
SBI,20180101,9.32,9.32,9.32,9.32,0
SBNA,20180101,24.86,24.86,24.86,24.86,0
SBOW,20180101,29.72,29.72,29.72,29.72,0
SBR,20180101,44.6,44.6,44.6,44.6,0
SBS,20180101,10.45,10.45,10.45,10.45,0
SC,20180101,18.62,18.62,18.62,18.62,0
SCA,20180101,25.33,25.33,25.33,25.33,0
SCCO,20180101,47.45,47.45,47.45,47.45,0
SCD,20180101,13.95,13.95,13.95,13.95,0
SCE-G,20180101,24.17,24.17,24.17,24.17,0
SCE-H,20180101,27.05,27.05,27.05,27.05,0
SCE-J,20180101,25.8,25.8,25.8,25.8,0
SCE-K,20180101,26.43,26.43,26.43,26.43,0
SCE-L,20180101,24.02,24.02,24.02,24.02,0
SCH-C,20180101,26.88,26.88,26.88,26.88,0
SCH-D,20180101,27,27,27,27,0
SCHW,20180101,51.37,51.37,51.37,51.37,0
SCI,20180101,37.32,37.32,37.32,37.32,0
SCL,20180101,78.97,78.97,78.97,78.97,0
SCM,20180101,13.14,13.14,13.14,13.14,0
SCS,20180101,15.2,15.2,15.2,15.2,0
SCX,20180101,8.6,8.6,8.6,8.6,0
SD,20180101,21.07,21.07,21.07,21.07,0
SDRL,20180101,61.5871,61.5871,61.5871,61.5871,0
SE,20180101,13.33,13.33,13.33,13.33,0
SEAS,20180101,13.57,13.57,13.57,13.57,0
SEE,20180101,49.3,49.3,49.3,49.3,0
SEM,20180101,17.65,17.65,17.65,17.65,0
SERV,20180101,51.27,51.27,51.27,51.27,0
SF,20180101,59.56,59.56,59.56,59.56,0
SF-A,20180101,27.08,27.08,27.08,27.08,0
SFB,20180101,24.93,24.93,24.93,24.93,0
SFE,20180101,11.2,11.2,11.2,11.2,0
SFL,20180101,15.5,15.5,15.5,15.5,0
SFUN,20180101,27.9,27.9,27.9,27.9,0
SGU,20180101,10.75,10.75,10.75,10.75,0
SHAK,20180101,43.2,43.2,43.2,43.2,0
SHG,20180101,46.4,46.4,46.4,46.4,0
SHI,20180101,57,57,57,57,0
SHLX,20180101,29.82,29.82,29.82,29.82,0
SHO,20180101,16.53,16.53,16.53,16.53,0
SHO-E,20180101,26.12,26.12,26.12,26.12,0
SHO-F,20180101,25.86,25.86,25.86,25.86,0
SHOP,20180101,101,101,101,101,0
SHW,20180101,410.04,410.04,410.04,410.04,0
SID,20180101,2.45,2.45,2.45,2.45,0
SIG,20180101,56.55,56.55,56.55,56.55,0
SITE,20180101,76.7,76.7,76.7,76.7,0
SIX,20180101,66.57,66.57,66.57,66.57,0
SJI,20180101,31.23,31.23,31.23,31.23,0
SJM,20180101,124.24,124.24,124.24,124.24,0
SJR,20180101,22.83,22.83,22.83,22.83,0
SJT,20180101,8.24,8.24,8.24,8.24,0
SJW,20180101,63.83,63.83,63.83,63.83,0
SKM,20180101,27.91,27.91,27.91,27.91,0
SKT,20180101,26.51,26.51,26.51,26.51,0
SKX,20180101,37.84,37.84,37.84,37.84,0
SLB,20180101,67.39,67.39,67.39,67.39,0
SLCA,20180101,32.56,32.56,32.56,32.56,0
SLF,20180101,41.26,41.26,41.26,41.26,0
SLG,20180101,100.93,100.93,100.93,100.93,0
SLG-I,20180101,25.08,25.08,25.08,25.08,0
SM,20180101,22.08,22.08,22.08,22.08,0
SMFG,20180101,8.69,8.69,8.69,8.69,0
SMG,20180101,106.99,106.99,106.99,106.99,0
SMHI,20180101,11.7,11.7,11.7,11.7,0
SMLP,20180101,20.5,20.5,20.5,20.5,0
SMM,20180101,11.02,11.02,11.02,11.02,0
SMP,20180101,44.91,44.91,44.91,44.91,0
SNA,20180101,174.3,174.3,174.3,174.3,0
SNAP,20180101,14.61,14.61,14.61,14.61,0
SNDR,20180101,28.56,28.56,28.56,28.56,0
SNE,20180101,44.95,44.95,44.95,44.95,0
SNN,20180101,35.01,35.01,35.01,35.01,0
SNP,20180101,73.37,73.37,73.37,73.37,0
SNR,20180101,7.56,7.56,7.56,7.56,0
SNV,20180101,47.94,47.94,47.94,47.94,0
SNX,20180101,135.95,135.95,135.95,135.95,0
SO,20180101,48.09,48.09,48.09,48.09,0
SOGO,20180101,11.57,11.57,11.57,11.57,0
SOI,20180101,21.41,21.41,21.41,21.41,0
SOJA,20180101,26.99,26.99,26.99,26.99,0
SOJB,20180101,25.7,25.7,25.7,25.7,0
SOJC,20180101,25.45,25.45,25.45,25.45,0
SOL,20180101,2.66,2.66,2.66,2.66,0
SON,20180101,53.14,53.14,53.14,53.14,0
SOR,20180101,40.76,40.76,40.76,40.76,0
SPB,20180101,112.4,112.4,112.4,112.4,0
SPE,20180101,14.88,14.88,14.88,14.88,0
SPE-B,20180101,25.85,25.85,25.85,25.85,0
SPG,20180101,171.74,171.74,171.74,171.74,0
SPG-J,20180101,71.51,71.51,71.51,71.51,0
SPGI,20180101,169.4,169.4,169.4,169.4,0
SPH,20180101,24.22,24.22,24.22,24.22,0
SPL-A,20180101,21.16,21.16,21.16,21.16,0
SPLP,20180101,19.55,19.55,19.55,19.55,0
SPN,20180101,9.63,9.63,9.63,9.63,0
SPR,20180101,87.25,87.25,87.25,87.25,0
SPXC,20180101,31.39,31.39,31.39,31.39,0
SPXX,20180101,17.31,17.31,17.31,17.31,0
SQ,20180101,34.67,34.67,34.67,34.67,0
SQM,20180101,59.37,59.37,59.37,59.37,0
SQNS,20180101,1.91,1.91,1.91,1.91,0
SR,20180101,75.15,75.15,75.15,75.15,0
SRC,20180101,42.9,42.9,42.9,42.9,0
SRC-A,20180101,24.84,24.84,24.84,24.84,0
SRE,20180101,106.92,106.92,106.92,106.92,0
SRF,20180101,9.36,9.36,9.36,9.36,0
SRG,20180101,40.46,40.46,40.46,40.46,0
SRG-A,20180101,24.3,24.3,24.3,24.3,0
SRI,20180101,22.86,22.86,22.86,22.86,0
SRLP,20180101,24.2,24.2,24.2,24.2,0
SRT,20180101,9.97,9.97,9.97,9.97,0
SRV,20180101,11.94,11.94,11.94,11.94,0
SSD,20180101,57.41,57.41,57.41,57.41,0
SSI,20180101,1.68,1.68,1.68,1.68,0
SSL,20180101,34.21,34.21,34.21,34.21,0
SSTK,20180101,43.03,43.03,43.03,43.03,0
SSW,20180101,6.75,6.75,6.75,6.75,0
SSW-D,20180101,24.63,24.63,24.63,24.63,0
SSW-E,20180101,24.82,24.82,24.82,24.82,0
SSW-G,20180101,24.3,24.3,24.3,24.3,0
SSW-H,20180101,23.65,23.65,23.65,23.65,0
SSWA,20180101,24.32,24.32,24.32,24.32,0
ST,20180101,51.11,51.11,51.11,51.11,0
STA-C,20180101,26.18,26.18,26.18,26.18,0
STA-D,20180101,25.37,25.37,25.37,25.37,0
STA-G,20180101,25.52,25.52,25.52,25.52,0
STA-I,20180101,25.18,25.18,25.18,25.18,0
STAG,20180101,27.33,27.33,27.33,27.33,0
STAR,20180101,11.3,11.3,11.3,11.3,0
STC,20180101,42.3,42.3,42.3,42.3,0
STE,20180101,87.47,87.47,87.47,87.47,0
STK,20180101,22.25,22.25,22.25,22.25,0
STL,20180101,24.6,24.6,24.6,24.6,0
STL-A,20180101,26.32,26.32,26.32,26.32,0
STM,20180101,21.84,21.84,21.84,21.84,0
STN,20180101,27.95,27.95,27.95,27.95,0
STNG,20180101,30.5,30.5,30.5,30.5,0
STON,20180101,6.56,6.56,6.56,6.56,0
STOR,20180101,26.04,26.04,26.04,26.04,0
STT,20180101,97.61,97.61,97.61,97.61,0
STT-C,20180101,25.2,25.2,25.2,25.2,0
STT-D,20180101,27.46,27.46,27.46,27.46,0
STT-G,20180101,27.12,27.12,27.12,27.12,0
STWD,20180101,21.35,21.35,21.35,21.35,0
STZ,20180101,228.57,228.57,228.57,228.57,0
STZ.B,20180101,227.5,227.5,227.5,227.5,0
SU,20180101,36.72,36.72,36.72,36.72,0
SUI,20180101,92.78,92.78,92.78,92.78,0
SUM,20180101,31.44,31.44,31.44,31.44,0
SUN,20180101,28.4,28.4,28.4,28.4,0
SUP,20180101,14.85,14.85,14.85,14.85,0
SUPV,20180101,29.32,29.32,29.32,29.32,0
SWCH,20180101,18.19,18.19,18.19,18.19,0
SWK,20180101,169.69,169.69,169.69,169.69,0
SWM,20180101,45.36,45.36,45.36,45.36,0
SWN,20180101,5.58,5.58,5.58,5.58,0
SWP,20180101,122.75,122.75,122.75,122.75,0
SWX,20180101,80.48,80.48,80.48,80.48,0
SWZ,20180101,12.76,12.76,12.76,12.76,0
SXC,20180101,11.99,11.99,11.99,11.99,0
SXI,20180101,101.85,101.85,101.85,101.85,0
SXT,20180101,73.15,73.15,73.15,73.15,0
SYF,20180101,38.61,38.61,38.61,38.61,0
SYK,20180101,154.84,154.84,154.84,154.84,0
SYX,20180101,33.27,33.27,33.27,33.27,0
SYY,20180101,60.73,60.73,60.73,60.73,0
SZC,20180101,20.3,20.3,20.3,20.3,0
T,20180101,38.88,38.88,38.88,38.88,0
TAC,20180101,5.95,5.95,5.95,5.95,0
TAL,20180101,29.71,29.71,29.71,29.71,0
TAP,20180101,82.07,82.07,82.07,82.07,0
TAP.A,20180101,83.99,83.99,83.99,83.99,0
TARO,20180101,104.71,104.71,104.71,104.71,0
TBB,20180101,26.09,26.09,26.09,26.09,0
TBI,20180101,27.5,27.5,27.5,27.5,0
TCI,20180101,31.32,31.32,31.32,31.32,0
TCO,20180101,65.43,65.43,65.43,65.43,0
TCO-J,20180101,25.12,25.12,25.12,25.12,0
TCO-K,20180101,25.22,25.22,25.22,25.22,0
TCP,20180101,53.1,53.1,53.1,53.1,0
TCRZ,20180101,25.93,25.93,25.93,25.93,0
TCS,20180101,4.74,4.74,4.74,4.74,0
TD,20180101,58.58,58.58,58.58,58.58,0
TDA,20180101,24.9,24.9,24.9,24.9,0
TDC,20180101,38.46,38.46,38.46,38.46,0
TDE,20180101,25.31,25.31,25.31,25.31,0
TDF,20180101,21.51,21.51,21.51,21.51,0
TDG,20180101,274.62,274.62,274.62,274.62,0
TDI,20180101,25.55,25.55,25.55,25.55,0
TDJ,20180101,25.28,25.28,25.28,25.28,0
TDOC,20180101,34.85,34.85,34.85,34.85,0
TDS,20180101,27.8,27.8,27.8,27.8,0
TDW,20180101,24.4,24.4,24.4,24.4,0
TDW.A,20180101,2.38,2.38,2.38,2.38,0
TDW.B,20180101,2.08,2.08,2.08,2.08,0
TDY,20180101,181.15,181.15,181.15,181.15,0
TECK,20180101,26.17,26.17,26.17,26.17,0
TEF,20180101,9.68,9.68,9.68,9.68,0
TEI,20180101,11.17,11.17,11.17,11.17,0
TEL,20180101,95.04,95.04,95.04,95.04,0
TEN,20180101,58.54,58.54,58.54,58.54,0
TEO,20180101,36.63,36.63,36.63,36.63,0
TEVA,20180101,18.95,18.95,18.95,18.95,0
TEX,20180101,48.22,48.22,48.22,48.22,0
TFX,20180101,248.82,248.82,248.82,248.82,0
TG,20180101,19.2,19.2,19.2,19.2,0
TGH,20180101,21.5,21.5,21.5,21.5,0
TGI,20180101,27.2,27.2,27.2,27.2,0
TGNA,20180101,14.08,14.08,14.08,14.08,0
TGP,20180101,20.15,20.15,20.15,20.15,0
TGP-A,20180101,25.25,25.25,25.25,25.25,0
TGP-B,20180101,24.54,24.54,24.54,24.54,0
TGS,20180101,22.23,22.23,22.23,22.23,0
TGT,20180101,65.25,65.25,65.25,65.25,0
THC,20180101,15.16,15.16,15.16,15.16,0
THG,20180101,108.08,108.08,108.08,108.08,0
THGA,20180101,25.32,25.32,25.32,25.32,0
THO,20180101,150.72,150.72,150.72,150.72,0
THQ,20180101,17.52,17.52,17.52,17.52,0
THR,20180101,23.67,23.67,23.67,23.67,0
THS,20180101,49.46,49.46,49.46,49.46,0
THW,20180101,13.61,13.61,13.61,13.61,0
TIF,20180101,103.95,103.95,103.95,103.95,0
TISI,20180101,14.9,14.9,14.9,14.9,0
TJX,20180101,38.23,38.23,38.23,38.23,0
TK,20180101,9.32,9.32,9.32,9.32,0
TKC,20180101,10.2,10.2,10.2,10.2,0
TKR,20180101,49.15,49.15,49.15,49.15,0
TLI,20180101,10.52,10.52,10.52,10.52,0
TLK,20180101,32.22,32.22,32.22,32.22,0
TLRA,20180101,4.03,4.03,4.03,4.03,0
TLRD,20180101,21.83,21.83,21.83,21.83,0
TLYS,20180101,14.76,14.76,14.76,14.76,0
TM,20180101,127.17,127.17,127.17,127.17,0
TMHC,20180101,24.47,24.47,24.47,24.47,0
TMO,20180101,189.88,189.88,189.88,189.88,0
TMST,20180101,15.19,15.19,15.19,15.19,0
TNC,20180101,72.65,72.65,72.65,72.65,0
TNET,20180101,44.34,44.34,44.34,44.34,0
TNK,20180101,1.4,1.4,1.4,1.4,0
TNP,20180101,3.91,3.91,3.91,3.91,0
TNP-C,20180101,25.5,25.5,25.5,25.5,0
TNP-D,20180101,24.76,24.76,24.76,24.76,0
TNP-E,20180101,25.22,25.22,25.22,25.22,0
TOL,20180101,48.02,48.02,48.02,48.02,0
TOO-A,20180101,23.08,23.08,23.08,23.08,0
TOO-B,20180101,24.85,24.85,24.85,24.85,0
TOT,20180101,55.28,55.28,55.28,55.28,0
TPB,20180101,21.13,21.13,21.13,21.13,0
TPC,20180101,25.35,25.35,25.35,25.35,0
TPH,20180101,17.92,17.92,17.92,17.92,0
TPL,20180101,446.63,446.63,446.63,446.63,0
TPR,20180101,44.23,44.23,44.23,44.23,0
TPRE,20180101,14.65,14.65,14.65,14.65,0
TPVG,20180101,12.69,12.69,12.69,12.69,0
TPVY,20180101,25.88,25.88,25.88,25.88,0
TPX,20180101,62.69,62.69,62.69,62.69,0
TPZ,20180101,20.6,20.6,20.6,20.6,0
TR,20180101,36.4,36.4,36.4,36.4,0
TRC,20180101,20.76,20.76,20.76,20.76,0
TREC,20180101,13.5,13.5,13.5,13.5,0
TREX,20180101,54.195,54.195,54.195,54.195,0
TRGP,20180101,48.42,48.42,48.42,48.42,0
TRI,20180101,43.59,43.59,43.59,43.59,0
TRN,20180101,37.46,37.46,37.46,37.46,0
TRNO,20180101,35.06,35.06,35.06,35.06,0
TROX,20180101,20.51,20.51,20.51,20.51,0
TRP,20180101,48.64,48.64,48.64,48.64,0
TRQ,20180101,3.43,3.43,3.43,3.43,0
TRTN,20180101,37.45,37.45,37.45,37.45,0
TRTX,20180101,19.05,19.05,19.05,19.05,0
TRU,20180101,54.96,54.96,54.96,54.96,0
TRV,20180101,135.64,135.64,135.64,135.64,0
TS,20180101,31.86,31.86,31.86,31.86,0
TSE,20180101,72.6,72.6,72.6,72.6,0
TSI,20180101,5.87,5.87,5.87,5.87,0
TSLF,20180101,16.86,16.86,16.86,16.86,0
TSLX,20180101,19.8,19.8,19.8,19.8,0
TSM,20180101,39.65,39.65,39.65,39.65,0
TSN,20180101,81.07,81.07,81.07,81.07,0
TSQ,20180101,7.68,7.68,7.68,7.68,0
TSU,20180101,19.31,19.31,19.31,19.31,0
TTC,20180101,65.23,65.23,65.23,65.23,0
TTI,20180101,4.27,4.27,4.27,4.27,0
TTM,20180101,33.07,33.07,33.07,33.07,0
TTP,20180101,18.8,18.8,18.8,18.8,0
TU,20180101,37.87,37.87,37.87,37.87,0
TUP,20180101,62.7,62.7,62.7,62.7,0
TV,20180101,18.67,18.67,18.67,18.67,0
TVC,20180101,25.1,25.1,25.1,25.1,0
TVE,20180101,25,25,25,25,0
TWI,20180101,12.88,12.88,12.88,12.88,0
TWLO,20180101,23.6,23.6,23.6,23.6,0
TWN,20180101,20.87,20.87,20.87,20.87,0
TWO,20180101,16.26,16.26,16.26,16.26,0
TWO-A,20180101,27.26,27.26,27.26,27.26,0
TWO-B,20180101,26.26,26.26,26.26,26.26,0
TWO-C,20180101,25.08,25.08,25.08,25.08,0
TWTR,20180101,24.01,24.01,24.01,24.01,0
TX,20180101,31.59,31.59,31.59,31.59,0
TXT,20180101,56.59,56.59,56.59,56.59,0
TY,20180101,26.94,26.94,26.94,26.94,0
TY.P,20180101,50.4,50.4,50.4,50.4,0
TYG,20180101,29.08,29.08,29.08,29.08,0
TYL,20180101,177.05,177.05,177.05,177.05,0
UA,20180101,13.32,13.32,13.32,13.32,0
UAA,20180101,14.43,14.43,14.43,14.43,0
UAN,20180101,3.28,3.28,3.28,3.28,0
UBA,20180101,21.74,21.74,21.74,21.74,0
UBP,20180101,16.95,16.95,16.95,16.95,0
UBP-H,20180101,26.15,26.15,26.15,26.15,0
UBS,20180101,18.39,18.39,18.39,18.39,0
UDR,20180101,38.52,38.52,38.52,38.52,0
UE,20180101,25.49,25.49,25.49,25.49,0
UFI,20180101,35.87,35.87,35.87,35.87,0
UFS,20180101,49.52,49.52,49.52,49.52,0
UGI,20180101,46.95,46.95,46.95,46.95,0
UGP,20180101,11.365,11.365,11.365,11.365,0
UHS,20180101,113.35,113.35,113.35,113.35,0
UHT,20180101,75.11,75.11,75.11,75.11,0
UIS,20180101,8.15,8.15,8.15,8.15,0
UL,20180101,55.34,55.34,55.34,55.34,0
UMC,20180101,2.39,2.39,2.39,2.39,0
UMH,20180101,14.9,14.9,14.9,14.9,0
UMH-B,20180101,27.32,27.32,27.32,27.32,0
UMH-C,20180101,27.16,27.16,27.16,27.16,0
UN,20180101,56.32,56.32,56.32,56.32,0
UNF,20180101,164.9,164.9,164.9,164.9,0
UNH,20180101,220.46,220.46,220.46,220.46,0
UNM,20180101,54.89,54.89,54.89,54.89,0
UNP,20180101,134.1,134.1,134.1,134.1,0
UNT,20180101,22,22,22,22,0
UNVR,20180101,30.96,30.96,30.96,30.96,0
UPS,20180101,119.15,119.15,119.15,119.15,0
URI,20180101,171.91,171.91,171.91,171.91,0
USA,20180101,6.3,6.3,6.3,6.3,0
USAC,20180101,16.54,16.54,16.54,16.54,0
USB,20180101,53.58,53.58,53.58,53.58,0
USB-A,20180101,888,888,888,888,0
USB-H,20180101,22.58,22.58,22.58,22.58,0
USB-M,20180101,28.22,28.22,28.22,28.22,0
USB-O,20180101,25.28,25.28,25.28,25.28,0
USDP,20180101,11.25,11.25,11.25,11.25,0
USFD,20180101,31.93,31.93,31.93,31.93,0
USM,20180101,37.63,37.63,37.63,37.63,0
USNA,20180101,74.05,74.05,74.05,74.05,0
USPH,20180101,72.2,72.2,72.2,72.2,0
UTF,20180101,24,24,24,24,0
UTI,20180101,2.4,2.4,2.4,2.4,0
UTL,20180101,45.62,45.62,45.62,45.62,0
UTX,20180101,127.57,127.57,127.57,127.57,0
UVE,20180101,27.35,27.35,27.35,27.35,0
UVV,20180101,52.5,52.5,52.5,52.5,0
UZA,20180101,25.24,25.24,25.24,25.24,0
UZB,20180101,25.72,25.72,25.72,25.72,0
UZC,20180101,25.92,25.92,25.92,25.92,0
V,20180101,114.02,114.02,114.02,114.02,0
VAC,20180101,135.21,135.21,135.21,135.21,0
VALE,20180101,12.23,12.23,12.23,12.23,0
VAR,20180101,111.15,111.15,111.15,111.15,0
VBF,20180101,19.89,19.89,19.89,19.89,0
VCRA,20180101,30.22,30.22,30.22,30.22,0
VCV,20180101,12.58,12.58,12.58,12.58,0
VEC,20180101,30.85,30.85,30.85,30.85,0
VEDL,20180101,20.83,20.83,20.83,20.83,0
VEEV,20180101,55.28,55.28,55.28,55.28,0
VER,20180101,7.79,7.79,7.79,7.79,0
VER-F,20180101,25.57,25.57,25.57,25.57,0
VET,20180101,36.32,36.32,36.32,36.32,0
VFC,20180101,74,74,74,74,0
VGI,20180101,17.5,17.5,17.5,17.5,0
VGM,20180101,13.18,13.18,13.18,13.18,0
VGR,20180101,22.38,22.38,22.38,22.38,0
VHI,20180101,6.17,6.17,6.17,6.17,0
VIPS,20180101,11.72,11.72,11.72,11.72,0
VIV,20180101,14.83,14.83,14.83,14.83,0
VJET,20180101,4.57,4.57,4.57,4.57,0
VKQ,20180101,12.5,12.5,12.5,12.5,0
VLO,20180101,91.91,91.91,91.91,91.91,0
VLRS,20180101,8.02,8.02,8.02,8.02,0
VLT,20180101,14.71,14.71,14.71,14.71,0
VMC,20180101,128.37,128.37,128.37,128.37,0
VMI,20180101,165.85,165.85,165.85,165.85,0
VMO,20180101,12.4,12.4,12.4,12.4,0
VMW,20180101,125.32,125.32,125.32,125.32,0
VNCE,20180101,6.19,6.19,6.19,6.19,0
VNO,20180101,78.18,78.18,78.18,78.18,0
VNO-K,20180101,25.26,25.26,25.26,25.26,0
VNO-L,20180101,24.89,24.89,24.89,24.89,0
VNO-M,20180101,26.16,26.16,26.16,26.16,0
VNTR,20180101,22.12,22.12,22.12,22.12,0
VOC,20180101,5.92,5.92,5.92,5.92,0
VOYA,20180101,49.47,49.47,49.47,49.47,0
VPG,20180101,25.15,25.15,25.15,25.15,0
VPV,20180101,12.15,12.15,12.15,12.15,0
VRS,20180101,17.57,17.57,17.57,17.57,0
VRTV,20180101,28.9,28.9,28.9,28.9,0
VSH,20180101,20.75,20.75,20.75,20.75,0
VSLR,20180101,4.05,4.05,4.05,4.05,0
VST,20180101,18.32,18.32,18.32,18.32,0
VSTO,20180101,14.57,14.57,14.57,14.57,0
VTA,20180101,11.71,11.71,11.71,11.71,0
VTN,20180101,13.72,13.72,13.72,13.72,0
VTR,20180101,60.01,60.01,60.01,60.01,0
VVI,20180101,55.4,55.4,55.4,55.4,0
VVR,20180101,4.39,4.39,4.39,4.39,0
VVV,20180101,25.06,25.06,25.06,25.06,0
VZ,20180101,52.93,52.93,52.93,52.93,0
W,20180101,80.27,80.27,80.27,80.27,0
WAAS,20180101,15.52,15.52,15.52,15.52,0
WAB,20180101,81.43,81.43,81.43,81.43,0
WAL,20180101,56.62,56.62,56.62,56.62,0
WALA,20180101,26.215,26.215,26.215,26.215,0
WAT,20180101,193.19,193.19,193.19,193.19,0
WBAI,20180101,10.11,10.11,10.11,10.11,0
WBC,20180101,143.5,143.5,143.5,143.5,0
WBK,20180101,24.38,24.38,24.38,24.38,0
WBS,20180101,56.16,56.16,56.16,56.16,0
WBS-F,20180101,25.41,25.41,25.41,25.41,0
WBT,20180101,23.51,23.51,23.51,23.51,0
WCC,20180101,68.15,68.15,68.15,68.15,0
WCN,20180101,70.94,70.94,70.94,70.94,0
WD,20180101,47.5,47.5,47.5,47.5,0
WDR,20180101,22.34,22.34,22.34,22.34,0
WEA,20180101,13.81,13.81,13.81,13.81,0
WEC,20180101,66.43,66.43,66.43,66.43,0
WES,20180101,48.09,48.09,48.09,48.09,0
WEX,20180101,141.23,141.23,141.23,141.23,0
WF,20180101,44.69,44.69,44.69,44.69,0
WFC,20180101,60.67,60.67,60.67,60.67,0
WFC-L,20180101,1309.99,1309.99,1309.99,1309.99,0
WFC-N,20180101,25.1,25.1,25.1,25.1,0
WFC-O,20180101,25.12,25.12,25.12,25.12,0
WFC-P,20180101,25.19,25.19,25.19,25.19,0
WFC-Q,20180101,27,27,27,27,0
WFC-R,20180101,28.62,28.62,28.62,28.62,0
WFC-T,20180101,26.45,26.45,26.45,26.45,0
WFC-V,20180101,26.81,26.81,26.81,26.81,0
WFC-W,20180101,25.99,25.99,25.99,25.99,0
WFC-X,20180101,25.54,25.54,25.54,25.54,0
WFC-Y,20180101,25.94,25.94,25.94,25.94,0
WGO,20180101,55.6,55.6,55.6,55.6,0
WHG,20180101,66.21,66.21,66.21,66.21,0
WHR,20180101,168.64,168.64,168.64,168.64,0
WIA,20180101,11.79,11.79,11.79,11.79,0
WIT,20180101,4.1025,4.1025,4.1025,4.1025,0
WIW,20180101,11.42,11.42,11.42,11.42,0
WK,20180101,21.4,21.4,21.4,21.4,0
WLH,20180101,29.08,29.08,29.08,29.08,0
WLK,20180101,106.53,106.53,106.53,106.53,0
WLKP,20180101,24.95,24.95,24.95,24.95,0
WLL,20180101,26.48,26.48,26.48,26.48,0
WM,20180101,86.3,86.3,86.3,86.3,0
WMB,20180101,30.49,30.49,30.49,30.49,0
WMC,20180101,9.95,9.95,9.95,9.95,0
WMK,20180101,41.39,41.39,41.39,41.39,0
WMS,20180101,23.85,23.85,23.85,23.85,0
WMT,20180101,98.75,98.75,98.75,98.75,0
WNC,20180101,21.7,21.7,21.7,21.7,0
WNS,20180101,40.13,40.13,40.13,40.13,0
WOR,20180101,44.06,44.06,44.06,44.06,0
WOW,20180101,10.57,10.57,10.57,10.57,0
WPC,20180101,68.9,68.9,68.9,68.9,0
WPG,20180101,7.12,7.12,7.12,7.12,0
WPG-H,20180101,24.6,24.6,24.6,24.6,0
WPG-I,20180101,24.77,24.77,24.77,24.77,0
WPM,20180101,22.13,22.13,22.13,22.13,0
WPP,20180101,90.56,90.56,90.56,90.56,0
WPX,20180101,14.07,14.07,14.07,14.07,0
WRB,20180101,47.7667,47.7667,47.7667,47.7667,0
WRB-B,20180101,25.22,25.22,25.22,25.22,0
WRB-C,20180101,26.18,26.18,26.18,26.18,0
WRB-D,20180101,25.93,25.93,25.93,25.93,0
WRE,20180101,31.12,31.12,31.12,31.12,0
WRI,20180101,32.87,32.87,32.87,32.87,0
WRK,20180101,63.21,63.21,63.21,63.21,0
WSM,20180101,51.7,51.7,51.7,51.7,0
WSO,20180101,170.04,170.04,170.04,170.04,0
WSO.B,20180101,169,169,169,169,0
WSR,20180101,14.41,14.41,14.41,14.41,0
WST,20180101,98.67,98.67,98.67,98.67,0
WTI,20180101,3.31,3.31,3.31,3.31,0
WTM,20180101,851.28,851.28,851.28,851.28,0
WTS,20180101,75.95,75.95,75.95,75.95,0
WTTR,20180101,18.24,18.24,18.24,18.24,0
WU,20180101,19.01,19.01,19.01,19.01,0
WUBA,20180101,71.57,71.57,71.57,71.57,0
WWE,20180101,30.58,30.58,30.58,30.58,0
WWW,20180101,31.88,31.88,31.88,31.88,0
WY,20180101,35.26,35.26,35.26,35.26,0
X,20180101,35.19,35.19,35.19,35.19,0
XEC,20180101,122.01,122.01,122.01,122.01,0
XFLT,20180101,9.4,9.4,9.4,9.4,0
XHR,20180101,21.59,21.59,21.59,21.59,0
XIN,20180101,6.81,6.81,6.81,6.81,0
XOM,20180101,83.64,83.64,83.64,83.64,0
XPO,20180101,91.59,91.59,91.59,91.59,0
XRF,20180101,5.72,5.72,5.72,5.72,0
XRX,20180101,29.15,29.15,29.15,29.15,0
XYL,20180101,68.2,68.2,68.2,68.2,0
Y,20180101,596.09,596.09,596.09,596.09,0
YELP,20180101,41.96,41.96,41.96,41.96,0
YEXT,20180101,12.03,12.03,12.03,12.03,0
YPF,20180101,22.91,22.91,22.91,22.91,0
YRD,20180101,43.97,43.97,43.97,43.97,0
YUM,20180101,81.61,81.61,81.61,81.61,0
YUMC,20180101,40.02,40.02,40.02,40.02,0
ZAYO,20180101,36.8,36.8,36.8,36.8,0
ZBH,20180101,120.67,120.67,120.67,120.67,0
ZEN,20180101,33.84,33.84,33.84,33.84,0
ZNH,20180101,51.82,51.82,51.82,51.82,0
ZTO,20180101,15.85,15.85,15.85,15.85,0
ZTR,20180101,13.4,13.4,13.4,13.4,0
ZTS,20180101,72.04,72.04,72.04,72.04,0
ZYME,20180101,7.59,7.59,7.59,7.59,0
