A,20180219,71.97,71.97,71.97,71.97,0
AA,20180219,47.36,47.36,47.36,47.36,0
AAN,20180219,43.4,43.4,43.4,43.4,0
AAP,20180219,107.57,107.57,107.57,107.57,0
AAT,20180219,32.53,32.53,32.53,32.53,0
AB,20180219,27.35,27.35,27.35,27.35,0
ABB,20180219,25.42,25.42,25.42,25.42,0
ABBV,20180219,118.6,118.6,118.6,118.6,0
ABC,20180219,99.4,99.4,99.4,99.4,0
ABEV,20180219,6.9,6.9,6.9,6.9,0
ABG,20180219,68.8,68.8,68.8,68.8,0
ABM,20180219,36.62,36.62,36.62,36.62,0
ABR,20180219,8.43,8.43,8.43,8.43,0
ABR-A,20180219,25.13,25.13,25.13,25.13,0
ABR-B,20180219,25.04,25.04,25.04,25.04,0
ABR-C,20180219,25.66,25.66,25.66,25.66,0
ABT,20180219,60.17,60.17,60.17,60.17,0
AC,20180219,34.2,34.2,34.2,34.2,0
ACC,20180219,36.77,36.77,36.77,36.77,0
ACCO,20180219,13.65,13.65,13.65,13.65,0
ACH,20180219,15.86,15.86,15.86,15.86,0
ACM,20180219,35.36,35.36,35.36,35.36,0
ACN,20180219,162.66,162.66,162.66,162.66,0
ACP,20180219,14.01,14.01,14.01,14.01,0
ACRE,20180219,12.65,12.65,12.65,12.65,0
ACV,20180219,21.74,21.74,21.74,21.74,0
ADC,20180219,46.56,46.56,46.56,46.56,0
ADM,20180219,43.13,43.13,43.13,43.13,0
ADNT,20180219,61.89,61.89,61.89,61.89,0
ADS,20180219,244.68,244.68,244.68,244.68,0
ADSW,20180219,23.95,23.95,23.95,23.95,0
ADT,20180219,11.58,11.58,11.58,11.58,0
ADX,20180219,15.34,15.34,15.34,15.34,0
AEB,20180219,24.24,24.24,24.24,24.24,0
AEE,20180219,56.32,56.32,56.32,56.32,0
AEG,20180219,6.85,6.85,6.85,6.85,0
AEL,20180219,31.79,31.79,31.79,31.79,0
AEM,20180219,43.1,43.1,43.1,43.1,0
AEO,20180219,18.44,18.44,18.44,18.44,0
AEP,20180219,67.26,67.26,67.26,67.26,0
AER,20180219,51.96,51.96,51.96,51.96,0
AES,20180219,10.45,10.45,10.45,10.45,0
AFB,20180219,12.85,12.85,12.85,12.85,0
AFC,20180219,25.45,25.45,25.45,25.45,0
AFG,20180219,112.12,112.12,112.12,112.12,0
AFGH,20180219,25.11,25.11,25.11,25.11,0
AFI,20180219,14.66,14.66,14.66,14.66,0
AFL,20180219,44.825,44.825,44.825,44.825,0
AFT,20180219,16.22,16.22,16.22,16.22,0
AG,20180219,5.78,5.78,5.78,5.78,0
AGCO,20180219,67.08,67.08,67.08,67.08,0
AGD,20180219,11.1,11.1,11.1,11.1,0
AGI,20180219,5.62,5.62,5.62,5.62,0
AGM,20180219,81.58,81.58,81.58,81.58,0
AGM-A,20180219,25,25,25,25,0
AGM-C,20180219,26.75,26.75,26.75,26.75,0
AGM.A,20180219,78,78,78,78,0
AGN,20180219,164.04,164.04,164.04,164.04,0
AGO,20180219,38.07,38.07,38.07,38.07,0
AGO-B,20180219,25.85,25.85,25.85,25.85,0
AGO-E,20180219,25.17,25.17,25.17,25.17,0
AGO-F,20180219,24.8,24.8,24.8,24.8,0
AGR,20180219,50.22,50.22,50.22,50.22,0
AGRO,20180219,9.21,9.21,9.21,9.21,0
AGS,20180219,19.95,19.95,19.95,19.95,0
AGX,20180219,40.4,40.4,40.4,40.4,0
AHC,20180219,5.25,5.25,5.25,5.25,0
AHH,20180219,13.55,13.55,13.55,13.55,0
AHL-C,20180219,26.09,26.09,26.09,26.09,0
AHL-D,20180219,24.51,24.51,24.51,24.51,0
AHT,20180219,5.96,5.96,5.96,5.96,0
AHT-D,20180219,25.27,25.27,25.27,25.27,0
AHT-F,20180219,23.01,23.01,23.01,23.01,0
AHT-G,20180219,22.95,22.95,22.95,22.95,0
AHT-H,20180219,22.9,22.9,22.9,22.9,0
AHT-I,20180219,23.1,23.1,23.1,23.1,0
AI,20180219,11.42,11.42,11.42,11.42,0
AI-B,20180219,24.94,24.94,24.94,24.94,0
AIC,20180219,24.13,24.13,24.13,24.13,0
AIF,20180219,15.64,15.64,15.64,15.64,0
AIG,20180219,59.47,59.47,59.47,59.47,0
AIG.W,20180219,19.4,19.4,19.4,19.4,0
AIN,20180219,65.95,65.95,65.95,65.95,0
AIR,20180219,42.5,42.5,42.5,42.5,0
AIT,20180219,72.15,72.15,72.15,72.15,0
AIV,20180219,39.69,39.69,39.69,39.69,0
AIW,20180219,24.2,24.2,24.2,24.2,0
AIZ,20180219,89.92,89.92,89.92,89.92,0
AJG,20180219,68.97,68.97,68.97,68.97,0
AJRD,20180219,27.3,27.3,27.3,27.3,0
AJX,20180219,13.2,13.2,13.2,13.2,0
AJXA,20180219,25,25,25,25,0
AKO.A,20180219,27.26,27.26,27.26,27.26,0
AKO.B,20180219,30.38,30.38,30.38,30.38,0
AKR,20180219,23.06,23.06,23.06,23.06,0
AKS,20180219,5.96,5.96,5.96,5.96,0
AL,20180219,46.06,46.06,46.06,46.06,0
ALB,20180219,112.24,112.24,112.24,112.24,0
ALE,20180219,69.34,69.34,69.34,69.34,0
ALEX,20180219,23.48,23.48,23.48,23.48,0
ALG,20180219,112.83,112.83,112.83,112.83,0
ALK,20180219,64.97,64.97,64.97,64.97,0
ALL,20180219,95.04,95.04,95.04,95.04,0
ALL-B,20180219,25.69,25.69,25.69,25.69,0
ALL-Y,20180219,25.64,25.64,25.64,25.64,0
ALLE,20180219,82.72,82.72,82.72,82.72,0
ALLY,20180219,28.67,28.67,28.67,28.67,0
ALP-Q,20180219,25.21,25.21,25.21,25.21,0
ALSN,20180219,39.32,39.32,39.32,39.32,0
ALV,20180219,104.9832,104.9832,104.9832,104.9832,0
ALX,20180219,353.13,353.13,353.13,353.13,0
AM,20180219,27.7,27.7,27.7,27.7,0
AMC,20180219,14.4,14.4,14.4,14.4,0
AME,20180219,76.55,76.55,76.55,76.55,0
AMG,20180219,191.79,191.79,191.79,191.79,0
AMH,20180219,19.69,19.69,19.69,19.69,0
AMH-D,20180219,25.33,25.33,25.33,25.33,0
AMH-E,20180219,25.17,25.17,25.17,25.17,0
AMH-F,20180219,24.07,24.07,24.07,24.07,0
AMH-G,20180219,23.54,23.54,23.54,23.54,0
AMN,20180219,56.5,56.5,56.5,56.5,0
AMOV,20180219,19.26,19.26,19.26,19.26,0
AMP,20180219,159.81,159.81,159.81,159.81,0
AMRC,20180219,8.5,8.5,8.5,8.5,0
AMT,20180219,140.02,140.02,140.02,140.02,0
AMX,20180219,19.24,19.24,19.24,19.24,0
AN,20180219,53.11,53.11,53.11,53.11,0
ANET,20180219,249.49,249.49,249.49,249.49,0
ANF,20180219,21.92,21.92,21.92,21.92,0
ANH,20180219,4.94,4.94,4.94,4.94,0
ANH-A,20180219,25.85,25.85,25.85,25.85,0
ANH-B,20180219,25.5,25.5,25.5,25.5,0
ANH-C,20180219,24.93,24.93,24.93,24.93,0
ANTM,20180219,235.02,235.02,235.02,235.02,0
AOD,20180219,9.51,9.51,9.51,9.51,0
AON,20180219,140.86,140.86,140.86,140.86,0
AOS,20180219,65.54,65.54,65.54,65.54,0
AP,20180219,11,11,11,11,0
APA,20180219,38.11,38.11,38.11,38.11,0
APAM,20180219,33.45,33.45,33.45,33.45,0
APD,20180219,163.63,163.63,163.63,163.63,0
APH,20180219,89.99,89.99,89.99,89.99,0
APLE,20180219,18.37,18.37,18.37,18.37,0
APO,20180219,34.01,34.01,34.01,34.01,0
APO-A,20180219,25.34,25.34,25.34,25.34,0
APRN,20180219,53.4,53.4,53.4,53.4,0
APTS,20180219,14.42,14.42,14.42,14.42,0
APTV,20180219,92.4,92.4,92.4,92.4,0
AQN,20180219,10.27,10.27,10.27,10.27,0
AQUA,20180219,22.74,22.74,22.74,22.74,0
AR,20180219,18.93,18.93,18.93,18.93,0
ARA,20180219,19.58,19.58,19.58,19.58,0
ARC,20180219,2.19,2.19,2.19,2.19,0
ARCH,20180219,92.47,92.47,92.47,92.47,0
ARCO,20180219,9.65,9.65,9.65,9.65,0
ARD,20180219,18.4,18.4,18.4,18.4,0
ARDC,20180219,16.3,16.3,16.3,16.3,0
ARE,20180219,122.66,122.66,122.66,122.66,0
ARE-A,20180219,25.71,25.71,25.71,25.71,0
ARES,20180219,24.05,24.05,24.05,24.05,0
ARI,20180219,18.69,18.69,18.69,18.69,0
ARL,20180219,13.35,13.35,13.35,13.35,0
ARMK,20180219,41.98,41.98,41.98,41.98,0
ARNC,20180219,25.36,25.36,25.36,25.36,0
AROC,20180219,9.35,9.35,9.35,9.35,0
ARR,20180219,23.24,23.24,23.24,23.24,0
ARR-B,20180219,24.92,24.92,24.92,24.92,0
ARW,20180219,81.81,81.81,81.81,81.81,0
ASA,20180219,10.94,10.94,10.94,10.94,0
ASB,20180219,24.9,24.9,24.9,24.9,0
ASB-C,20180219,25.83,25.83,25.83,25.83,0
ASB-D,20180219,24.59,24.59,24.59,24.59,0
ASC,20180219,7.45,7.45,7.45,7.45,0
ASG,20180219,5.86,5.86,5.86,5.86,0
ASGN,20180219,75.45,75.45,75.45,75.45,0
ASH,20180219,72.24,72.24,72.24,72.24,0
ASIX,20180219,38.35,38.35,38.35,38.35,0
ASPN,20180219,4.4,4.4,4.4,4.4,0
ASR,20180219,181.22,181.22,181.22,181.22,0
ASX,20180219,6.88,6.88,6.88,6.88,0
AT,20180219,1.95,1.95,1.95,1.95,0
ATEN,20180219,6.35,6.35,6.35,6.35,0
ATGE,20180219,47.95,47.95,47.95,47.95,0
ATH,20180219,49.29,49.29,49.29,49.29,0
ATHM,20180219,82.59,82.59,82.59,82.59,0
ATI,20180219,27.82,27.82,27.82,27.82,0
ATKR,20180219,20.84,20.84,20.84,20.84,0
ATO,20180219,82.96,82.96,82.96,82.96,0
ATR,20180219,91.83,91.83,91.83,91.83,0
ATTO,20180219,9.65,9.65,9.65,9.65,0
ATUS,20180219,19.81,19.81,19.81,19.81,0
ATV,20180219,19.97,19.97,19.97,19.97,0
AU,20180219,10.45,10.45,10.45,10.45,0
AUY,20180219,3.12,3.12,3.12,3.12,0
AVA,20180219,50.21,50.21,50.21,50.21,0
AVAL,20180219,8.91,8.91,8.91,8.91,0
AVB,20180219,162.57,162.57,162.57,162.57,0
AVD,20180219,19.9,19.9,19.9,19.9,0
AVH,20180219,8.5,8.5,8.5,8.5,0
AVK,20180219,15.48,15.48,15.48,15.48,0
AVX,20180219,17.37,17.37,17.37,17.37,0
AVY,20180219,118.8,118.8,118.8,118.8,0
AVYA,20180219,21.92,21.92,21.92,21.92,0
AWF,20180219,12.07,12.07,12.07,12.07,0
AWI,20180219,61.9,61.9,61.9,61.9,0
AWK,20180219,80.5,80.5,80.5,80.5,0
AWP,20180219,6.41,6.41,6.41,6.41,0
AWR,20180219,53.65,53.65,53.65,53.65,0
AXE,20180219,77.6,77.6,77.6,77.6,0
AXL,20180219,15.22,15.22,15.22,15.22,0
AXP,20180219,96.79,96.79,96.79,96.79,0
AXR,20180219,7.52,7.52,7.52,7.52,0
AXS,20180219,51.47,51.47,51.47,51.47,0
AXS-E,20180219,23.68,23.68,23.68,23.68,0
AXTA,20180219,30.56,30.56,30.56,30.56,0
AYI,20180219,151.14,151.14,151.14,151.14,0
AYR,20180219,20.3,20.3,20.3,20.3,0
AYX,20180219,29.41,29.41,29.41,29.41,0
AZN,20180219,33.93,33.93,33.93,33.93,0
AZO,20180219,714.05,714.05,714.05,714.05,0
AZRE,20180219,16.15,16.15,16.15,16.15,0
AZUL,20180219,27.37,27.37,27.37,27.37,0
AZZ,20180219,43.55,43.55,43.55,43.55,0
B,20180219,63.95,63.95,63.95,63.95,0
BA,20180219,355.04,355.04,355.04,355.04,0
BABA,20180219,183.68,183.68,183.68,183.68,0
BAC,20180219,31.97,31.97,31.97,31.97,0
BAC-A,20180219,25.89,25.89,25.89,25.89,0
BAC-C,20180219,26.11,26.11,26.11,26.11,0
BAC-E,20180219,23.38,23.38,23.38,23.38,0
BAC-L,20180219,1243.12,1243.12,1243.12,1243.12,0
BAF,20180219,13.94,13.94,13.94,13.94,0
BAH,20180219,38.3,38.3,38.3,38.3,0
BAK,20180219,27.24,27.24,27.24,27.24,0
BAM,20180219,40.28,40.28,40.28,40.28,0
BAN-D,20180219,25.93,25.93,25.93,25.93,0
BAN-E,20180219,25.78,25.78,25.78,25.78,0
BANC,20180219,20.4,20.4,20.4,20.4,0
BAP,20180219,218.22,218.22,218.22,218.22,0
BAX,20180219,66.33,66.33,66.33,66.33,0
BB,20180219,12.06,12.06,12.06,12.06,0
BBD,20180219,9.9,9.9,9.9,9.9,0
BBDO,20180219,9.45,9.45,9.45,9.45,0
BBF,20180219,13.2,13.2,13.2,13.2,0
BBK,20180219,14.49,14.49,14.49,14.49,0
BBL,20180219,44.04,44.04,44.04,44.04,0
BBN,20180219,21.76,21.76,21.76,21.76,0
BBU,20180219,36.79,36.79,36.79,36.79,0
BBVA,20180219,8.78,8.78,8.78,8.78,0
BBW,20180219,9.1,9.1,9.1,9.1,0
BBX,20180219,8.81,8.81,8.81,8.81,0
BBY,20180219,73.18,73.18,73.18,73.18,0
BC,20180219,59.04,59.04,59.04,59.04,0
BCC,20180219,43.9,43.9,43.9,43.9,0
BCE,20180219,44.49,44.49,44.49,44.49,0
BCEI,20180219,27.82,27.82,27.82,27.82,0
BCH,20180219,34,34,34,34,0
BCO,20180219,75.65,75.65,75.65,75.65,0
BCRH,20180219,11.2,11.2,11.2,11.2,0
BCS,20180219,11.33,11.33,11.33,11.33,0
BCX,20180219,9.53,9.53,9.53,9.53,0
BDC,20180219,73.21,73.21,73.21,73.21,0
BDJ,20180219,9.16,9.16,9.16,9.16,0
BDN,20180219,16.52,16.52,16.52,16.52,0
BDX,20180219,222.87,222.87,222.87,222.87,0
BDXA,20180219,59.06,59.06,59.06,59.06,0
BEDU,20180219,19.57,19.57,19.57,19.57,0
BEN,20180219,39.1,39.1,39.1,39.1,0
BEP,20180219,32.5,32.5,32.5,32.5,0
BERY,20180219,56.47,56.47,56.47,56.47,0
BF.A,20180219,54.64,54.64,54.64,54.64,0
BF.B,20180219,55.664,55.664,55.664,55.664,0
BFAM,20180219,97.35,97.35,97.35,97.35,0
BFK,20180219,13.38,13.38,13.38,13.38,0
BFO,20180219,14.32,14.32,14.32,14.32,0
BFS,20180219,51.45,51.45,51.45,51.45,0
BFS-D,20180219,24,24,24,24,0
BFZ,20180219,13.22,13.22,13.22,13.22,0
BG,20180219,79.1,79.1,79.1,79.1,0
BGB,20180219,15.83,15.83,15.83,15.83,0
BGG,20180219,22.44,22.44,22.44,22.44,0
BGH,20180219,18.58,18.58,18.58,18.58,0
BGIO,20180219,9.65,9.65,9.65,9.65,0
BGR,20180219,13.77,13.77,13.77,13.77,0
BGS,20180219,32.85,32.85,32.85,32.85,0
BGT,20180219,13.7,13.7,13.7,13.7,0
BGX,20180219,16.03,16.03,16.03,16.03,0
BGY,20180219,6.38,6.38,6.38,6.38,0
BH,20180219,391.62,391.62,391.62,391.62,0
BHE,20180219,29.7,29.7,29.7,29.7,0
BHK,20180219,13.08,13.08,13.08,13.08,0
BHLB,20180219,38,38,38,38,0
BHP,20180219,48.69,48.69,48.69,48.69,0
BHVN,20180219,29.61,29.61,29.61,29.61,0
BIF,20180219,11.18,11.18,11.18,11.18,0
BIG,20180219,56.7,56.7,56.7,56.7,0
BIO,20180219,249.04,249.04,249.04,249.04,0
BIO.B,20180219,246.3,246.3,246.3,246.3,0
BIP,20180219,41.9,41.9,41.9,41.9,0
BIT,20180219,17.42,17.42,17.42,17.42,0
BITA,20180219,30.43,30.43,30.43,30.43,0
BK,20180219,56.25,56.25,56.25,56.25,0
BK-C,20180219,24.06,24.06,24.06,24.06,0
BKD,20180219,9.2,9.2,9.2,9.2,0
BKE,20180219,21.95,21.95,21.95,21.95,0
BKH,20180219,52.39,52.39,52.39,52.39,0
BKI,20180219,47.7,47.7,47.7,47.7,0
BKK,20180219,15.2,15.2,15.2,15.2,0
BKN,20180219,13.91,13.91,13.91,13.91,0
BKT,20180219,5.77,5.77,5.77,5.77,0
BKU,20180219,41.23,41.23,41.23,41.23,0
BLD,20180219,74.5,74.5,74.5,74.5,0
BLK,20180219,541.1,541.1,541.1,541.1,0
BLL,20180219,39.62,39.62,39.62,39.62,0
BLW,20180219,15.27,15.27,15.27,15.27,0
BLX,20180219,28.86,28.86,28.86,28.86,0
BMA,20180219,107.9,107.9,107.9,107.9,0
BME,20180219,34.86,34.86,34.86,34.86,0
BMI,20180219,49.45,49.45,49.45,49.45,0
BML-G,20180219,20.87,20.87,20.87,20.87,0
BML-H,20180219,20.77,20.77,20.77,20.77,0
BML-J,20180219,23.2,23.2,23.2,23.2,0
BML-L,20180219,23.15,23.15,23.15,23.15,0
BMO,20180219,77.69,77.69,77.69,77.69,0
BMY,20180219,68.96,68.96,68.96,68.96,0
BNED,20180219,6.94,6.94,6.94,6.94,0
BNS,20180219,61.52,61.52,61.52,61.52,0
BNY,20180219,13.45,13.45,13.45,13.45,0
BOE,20180219,12.18,12.18,12.18,12.18,0
BOH,20180219,85.13,85.13,85.13,85.13,0
BOOT,20180219,17.77,17.77,17.77,17.77,0
BOX,20180219,22.12,22.12,22.12,22.12,0
BP,20180219,39.62,39.62,39.62,39.62,0
BPMP,20180219,20.29,20.29,20.29,20.29,0
BPT,20180219,21.1,21.1,21.1,21.1,0
BQH,20180219,13.75,13.75,13.75,13.75,0
BR,20180219,98.78,98.78,98.78,98.78,0
BRC,20180219,37.8,37.8,37.8,37.8,0
BRFS,20180219,9.15,9.15,9.15,9.15,0
BRK.A,20180219,306000,306000,306000,306000,0
BRK.B,20180219,203.79,203.79,203.79,203.79,0
BRO,20180219,26.35,26.35,26.35,26.35,0
BRT,20180219,10.69,10.69,10.69,10.69,0
BRX,20180219,15.85,15.85,15.85,15.85,0
BSAC,20180219,32.87,32.87,32.87,32.87,0
BSBR,20180219,11.23,11.23,11.23,11.23,0
BSD,20180219,13.07,13.07,13.07,13.07,0
BSE,20180219,12.9,12.9,12.9,12.9,0
BSL,20180219,18.14,18.14,18.14,18.14,0
BSM,20180219,17.93,17.93,17.93,17.93,0
BSMX,20180219,7.39,7.39,7.39,7.39,0
BST,20180219,30.14,30.14,30.14,30.14,0
BSX,20180219,27.2,27.2,27.2,27.2,0
BTA,20180219,11.4,11.4,11.4,11.4,0
BTE,20180219,2.56,2.56,2.56,2.56,0
BTI,20180219,62.43,62.43,62.43,62.43,0
BTO,20180219,39.92,39.92,39.92,39.92,0
BTT,20180219,21.36,21.36,21.36,21.36,0
BTU,20180219,40.55,40.55,40.55,40.55,0
BTZ,20180219,12.71,12.71,12.71,12.71,0
BUD,20180219,106.12,106.12,106.12,106.12,0
BUI,20180219,20.26,20.26,20.26,20.26,0
BURL,20180219,122.92,122.92,122.92,122.92,0
BVN,20180219,15.71,15.71,15.71,15.71,0
BW,20180219,73.1,73.1,73.1,73.1,0
BWA,20180219,52.22,52.22,52.22,52.22,0
BWG,20180219,12.8,12.8,12.8,12.8,0
BWXT,20180219,64.12,64.12,64.12,64.12,0
BX,20180219,34.51,34.51,34.51,34.51,0
BXC,20180219,16.49,16.49,16.49,16.49,0
BXG,20180219,18.57,18.57,18.57,18.57,0
BXMT,20180219,31.42,31.42,31.42,31.42,0
BXMX,20180219,13.63,13.63,13.63,13.63,0
BXP,20180219,119.64,119.64,119.64,119.64,0
BXP-B,20180219,24.01,24.01,24.01,24.01,0
BXS,20180219,32.45,32.45,32.45,32.45,0
BY,20180219,22.41,22.41,22.41,22.41,0
BYD,20180219,37.34,37.34,37.34,37.34,0
BYM,20180219,13.36,13.36,13.36,13.36,0
BZH,20180219,17.04,17.04,17.04,17.04,0
C,20180219,76.82,76.82,76.82,76.82,0
C-J,20180219,27.99,27.99,27.99,27.99,0
C-K,20180219,27.37,27.37,27.37,27.37,0
C-N,20180219,27.1,27.1,27.1,27.1,0
C-S,20180219,25.77,25.77,25.77,25.77,0
CAAP,20180219,16.55,16.55,16.55,16.55,0
CABO,20180219,689.39,689.39,689.39,689.39,0
CACI,20180219,150.15,150.15,150.15,150.15,0
CADE,20180219,28.09,28.09,28.09,28.09,0
CAE,20180219,18.77,18.77,18.77,18.77,0
CAF,20180219,24.96,24.96,24.96,24.96,0
CAG,20180219,36.25,36.25,36.25,36.25,0
CAH,20180219,69.34,69.34,69.34,69.34,0
CAI,20180219,21.9,21.9,21.9,21.9,0
CAJ,20180219,37.7,37.7,37.7,37.7,0
CAL,20180219,29.23,29.23,29.23,29.23,0
CALX,20180219,6.85,6.85,6.85,6.85,0
CAPL,20180219,23.27,23.27,23.27,23.27,0
CARS,20180219,29.27,29.27,29.27,29.27,0
CAT,20180219,156.29,156.29,156.29,156.29,0
CATO,20180219,11.17,11.17,11.17,11.17,0
CB,20180219,147,147,147,147,0
CBB,20180219,15.6,15.6,15.6,15.6,0
CBB-B,20180219,49.14,49.14,49.14,49.14,0
CBD,20180219,21.85,21.85,21.85,21.85,0
CBH,20180219,9.2,9.2,9.2,9.2,0
CBL,20180219,4.77,4.77,4.77,4.77,0
CBL-D,20180219,17.96,17.96,17.96,17.96,0
CBL-E,20180219,16.17,16.17,16.17,16.17,0
CBT,20180219,63.9,63.9,63.9,63.9,0
CBU,20180219,54.7,54.7,54.7,54.7,0
CBZ,20180219,17.85,17.85,17.85,17.85,0
CC,20180219,48.84,48.84,48.84,48.84,0
CCC,20180219,21.35,21.35,21.35,21.35,0
CCI,20180219,109.12,109.12,109.12,109.12,0
CCI-A,20180219,1103.99,1103.99,1103.99,1103.99,0
CCJ,20180219,9.23,9.23,9.23,9.23,0
CCK,20180219,51.5,51.5,51.5,51.5,0
CCL,20180219,69.5,69.5,69.5,69.5,0
CCM,20180219,2.58,2.58,2.58,2.58,0
CCO,20180219,5,5,5,5,0
CCR,20180219,14.75,14.75,14.75,14.75,0
CCS,20180219,32.5,32.5,32.5,32.5,0
CCU,20180219,28.37,28.37,28.37,28.37,0
CCZ,20180219,54,54,54,54,0
CDE,20180219,8.13,8.13,8.13,8.13,0
CDR,20180219,4.13,4.13,4.13,4.13,0
CDR-B,20180219,24.105,24.105,24.105,24.105,0
CDR-C,20180219,22.04,22.04,22.04,22.04,0
CE,20180219,102.49,102.49,102.49,102.49,0
CEA,20180219,39.89,39.89,39.89,39.89,0
CEE,20180219,25.98,25.98,25.98,25.98,0
CEIX,20180219,32.57,32.57,32.57,32.57,0
CEL,20180219,8.2,8.2,8.2,8.2,0
CELP,20180219,6.18,6.18,6.18,6.18,0
CEM,20180219,15.63,15.63,15.63,15.63,0
CEN,20180219,9.98,9.98,9.98,9.98,0
CEO,20180219,146.89,146.89,146.89,146.89,0
CEPU,20180219,18.25,18.25,18.25,18.25,0
CEQP,20180219,27.55,27.55,27.55,27.55,0
CF,20180219,40.36,40.36,40.36,40.36,0
CFG,20180219,45.93,45.93,45.93,45.93,0
CFR,20180219,109.1,109.1,109.1,109.1,0
CFR-A,20180219,24.89,24.89,24.89,24.89,0
CFX,20180219,33.29,33.29,33.29,33.29,0
CGA,20180219,1.42,1.42,1.42,1.42,0
CHA,20180219,44.57,44.57,44.57,44.57,0
CHCT,20180219,23.79,23.79,23.79,23.79,0
CHD,20180219,49.78,49.78,49.78,49.78,0
CHE,20180219,254.56,254.56,254.56,254.56,0
CHGG,20180219,19.57,19.57,19.57,19.57,0
CHH,20180219,80.5,80.5,80.5,80.5,0
CHK,20180219,2.73,2.73,2.73,2.73,0
CHK-D,20180219,50.56,50.56,50.56,50.56,0
CHKR,20180219,1.85,1.85,1.85,1.85,0
CHL,20180219,47.89,47.89,47.89,47.89,0
CHM-A,20180219,25.1,25.1,25.1,25.1,0
CHMI,20180219,17.13,17.13,17.13,17.13,0
CHN,20180219,22.46,22.46,22.46,22.46,0
CHS,20180219,9.82,9.82,9.82,9.82,0
CHT,20180219,37.01,37.01,37.01,37.01,0
CHU,20180219,13.14,13.14,13.14,13.14,0
CI,20180219,193.81,193.81,193.81,193.81,0
CIA,20180219,7.29,7.29,7.29,7.29,0
CIB,20180219,45.13,45.13,45.13,45.13,0
CIEN,20180219,23.23,23.23,23.23,23.23,0
CIF,20180219,2.82,2.82,2.82,2.82,0
CIG,20180219,2.48,2.48,2.48,2.48,0
CIG.C,20180219,2.19,2.19,2.19,2.19,0
CII,20180219,16.14,16.14,16.14,16.14,0
CIM,20180219,17.64,17.64,17.64,17.64,0
CIM-A,20180219,25.2,25.2,25.2,25.2,0
CIM-B,20180219,25.71,25.71,25.71,25.71,0
CINR,20180219,27.75,27.75,27.75,27.75,0
CIO,20180219,10.67,10.67,10.67,10.67,0
CIO-A,20180219,24.33,24.33,24.33,24.33,0
CIR,20180219,47.84,47.84,47.84,47.84,0
CIT,20180219,54.05,54.05,54.05,54.05,0
CKH,20180219,44.46,44.46,44.46,44.46,0
CL,20180219,71.46,71.46,71.46,71.46,0
CLB,20180219,106.43,106.43,106.43,106.43,0
CLDR,20180219,17.82,17.82,17.82,17.82,0
CLDT,20180219,21.13,21.13,21.13,21.13,0
CLF,20180219,7.92,7.92,7.92,7.92,0
CLGX,20180219,45.59,45.59,45.59,45.59,0
CLH,20180219,52.4,52.4,52.4,52.4,0
CLI,20180219,18.87,18.87,18.87,18.87,0
CLN-G,20180219,23.35,23.35,23.35,23.35,0
CLN-H,20180219,22.62,22.62,22.62,22.62,0
CLN-I,20180219,22.6,22.6,22.6,22.6,0
CLN-J,20180219,22.58,22.58,22.58,22.58,0
CLNC,20180219,19.2,19.2,19.2,19.2,0
CLPR,20180219,8.26,8.26,8.26,8.26,0
CLR,20180219,53.33,53.33,53.33,53.33,0
CLS,20180219,10.68,10.68,10.68,10.68,0
CLW,20180219,37.05,37.05,37.05,37.05,0
CLX,20180219,131.7,131.7,131.7,131.7,0
CM,20180219,91.57,91.57,91.57,91.57,0
CMA,20180219,97.82,97.82,97.82,97.82,0
CMC,20180219,25.97,25.97,25.97,25.97,0
CMCM,20180219,13.81,13.81,13.81,13.81,0
CMD,20180219,114.53,114.53,114.53,114.53,0
CMG,20180219,305.63,305.63,305.63,305.63,0
CMI,20180219,165.6,165.6,165.6,165.6,0
CMO,20180219,8.86,8.86,8.86,8.86,0
CMO-E,20180219,25.07,25.07,25.07,25.07,0
CMP,20180219,62.8,62.8,62.8,62.8,0
CMR-B,20180219,24,24,24,24,0
CMR-C,20180219,24.29,24.29,24.29,24.29,0
CMR-D,20180219,25.07,25.07,25.07,25.07,0
CMR-E,20180219,24.77,24.77,24.77,24.77,0
CMRE,20180219,6.43,6.43,6.43,6.43,0
CMS,20180219,44.2,44.2,44.2,44.2,0
CMS-B,20180219,103.25,103.25,103.25,103.25,0
CMU,20180219,4.42,4.42,4.42,4.42,0
CNA,20180219,53.6,53.6,53.6,53.6,0
CNC,20180219,50.11,50.11,50.11,50.11,0
CNHI,20180219,14.28,14.28,14.28,14.28,0
CNI,20180219,76.18,76.18,76.18,76.18,0
CNK,20180219,39.03,39.03,39.03,39.03,0
CNNE,20180219,18.19,18.19,18.19,18.19,0
CNO,20180219,23.15,23.15,23.15,23.15,0
CNP,20180219,26.91,26.91,26.91,26.91,0
CNQ,20180219,31.52,31.52,31.52,31.52,0
CNS,20180219,40.64,40.64,40.64,40.64,0
CNX,20180219,14.76,14.76,14.76,14.76,0
CNXM,20180219,19.1,19.1,19.1,19.1,0
CO,20180219,10.52,10.52,10.52,10.52,0
COD-A,20180219,23.6,23.6,23.6,23.6,0
CODI,20180219,16.45,16.45,16.45,16.45,0
COE,20180219,10.35,10.35,10.35,10.35,0
COF,20180219,99.53,99.53,99.53,99.53,0
COF-F,20180219,25.61,25.61,25.61,25.61,0
COF-G,20180219,23.72,23.72,23.72,23.72,0
COF-H,20180219,25.48,25.48,25.48,25.48,0
COF-P,20180219,25.01,25.01,25.01,25.01,0
COG,20180219,23.89,23.89,23.89,23.89,0
COLD,20180219,17.98,17.98,17.98,17.98,0
COO,20180219,232.47,232.47,232.47,232.47,0
COP,20180219,54.65,54.65,54.65,54.65,0
COR,20180219,96.26,96.26,96.26,96.26,0
COR-Z,20180219,25.025,25.025,25.025,25.025,0
CORR,20180219,36.31,36.31,36.31,36.31,0
COT,20180219,15.63,15.63,15.63,15.63,0
COTY,20180219,21.45,21.45,21.45,21.45,0
CP,20180219,185.52,185.52,185.52,185.52,0
CPA,20180219,130.66,130.66,130.66,130.66,0
CPAC,20180219,12.12,12.12,12.12,12.12,0
CPB,20180219,46.17,46.17,46.17,46.17,0
CPE,20180219,10.89,10.89,10.89,10.89,0
CPF,20180219,29.45,29.45,29.45,29.45,0
CPG,20180219,7.02,7.02,7.02,7.02,0
CPK,20180219,68.55,68.55,68.55,68.55,0
CPS,20180219,121.1,121.1,121.1,121.1,0
CPT,20180219,83.36,83.36,83.36,83.36,0
CR,20180219,94.59,94.59,94.59,94.59,0
CRC,20180219,19.17,19.17,19.17,19.17,0
CRCM,20180219,17.35,17.35,17.35,17.35,0
CRD.A,20180219,8.98,8.98,8.98,8.98,0
CRD.B,20180219,10,10,10,10,0
CRH,20180219,34.9,34.9,34.9,34.9,0
CRI,20180219,121,121,121,121,0
CRK,20180219,6.78,6.78,6.78,6.78,0
CRL,20180219,108.11,108.11,108.11,108.11,0
CRM,20180219,112.86,112.86,112.86,112.86,0
CRS,20180219,52.34,52.34,52.34,52.34,0
CRT,20180219,14.74,14.74,14.74,14.74,0
CRY,20180219,18.25,18.25,18.25,18.25,0
CS,20180219,18.78,18.78,18.78,18.78,0
CSL,20180219,107.26,107.26,107.26,107.26,0
CSLT,20180219,3.85,3.85,3.85,3.85,0
CSS,20180219,19.75,19.75,19.75,19.75,0
CSTM,20180219,12.8,12.8,12.8,12.8,0
CSU,20180219,11.35,11.35,11.35,11.35,0
CSV,20180219,27.64,27.64,27.64,27.64,0
CTAA,20180219,22.74,22.74,22.74,22.74,0
CTB,20180219,35.6,35.6,35.6,35.6,0
CTBB,20180219,21.38,21.38,21.38,21.38,0
CTDD,20180219,21.94,21.94,21.94,21.94,0
CTL,20180219,18.93,18.93,18.93,18.93,0
CTLT,20180219,43.37,43.37,43.37,43.37,0
CTR,20180219,11.96,11.96,11.96,11.96,0
CTS,20180219,26.2,26.2,26.2,26.2,0
CTT,20180219,12.84,12.84,12.84,12.84,0
CTV,20180219,22.53,22.53,22.53,22.53,0
CTY,20180219,20.49,20.49,20.49,20.49,0
CTZ,20180219,21.68,21.68,21.68,21.68,0
CUB,20180219,61.1,61.1,61.1,61.1,0
CUB-C,20180219,26.68,26.68,26.68,26.68,0
CUB-D,20180219,26.43,26.43,26.43,26.43,0
CUB-E,20180219,26.02,26.02,26.02,26.02,0
CUB-F,20180219,25.485,25.485,25.485,25.485,0
CUBE,20180219,26.14,26.14,26.14,26.14,0
CUBI,20180219,30.77,30.77,30.77,30.77,0
CUK,20180219,69.09,69.09,69.09,69.09,0
CULP,20180219,28.65,28.65,28.65,28.65,0
CURO,20180219,17.43,17.43,17.43,17.43,0
CUZ,20180219,34.64,34.64,34.64,34.64,0
CVA,20180219,16.15,16.15,16.15,16.15,0
CVE,20180219,7.52,7.52,7.52,7.52,0
CVEO,20180219,3.37,3.37,3.37,3.37,0
CVI,20180219,33.44,33.44,33.44,33.44,0
CVNA,20180219,21.42,21.42,21.42,21.42,0
CVS,20180219,71.9,71.9,71.9,71.9,0
CVX,20180219,112.14,112.14,112.14,112.14,0
CW,20180219,127.25,127.25,127.25,127.25,0
CWH,20180219,40.37,40.37,40.37,40.37,0
CWT,20180219,39.5,39.5,39.5,39.5,0
CX,20180219,7.47,7.47,7.47,7.47,0
CXE,20180219,4.96,4.96,4.96,4.96,0
CXH,20180219,9.36,9.36,9.36,9.36,0
CXO,20180219,146.52,146.52,146.52,146.52,0
CXP,20180219,21.73,21.73,21.73,21.73,0
CXW,20180219,21.31,21.31,21.31,21.31,0
CYD,20180219,23.13,23.13,23.13,23.13,0
CYH,20180219,6.02,6.02,6.02,6.02,0
CZZ,20180219,10.84,10.84,10.84,10.84,0
D,20180219,75.8,75.8,75.8,75.8,0
DAC,20180219,18.9,18.9,18.9,18.9,0
DAL,20180219,52.85,52.85,52.85,52.85,0
DAN,20180219,28.01,28.01,28.01,28.01,0
DAR,20180219,18.35,18.35,18.35,18.35,0
DB,20180219,16.08,16.08,16.08,16.08,0
DBD,20180219,15.3,15.3,15.3,15.3,0
DBL,20180219,21.5,21.5,21.5,21.5,0
DCF,20180219,9.38,9.38,9.38,9.38,0
DCI,20180219,48.12,48.12,48.12,48.12,0
DCO,20180219,28.46,28.46,28.46,28.46,0
DCP,20180219,36.45,36.45,36.45,36.45,0
DDD,20180219,10.15,10.15,10.15,10.15,0
DDF,20180219,10.68,10.68,10.68,10.68,0
DDS,20180219,69.77,69.77,69.77,69.77,0
DDT,20180219,25.33,25.33,25.33,25.33,0
DE,20180219,169.44,169.44,169.44,169.44,0
DEA,20180219,19.67,19.67,19.67,19.67,0
DECK,20180219,94.59,94.59,94.59,94.59,0
DEI,20180219,36.53,36.53,36.53,36.53,0
DEO,20180219,140.5,140.5,140.5,140.5,0
DESP,20180219,28.72,28.72,28.72,28.72,0
DEX,20180219,12.04,12.04,12.04,12.04,0
DFIN,20180219,20.37,20.37,20.37,20.37,0
DFP,20180219,24.63,24.63,24.63,24.63,0
DFS,20180219,79.53,79.53,79.53,79.53,0
DG,20180219,97.73,97.73,97.73,97.73,0
DGX,20180219,104.53,104.53,104.53,104.53,0
DHF,20180219,3.19,3.19,3.19,3.19,0
DHI,20180219,45.57,45.57,45.57,45.57,0
DHR,20180219,97.54,97.54,97.54,97.54,0
DHT,20180219,3.85,3.85,3.85,3.85,0
DHX,20180219,1.8,1.8,1.8,1.8,0
DIAX,20180219,18.2,18.2,18.2,18.2,0
DIN,20180219,54.67,54.67,54.67,54.67,0
DIS,20180219,106.53,106.53,106.53,106.53,0
DK,20180219,33.6,33.6,33.6,33.6,0
DKL,20180219,31.15,31.15,31.15,31.15,0
DKS,20180219,33.54,33.54,33.54,33.54,0
DL,20180219,9.29,9.29,9.29,9.29,0
DLB,20180219,63.37,63.37,63.37,63.37,0
DLN-A,20180219,25.82,25.82,25.82,25.82,0
DLNG,20180219,11.04,11.04,11.04,11.04,0
DLPH,20180219,50.87,50.87,50.87,50.87,0
DLR,20180219,102.2,102.2,102.2,102.2,0
DLR-C,20180219,26.42,26.42,26.42,26.42,0
DLR-G,20180219,24.6,24.6,24.6,24.6,0
DLR-I,20180219,26.19,26.19,26.19,26.19,0
DLR-J,20180219,22.83,22.83,22.83,22.83,0
DLX,20180219,72.27,72.27,72.27,72.27,0
DMB,20180219,12.44,12.44,12.44,12.44,0
DMO,20180219,25,25,25,25,0
DNI,20180219,13.52,13.52,13.52,13.52,0
DNOW,20180219,9.75,9.75,9.75,9.75,0
DNP,20180219,10.27,10.27,10.27,10.27,0
DNR,20180219,2.26,2.26,2.26,2.26,0
DO,20180219,13.74,13.74,13.74,13.74,0
DOC,20180219,15.4,15.4,15.4,15.4,0
DOOR,20180219,68.4,68.4,68.4,68.4,0
DOV,20180219,81.7685,81.7685,81.7685,81.7685,0
DPG,20180219,14.96,14.96,14.96,14.96,0
DPLO,20180219,24.1,24.1,24.1,24.1,0
DPZ,20180219,220.74,220.74,220.74,220.74,0
DQ,20180219,53.27,53.27,53.27,53.27,0
DRD,20180219,2.99,2.99,2.99,2.99,0
DRE,20180219,25.88,25.88,25.88,25.88,0
DRH,20180219,11.35,11.35,11.35,11.35,0
DRI,20180219,96.52,96.52,96.52,96.52,0
DRQ,20180219,47.3,47.3,47.3,47.3,0
DRUA,20180219,23.74,23.74,23.74,23.74,0
DS,20180219,5.17,5.17,5.17,5.17,0
DS-B,20180219,25.995,25.995,25.995,25.995,0
DS-C,20180219,25.01,25.01,25.01,25.01,0
DS-D,20180219,24.985,24.985,24.985,24.985,0
DSE,20180219,5.87,5.87,5.87,5.87,0
DSL,20180219,19.83,19.83,19.83,19.83,0
DSM,20180219,7.63,7.63,7.63,7.63,0
DSU,20180219,11.5,11.5,11.5,11.5,0
DSX,20180219,3.79,3.79,3.79,3.79,0
DSX-B,20180219,23.91,23.91,23.91,23.91,0
DTE,20180219,105.22,105.22,105.22,105.22,0
DTF,20180219,13.45,13.45,13.45,13.45,0
DTJ,20180219,24.2,24.2,24.2,24.2,0
DTL.P,20180219,24.99,24.99,24.99,24.99,0
DTQ,20180219,23.7,23.7,23.7,23.7,0
DTW,20180219,23.5,23.5,23.5,23.5,0
DTY,20180219,26.1,26.1,26.1,26.1,0
DUC,20180219,8.65,8.65,8.65,8.65,0
DUK,20180219,76.7,76.7,76.7,76.7,0
DUKH,20180219,24.59,24.59,24.59,24.59,0
DVA,20180219,73.65,73.65,73.65,73.65,0
DVD,20180219,2,2,2,2,0
DVN,20180219,34.11,34.11,34.11,34.11,0
DX,20180219,19.14,19.14,19.14,19.14,0
DX-A,20180219,25.42,25.42,25.42,25.42,0
DX-B,20180219,23.57,23.57,23.57,23.57,0
DXB,20180219,25.64,25.64,25.64,25.64,0
DXC,20180219,100.82,100.82,100.82,100.82,0
DY,20180219,115.11,115.11,115.11,115.11,0
E,20180219,33.88,33.88,33.88,33.88,0
EAB,20180219,23.77,23.77,23.77,23.77,0
EAE,20180219,23.9,23.9,23.9,23.9,0
EAI,20180219,24.2,24.2,24.2,24.2,0
EARN,20180219,11.18,11.18,11.18,11.18,0
EAT,20180219,32.88,32.88,32.88,32.88,0
EBF,20180219,20.2,20.2,20.2,20.2,0
EBR,20180219,6.58,6.58,6.58,6.58,0
EBR.B,20180219,7.76,7.76,7.76,7.76,0
EBS,20180219,49.96,49.96,49.96,49.96,0
EC,20180219,17.51,17.51,17.51,17.51,0
ECC,20180219,18.64,18.64,18.64,18.64,0
ECCB,20180219,25.89,25.89,25.89,25.89,0
ECCY,20180219,25.25,25.25,25.25,25.25,0
ECL,20180219,131.49,131.49,131.49,131.49,0
ECOM,20180219,8.75,8.75,8.75,8.75,0
ECT,20180219,2.05,2.05,2.05,2.05,0
ED,20180219,77.77,77.77,77.77,77.77,0
EDD,20180219,8.085,8.085,8.085,8.085,0
EDF,20180219,15.95,15.95,15.95,15.95,0
EDI,20180219,14.97,14.97,14.97,14.97,0
EDN,20180219,57.9,57.9,57.9,57.9,0
EDU,20180219,92.94,92.94,92.94,92.94,0
EE,20180219,51.3,51.3,51.3,51.3,0
EEA,20180219,10.1,10.1,10.1,10.1,0
EEX,20180219,21.95,21.95,21.95,21.95,0
EFC,20180219,15.18,15.18,15.18,15.18,0
EFF,20180219,16.38,16.38,16.38,16.38,0
EFL,20180219,9.28,9.28,9.28,9.28,0
EFR,20180219,14.5,14.5,14.5,14.5,0
EFT,20180219,14.62,14.62,14.62,14.62,0
EFX,20180219,117.46,117.46,117.46,117.46,0
EGF,20180219,13.03,13.03,13.03,13.03,0
EGHT,20180219,18.5,18.5,18.5,18.5,0
EGIF,20180219,15.78,15.78,15.78,15.78,0
EGO,20180219,1.12,1.12,1.12,1.12,0
EGP,20180219,82.11,82.11,82.11,82.11,0
EGY,20180219,0.8,0.8,0.8,0.8,0
EHC,20180219,52.1,52.1,52.1,52.1,0
EHI,20180219,9.63,9.63,9.63,9.63,0
EHT,20180219,9.78,9.78,9.78,9.78,0
EIG,20180219,40.9,40.9,40.9,40.9,0
EIX,20180219,61.05,61.05,61.05,61.05,0
EL,20180219,141.04,141.04,141.04,141.04,0
ELC,20180219,24.16,24.16,24.16,24.16,0
ELF,20180219,20.24,20.24,20.24,20.24,0
ELJ,20180219,24.98,24.98,24.98,24.98,0
ELP,20180219,7.57,7.57,7.57,7.57,0
ELS,20180219,85.5,85.5,85.5,85.5,0
ELU,20180219,23.8,23.8,23.8,23.8,0
ELVT,20180219,7.29,7.29,7.29,7.29,0
ELY,20180219,15.76,15.76,15.76,15.76,0
EMD,20180219,14.92,14.92,14.92,14.92,0
EME,20180219,76.64,76.64,76.64,76.64,0
EMF,20180219,17.37,17.37,17.37,17.37,0
EMN,20180219,100.13,100.13,100.13,100.13,0
EMO,20180219,11.75,11.75,11.75,11.75,0
EMP,20180219,24.17,24.17,24.17,24.17,0
EMR,20180219,72.99,72.99,72.99,72.99,0
ENB,20180219,34.27,34.27,34.27,34.27,0
ENBL,20180219,14.37,14.37,14.37,14.37,0
ENIA,20180219,11.39,11.39,11.39,11.39,0
ENIC,20180219,6.16,6.16,6.16,6.16,0
ENJ,20180219,23.85,23.85,23.85,23.85,0
ENLC,20180219,16.75,16.75,16.75,16.75,0
ENO,20180219,25.07,25.07,25.07,25.07,0
ENR,20180219,53.85,53.85,53.85,53.85,0
ENS,20180219,72.9,72.9,72.9,72.9,0
ENV,20180219,56,56,56,56,0
ENVA,20180219,22.95,22.95,22.95,22.95,0
ENZ,20180219,6.89,6.89,6.89,6.89,0
EOD,20180219,5.8,5.8,5.8,5.8,0
EOG,20180219,107.64,107.64,107.64,107.64,0
EOI,20180219,14.47,14.47,14.47,14.47,0
EOS,20180219,16.07,16.07,16.07,16.07,0
EOT,20180219,21.17,21.17,21.17,21.17,0
EP-C,20180219,48.065,48.065,48.065,48.065,0
EPAM,20180219,114.95,114.95,114.95,114.95,0
EPC,20180219,53.46,53.46,53.46,53.46,0
EPD,20180219,26.41,26.41,26.41,26.41,0
EPR,20180219,57.54,57.54,57.54,57.54,0
EPR-C,20180219,24.9,24.9,24.9,24.9,0
EPR-E,20180219,35.23,35.23,35.23,35.23,0
EPR-G,20180219,23.25,23.25,23.25,23.25,0
EQC,20180219,29.62,29.62,29.62,29.62,0
EQC-D,20180219,25.85,25.85,25.85,25.85,0
EQM,20180219,66.95,66.95,66.95,66.95,0
EQR,20180219,57.97,57.97,57.97,57.97,0
EQS,20180219,2.38,2.38,2.38,2.38,0
EQT,20180219,52.55,52.55,52.55,52.55,0
ERA,20180219,9.88,9.88,9.88,9.88,0
ERF,20180219,10.56,10.56,10.56,10.56,0
ERJ,20180219,27.25,27.25,27.25,27.25,0
EROS,20180219,12.7,12.7,12.7,12.7,0
ES,20180219,59.12,59.12,59.12,59.12,0
ESE,20180219,62.2,62.2,62.2,62.2,0
ESNT,20180219,47.23,47.23,47.23,47.23,0
ESRT,20180219,18.38,18.38,18.38,18.38,0
ESS,20180219,229.67,229.67,229.67,229.67,0
ESTE,20180219,9.99,9.99,9.99,9.99,0
ETB,20180219,16.16,16.16,16.16,16.16,0
ETG,20180219,17.32,17.32,17.32,17.32,0
ETH,20180219,25.25,25.25,25.25,25.25,0
ETJ,20180219,9.3,9.3,9.3,9.3,0
ETM,20180219,10.4,10.4,10.4,10.4,0
ETN,20180219,82.79,82.79,82.79,82.79,0
ETO,20180219,25.28,25.28,25.28,25.28,0
ETR,20180219,76.72,76.72,76.72,76.72,0
ETV,20180219,15.38,15.38,15.38,15.38,0
ETW,20180219,11.96,11.96,11.96,11.96,0
ETX,20180219,19.11,19.11,19.11,19.11,0
ETY,20180219,11.89,11.89,11.89,11.89,0
EURN,20180219,8.35,8.35,8.35,8.35,0
EV,20180219,55.91,55.91,55.91,55.91,0
EVA,20180219,27.7,27.7,27.7,27.7,0
EVC,20180219,6.8,6.8,6.8,6.8,0
EVF,20180219,6.51,6.51,6.51,6.51,0
EVG,20180219,13.73,13.73,13.73,13.73,0
EVH,20180219,14.25,14.25,14.25,14.25,0
EVN,20180219,11.71,11.71,11.71,11.71,0
EVR,20180219,96.6,96.6,96.6,96.6,0
EVRI,20180219,7.1,7.1,7.1,7.1,0
EVT,20180219,22.98,22.98,22.98,22.98,0
EVTC,20180219,15.9,15.9,15.9,15.9,0
EW,20180219,133.82,133.82,133.82,133.82,0
EXD,20180219,9.65,9.65,9.65,9.65,0
EXG,20180219,9.28,9.28,9.28,9.28,0
EXK,20180219,2.29,2.29,2.29,2.29,0
EXP,20180219,102.75,102.75,102.75,102.75,0
EXPR,20180219,7.11,7.11,7.11,7.11,0
EXR,20180219,82.2,82.2,82.2,82.2,0
EXTN,20180219,27.55,27.55,27.55,27.55,0
EZT,20180219,25.78,25.78,25.78,25.78,0
F,20180219,10.61,10.61,10.61,10.61,0
FAF,20180219,56.88,56.88,56.88,56.88,0
FAM,20180219,11.46,11.46,11.46,11.46,0
FBC,20180219,35.68,35.68,35.68,35.68,0
FBHS,20180219,63.82,63.82,63.82,63.82,0
FBK,20180219,41.5,41.5,41.5,41.5,0
FBM,20180219,14.06,14.06,14.06,14.06,0
FBP,20180219,6.23,6.23,6.23,6.23,0
FC,20180219,25.95,25.95,25.95,25.95,0
FCAU,20180219,22.39,22.39,22.39,22.39,0
FCF,20180219,14.44,14.44,14.44,14.44,0
FCN,20180219,42.96,42.96,42.96,42.96,0
FCPT,20180219,22.34,22.34,22.34,22.34,0
FCT,20180219,12.91,12.91,12.91,12.91,0
FCX,20180219,18.73,18.73,18.73,18.73,0
FDEU,20180219,18.88,18.88,18.88,18.88,0
FDP,20180219,46.56,46.56,46.56,46.56,0
FDS,20180219,202.18,202.18,202.18,202.18,0
FDX,20180219,244.19,244.19,244.19,244.19,0
FE,20180219,33.03,33.03,33.03,33.03,0
FEDU,20180219,7.9,7.9,7.9,7.9,0
FEI,20180219,14.53,14.53,14.53,14.53,0
FENG,20180219,5.46,5.46,5.46,5.46,0
FEO,20180219,16.71,16.71,16.71,16.71,0
FET,20180219,12,12,12,12,0
FF,20180219,12.84,12.84,12.84,12.84,0
FFA,20180219,15.55,15.55,15.55,15.55,0
FFC,20180219,19.34,19.34,19.34,19.34,0
FFG,20180219,70.7,70.7,70.7,70.7,0
FG,20180219,9.67,9.67,9.67,9.67,0
FG.W,20180219,1.4,1.4,1.4,1.4,0
FGB,20180219,6.14,6.14,6.14,6.14,0
FHN,20180219,19.39,19.39,19.39,19.39,0
FHN-A,20180219,25.07,25.07,25.07,25.07,0
FI,20180219,6.11,6.11,6.11,6.11,0
FICO,20180219,166.48,166.48,166.48,166.48,0
FIF,20180219,17.07,17.07,17.07,17.07,0
FIS,20180219,97.82,97.82,97.82,97.82,0
FIT,20180219,5.47,5.47,5.47,5.47,0
FIV,20180219,9.31,9.31,9.31,9.31,0
FIX,20180219,41.4,41.4,41.4,41.4,0
FL,20180219,49.17,49.17,49.17,49.17,0
FLC,20180219,20.17,20.17,20.17,20.17,0
FLO,20180219,21.35,21.35,21.35,21.35,0
FLOW,20180219,46.84,46.84,46.84,46.84,0
FLR,20180219,57.63,57.63,57.63,57.63,0
FLS,20180219,44.05,44.05,44.05,44.05,0
FLT,20180219,198.6,198.6,198.6,198.6,0
FLY,20180219,12.72,12.72,12.72,12.72,0
FMC,20180219,83.35,83.35,83.35,83.35,0
FMN,20180219,13.44,13.44,13.44,13.44,0
FMO,20180219,12.92,12.92,12.92,12.92,0
FMS,20180219,54.61,54.61,54.61,54.61,0
FMX,20180219,92.62,92.62,92.62,92.62,0
FMY,20180219,13.81,13.81,13.81,13.81,0
FN,20180219,29.14,29.14,29.14,29.14,0
FNB,20180219,14.51,14.51,14.51,14.51,0
FNB-E,20180219,28.08,28.08,28.08,28.08,0
FND,20180219,45.38,45.38,45.38,45.38,0
FNF,20180219,39.08,39.08,39.08,39.08,0
FNV,20180219,73.67,73.67,73.67,73.67,0
FOE,20180219,21.7,21.7,21.7,21.7,0
FOF,20180219,12.71,12.71,12.71,12.71,0
FOR,20180219,25.2,25.2,25.2,25.2,0
FPF,20180219,23.2,23.2,23.2,23.2,0
FPH,20180219,13.74,13.74,13.74,13.74,0
FPI,20180219,7.46,7.46,7.46,7.46,0
FPI-B,20180219,25.2,25.2,25.2,25.2,0
FPL,20180219,11.87,11.87,11.87,11.87,0
FR,20180219,28.96,28.96,28.96,28.96,0
FRA,20180219,14.28,14.28,14.28,14.28,0
FRC,20180219,95.52,95.52,95.52,95.52,0
FRC-F,20180219,25.15,25.15,25.15,25.15,0
FRC-G,20180219,24.52,24.52,24.52,24.52,0
FRC-H,20180219,23.9,23.9,23.9,23.9,0
FRO,20180219,3.99,3.99,3.99,3.99,0
FRT,20180219,114.45,114.45,114.45,114.45,0
FRT-C,20180219,22.48,22.48,22.48,22.48,0
FSB,20180219,32.6,32.6,32.6,32.6,0
FSD,20180219,16.22,16.22,16.22,16.22,0
FSM,20180219,4.6,4.6,4.6,4.6,0
FSS,20180219,19.4,19.4,19.4,19.4,0
FT,20180219,6.86,6.86,6.86,6.86,0
FTAI,20180219,17.02,17.02,17.02,17.02,0
FTI,20180219,29.61,29.61,29.61,29.61,0
FTK,20180219,5.53,5.53,5.53,5.53,0
FTS,20180219,33.53,33.53,33.53,33.53,0
FTSI,20180219,19.39,19.39,19.39,19.39,0
FTV,20180219,75.65,75.65,75.65,75.65,0
FUL,20180219,51.69,51.69,51.69,51.69,0
FUN,20180219,68.62,68.62,68.62,68.62,0
G,20180219,31.59,31.59,31.59,31.59,0
GAB,20180219,6.33,6.33,6.33,6.33,0
GAB-G,20180219,23.84,23.84,23.84,23.84,0
GAB-H,20180219,24.07,24.07,24.07,24.07,0
GAB-J,20180219,24.98,24.98,24.98,24.98,0
GAM,20180219,34.44,34.44,34.44,34.44,0
GAM-B,20180219,25.94,25.94,25.94,25.94,0
GATX,20180219,70.74,70.74,70.74,70.74,0
GBAB,20180219,21.28,21.28,21.28,21.28,0
GBL,20180219,26.12,26.12,26.12,26.12,0
GBX,20180219,51.6,51.6,51.6,51.6,0
GCAP,20180219,6.96,6.96,6.96,6.96,0
GCI,20180219,11.26,11.26,11.26,11.26,0
GCO,20180219,38.15,38.15,38.15,38.15,0
GCP,20180219,33.5,33.5,33.5,33.5,0
GCV,20180219,5.77,5.77,5.77,5.77,0
GD,20180219,224.19,224.19,224.19,224.19,0
GDDY,20180219,55.78,55.78,55.78,55.78,0
GDI,20180219,32.85,32.85,32.85,32.85,0
GDL,20180219,9.68,9.68,9.68,9.68,0
GDO,20180219,16.85,16.85,16.85,16.85,0
GDOT,20180219,60.44,60.44,60.44,60.44,0
GDV,20180219,23.21,23.21,23.21,23.21,0
GDV-A,20180219,25.535,25.535,25.535,25.535,0
GDV-G,20180219,24.35,24.35,24.35,24.35,0
GE,20180219,15.05,15.05,15.05,15.05,0
GEF,20180219,57.05,57.05,57.05,57.05,0
GEF.B,20180219,62.55,62.55,62.55,62.55,0
GEL,20180219,21,21,21,21,0
GEN,20180219,1.39,1.39,1.39,1.39,0
GEO,20180219,20.11,20.11,20.11,20.11,0
GER,20180219,6.61,6.61,6.61,6.61,0
GES,20180219,15.54,15.54,15.54,15.54,0
GF,20180219,20.24,20.24,20.24,20.24,0
GFF,20180219,20.15,20.15,20.15,20.15,0
GFI,20180219,4.09,4.09,4.09,4.09,0
GFY,20180219,17.31,17.31,17.31,17.31,0
GGB,20180219,4.99,4.99,4.99,4.99,0
GGG,20180219,44.04,44.04,44.04,44.04,0
GGM,20180219,22.5,22.5,22.5,22.5,0
GGT,20180219,9.44,9.44,9.44,9.44,0
GGT-E,20180219,23.575,23.575,23.575,23.575,0
GGZ,20180219,12.49,12.49,12.49,12.49,0
GGZ-A,20180219,24.75,24.75,24.75,24.75,0
GHC,20180219,599.85,599.85,599.85,599.85,0
GHL,20180219,20.05,20.05,20.05,20.05,0
GHM,20180219,21.26,21.26,21.26,21.26,0
GHY,20180219,14.09,14.09,14.09,14.09,0
GIB,20180219,58.86,58.86,58.86,58.86,0
GIL,20180219,30.85,30.85,30.85,30.85,0
GIM,20180219,6.34,6.34,6.34,6.34,0
GIS,20180219,56.43,56.43,56.43,56.43,0
GJH,20180219,9.74,9.74,9.74,9.74,0
GJO,20180219,21.99,21.99,21.99,21.99,0
GJP,20180219,22.4,22.4,22.4,22.4,0
GJR,20180219,22.04,22.04,22.04,22.04,0
GJS,20180219,20.23,20.23,20.23,20.23,0
GJT,20180219,20.04,20.04,20.04,20.04,0
GKOS,20180219,31.07,31.07,31.07,31.07,0
GLO-A,20180219,25.66,25.66,25.66,25.66,0
GLO-B,20180219,25.02,25.02,25.02,25.02,0
GLO-G,20180219,26,26,26,26,0
GLOB,20180219,51.39,51.39,51.39,51.39,0
GLOG,20180219,17.95,17.95,17.95,17.95,0
GLOP,20180219,22.55,22.55,22.55,22.55,0
GLP,20180219,17.4,17.4,17.4,17.4,0
GLT,20180219,20.86,20.86,20.86,20.86,0
GLW,20180219,29.47,29.47,29.47,29.47,0
GM,20180219,41.09,41.09,41.09,41.09,0
GME,20180219,16.4,16.4,16.4,16.4,0
GMED,20180219,48.22,48.22,48.22,48.22,0
GMR-A,20180219,24.5,24.5,24.5,24.5,0
GMRE,20180219,7.58,7.58,7.58,7.58,0
GMS,20180219,31.67,31.67,31.67,31.67,0
GMTA,20180219,25.1,25.1,25.1,25.1,0
GMZ,20180219,9.24,9.24,9.24,9.24,0
GNC,20180219,4.36,4.36,4.36,4.36,0
GNE,20180219,4.42,4.42,4.42,4.42,0
GNE-A,20180219,7.45,7.45,7.45,7.45,0
GNK,20180219,13.47,13.47,13.47,13.47,0
GNL,20180219,16.59,16.59,16.59,16.59,0
GNL-A,20180219,24.8,24.8,24.8,24.8,0
GNRC,20180219,45.69,45.69,45.69,45.69,0
GNT,20180219,6.5,6.5,6.5,6.5,0
GNT-A,20180219,23.5,23.5,23.5,23.5,0
GNW,20180219,2.97,2.97,2.97,2.97,0
GOF,20180219,20.2,20.2,20.2,20.2,0
GOL,20180219,10.44,10.44,10.44,10.44,0
GOLF,20180219,21.17,21.17,21.17,21.17,0
GOOS,20180219,34,34,34,34,0
GPC,20180219,99.83,99.83,99.83,99.83,0
GPI,20180219,76.1,76.1,76.1,76.1,0
GPJA,20180219,23.19,23.19,23.19,23.19,0
GPK,20180219,15.15,15.15,15.15,15.15,0
GPM,20180219,8.76,8.76,8.76,8.76,0
GPMT,20180219,17.33,17.33,17.33,17.33,0
GPN,20180219,114.35,114.35,114.35,114.35,0
GPRK,20180219,9.95,9.95,9.95,9.95,0
GPS,20180219,33.27,33.27,33.27,33.27,0
GPX,20180219,23.05,23.05,23.05,23.05,0
GRA,20180219,67.45,67.45,67.45,67.45,0
GRAM,20180219,2.89,2.89,2.89,2.89,0
GRC,20180219,27.52,27.52,27.52,27.52,0
GRP.U,20180219,39.4,39.4,39.4,39.4,0
GRUB,20180219,95.93,95.93,95.93,95.93,0
GRX,20180219,10.17,10.17,10.17,10.17,0
GRX-A,20180219,25.44,25.44,25.44,25.44,0
GRX-B,20180219,25.72,25.72,25.72,25.72,0
GS,20180219,267.62,267.62,267.62,267.62,0
GS-A,20180219,21.64,21.64,21.64,21.64,0
GS-C,20180219,22.05,22.05,22.05,22.05,0
GS-D,20180219,21.93,21.93,21.93,21.93,0
GS-J,20180219,26.11,26.11,26.11,26.11,0
GS-K,20180219,27.41,27.41,27.41,27.41,0
GS-N,20180219,26.34,26.34,26.34,26.34,0
GSBD,20180219,20.95,20.95,20.95,20.95,0
GSH,20180219,31.35,31.35,31.35,31.35,0
GSK,20180219,37.7,37.7,37.7,37.7,0
GSL,20180219,9.28,9.28,9.28,9.28,0
GSL-B,20180219,24.01,24.01,24.01,24.01,0
GTES,20180219,18.29,18.29,18.29,18.29,0
GTN,20180219,15,15,15,15,0
GTN.A,20180219,12.65,12.65,12.65,12.65,0
GTS,20180219,25.48,25.48,25.48,25.48,0
GTT,20180219,46.65,46.65,46.65,46.65,0
GTY,20180219,24.72,24.72,24.72,24.72,0
GUT,20180219,7.1,7.1,7.1,7.1,0
GUT-A,20180219,25.25,25.25,25.25,25.25,0
GUT-C,20180219,24.83,24.83,24.83,24.83,0
GVA,20180219,60.36,60.36,60.36,60.36,0
GWB,20180219,42.69,42.69,42.69,42.69,0
GWRE,20180219,81.88,81.88,81.88,81.88,0
GWW,20180219,266.68,266.68,266.68,266.68,0
GYC,20180219,22.775,22.775,22.775,22.775,0
H,20180219,79.73,79.73,79.73,79.73,0
HAE,20180219,69.56,69.56,69.56,69.56,0
HAL,20180219,47.5,47.5,47.5,47.5,0
HASI,20180219,20.88,20.88,20.88,20.88,0
HBB,20180219,25.15,25.15,25.15,25.15,0
HBI,20180219,20.49,20.49,20.49,20.49,0
HBM,20180219,8.35,8.35,8.35,8.35,0
HCA,20180219,101,101,101,101,0
HCC,20180219,31.49,31.49,31.49,31.49,0
HCHC,20180219,5.37,5.37,5.37,5.37,0
HCI,20180219,35.76,35.76,35.76,35.76,0
HD,20180219,186.97,186.97,186.97,186.97,0
HDB,20180219,50.38,50.38,50.38,50.38,0
HE,20180219,33.7,33.7,33.7,33.7,0
HEI,20180219,64.512,64.512,64.512,64.512,0
HEI.A,20180219,54.36,54.36,54.36,54.36,0
HEP,20180219,29.75,29.75,29.75,29.75,0
HEQ,20180219,16.87,16.87,16.87,16.87,0
HES,20180219,45.65,45.65,45.65,45.65,0
HESM,20180219,19.88,19.88,19.88,19.88,0
HFC,20180219,46.4,46.4,46.4,46.4,0
HFRO,20180219,15.45,15.45,15.45,15.45,0
HGH,20180219,29.11,29.11,29.11,29.11,0
HGV,20180219,44.63,44.63,44.63,44.63,0
HHC,20180219,121.77,121.77,121.77,121.77,0
HHS,20180219,9.14,9.14,9.14,9.14,0
HI,20180219,45.75,45.75,45.75,45.75,0
HIE,20180219,12.65,12.65,12.65,12.65,0
HIG,20180219,54.14,54.14,54.14,54.14,0
HII,20180219,265.7,265.7,265.7,265.7,0
HIL,20180219,5.65,5.65,5.65,5.65,0
HIO,20180219,4.89,4.89,4.89,4.89,0
HIW,20180219,43.68,43.68,43.68,43.68,0
HIX,20180219,6.67,6.67,6.67,6.67,0
HJV,20180219,14.05,14.05,14.05,14.05,0
HL,20180219,3.98,3.98,3.98,3.98,0
HL-B,20180219,55.4,55.4,55.4,55.4,0
HLF,20180219,41.86,41.86,41.86,41.86,0
HLI,20180219,46.16,46.16,46.16,46.16,0
HLT,20180219,83.27,83.27,83.27,83.27,0
HLX,20180219,6.96,6.96,6.96,6.96,0
HMC,20180219,35.64,35.64,35.64,35.64,0
HMI,20180219,11,11,11,11,0
HML-A,20180219,25.83,25.83,25.83,25.83,0
HMLP,20180219,17.7,17.7,17.7,17.7,0
HMN,20180219,42.25,42.25,42.25,42.25,0
HMY,20180219,2.12,2.12,2.12,2.12,0
HNI,20180219,39.39,39.39,39.39,39.39,0
HNP,20180219,24.19,24.19,24.19,24.19,0
HOG,20180219,47.16,47.16,47.16,47.16,0
HOME,20180219,31.89,31.89,31.89,31.89,0
HON,20180219,154.03,154.03,154.03,154.03,0
HOV,20180219,56,56,56,56,0
HP,20180219,65.46,65.46,65.46,65.46,0
HPE,20180219,16.39,16.39,16.39,16.39,0
HPF,20180219,19.72,19.72,19.72,19.72,0
HPI,20180219,20.01,20.01,20.01,20.01,0
HPP,20180219,30.75,30.75,30.75,30.75,0
HPQ,20180219,21.4,21.4,21.4,21.4,0
HPS,20180219,17.19,17.19,17.19,17.19,0
HQH,20180219,23.06,23.06,23.06,23.06,0
HQL,20180219,20.06,20.06,20.06,20.06,0
HR,20180219,27.98,27.98,27.98,27.98,0
HRB,20180219,28.04,28.04,28.04,28.04,0
HRC,20180219,82.91,82.91,82.91,82.91,0
HRI,20180219,62.05,62.05,62.05,62.05,0
HRL,20180219,34.35,34.35,34.35,34.35,0
HRTG,20180219,16.79,16.79,16.79,16.79,0
HSB-A,20180219,26,26,26,26,0
HSBC,20180219,53.83,53.83,53.83,53.83,0
HSC,20180219,16.55,16.55,16.55,16.55,0
HST,20180219,19.88,19.88,19.88,19.88,0
HSY,20180219,100.71,100.71,100.71,100.71,0
HT,20180219,18.04,18.04,18.04,18.04,0
HT-C,20180219,24.14,24.14,24.14,24.14,0
HT-D,20180219,22.98,22.98,22.98,22.98,0
HT-E,20180219,23.05,23.05,23.05,23.05,0
HTA,20180219,26.63,26.63,26.63,26.63,0
HTD,20180219,22.21,22.21,22.21,22.21,0
HTFA,20180219,25.78,25.78,25.78,25.78,0
HTGC,20180219,12.61,12.61,12.61,12.61,0
HTH,20180219,25.4,25.4,25.4,25.4,0
HTY,20180219,9.66,9.66,9.66,9.66,0
HTZ,20180219,19.24,19.24,19.24,19.24,0
HUBB,20180219,135.47,135.47,135.47,135.47,0
HUBS,20180219,105.75,105.75,105.75,105.75,0
HUD,20180219,15.36,15.36,15.36,15.36,0
HUM,20180219,269,269,269,269,0
HUN,20180219,32.79,32.79,32.79,32.79,0
HVT,20180219,21.6,21.6,21.6,21.6,0
HVT.A,20180219,21.3,21.3,21.3,21.3,0
HXL,20180219,68.1,68.1,68.1,68.1,0
HY,20180219,80.47,80.47,80.47,80.47,0
HYB,20180219,8.75,8.75,8.75,8.75,0
HYI,20180219,14.74,14.74,14.74,14.74,0
HYT,20180219,10.67,10.67,10.67,10.67,0
HZN,20180219,8.32,8.32,8.32,8.32,0
HZO,20180219,21.5,21.5,21.5,21.5,0
I,20180219,3.5,3.5,3.5,3.5,0
IAE,20180219,10.7,10.7,10.7,10.7,0
IAG,20180219,5.88,5.88,5.88,5.88,0
IBA,20180219,59.41,59.41,59.41,59.41,0
IBM,20180219,156.18,156.18,156.18,156.18,0
IBN,20180219,10.15,10.15,10.15,10.15,0
IBP,20180219,69.85,69.85,69.85,69.85,0
ICD,20180219,4.21,4.21,4.21,4.21,0
ICE,20180219,71.73,71.73,71.73,71.73,0
ICL,20180219,4.08,4.08,4.08,4.08,0
IDA,20180219,85.27,85.27,85.27,85.27,0
IDE,20180219,16.16,16.16,16.16,16.16,0
IDT,20180219,10.26,10.26,10.26,10.26,0
IEX,20180219,137.35,137.35,137.35,137.35,0
IFF,20180219,141.83,141.83,141.83,141.83,0
IFN,20180219,25.89,25.89,25.89,25.89,0
IGA,20180219,11.24,11.24,11.24,11.24,0
IGD,20180219,7.67,7.67,7.67,7.67,0
IGI,20180219,20.46,20.46,20.46,20.46,0
IGR,20180219,7.35,7.35,7.35,7.35,0
IGT,20180219,27.19,27.19,27.19,27.19,0
IHC,20180219,28.7,28.7,28.7,28.7,0
IHD,20180219,9.48,9.48,9.48,9.48,0
IHG,20180219,65.9,65.9,65.9,65.9,0
IHIT,20180219,9.76,9.76,9.76,9.76,0
IHTA,20180219,9.36,9.36,9.36,9.36,0
IID,20180219,7.22,7.22,7.22,7.22,0
IIF,20180219,32.05,32.05,32.05,32.05,0
IIM,20180219,14.22,14.22,14.22,14.22,0
IIP-A,20180219,27,27,27,27,0
IIPR,20180219,25.92,25.92,25.92,25.92,0
IMAX,20180219,22.6,22.6,22.6,22.6,0
INF,20180219,12.58,12.58,12.58,12.58,0
INFY,20180219,8.795,8.795,8.795,8.795,0
ING,20180219,18.38,18.38,18.38,18.38,0
INGR,20180219,131.12,131.12,131.12,131.12,0
INN,20180219,14.43,14.43,14.43,14.43,0
INN-D,20180219,24.41,24.41,24.41,24.41,0
INN-E,20180219,24.49,24.49,24.49,24.49,0
INSI,20180219,19.38,19.38,19.38,19.38,0
INST,20180219,42.3,42.3,42.3,42.3,0
INSW,20180219,16.78,16.78,16.78,16.78,0
INT,20180219,26.31,26.31,26.31,26.31,0
INVH,20180219,21.52,21.52,21.52,21.52,0
INXN,20180219,58.03,58.03,58.03,58.03,0
IO,20180219,30.3,30.3,30.3,30.3,0
IP,20180219,58.94,58.94,58.94,58.94,0
IPG,20180219,25.33,25.33,25.33,25.33,0
IPHI,20180219,24.44,24.44,24.44,24.44,0
IPI,20180219,3.59,3.59,3.59,3.59,0
IQI,20180219,12,12,12,12,0
IQV,20180219,101.72,101.72,101.72,101.72,0
IR,20180219,91.03,91.03,91.03,91.03,0
IRE-C,20180219,23.95,23.95,23.95,23.95,0
IRET,20180219,5.05,5.05,5.05,5.05,0
IRL,20180219,12.71,12.71,12.71,12.71,0
IRM,20180219,33.17,33.17,33.17,33.17,0
IRR,20180219,6.08,6.08,6.08,6.08,0
IRS,20180219,27.26,27.26,27.26,27.26,0
IRT,20180219,8.78,8.78,8.78,8.78,0
ISD,20180219,14.42,14.42,14.42,14.42,0
ISG,20180219,25.52,25.52,25.52,25.52,0
IT,20180219,118.04,118.04,118.04,118.04,0
ITCB,20180219,14.52,14.52,14.52,14.52,0
ITGR,20180219,44.25,44.25,44.25,44.25,0
ITT,20180219,53.52,53.52,53.52,53.52,0
ITUB,20180219,10.4267,10.4267,10.4267,10.4267,0
ITW,20180219,162.55,162.55,162.55,162.55,0
IVC,20180219,18.3,18.3,18.3,18.3,0
IVH,20180219,14.18,14.18,14.18,14.18,0
IVR,20180219,16.35,16.35,16.35,16.35,0
IVR-A,20180219,24.55,24.55,24.55,24.55,0
IVR-B,20180219,25.02,25.02,25.02,25.02,0
IVR-C,20180219,24.1,24.1,24.1,24.1,0
IVZ,20180219,33.92,33.92,33.92,33.92,0
IX,20180219,88.07,88.07,88.07,88.07,0
JAX,20180219,9.4,9.4,9.4,9.4,0
JBGS,20180219,32.82,32.82,32.82,32.82,0
JBK,20180219,24.28,24.28,24.28,24.28,0
JBL,20180219,26.37,26.37,26.37,26.37,0
JBN,20180219,14.04,14.04,14.04,14.04,0
JBR,20180219,14.03,14.03,14.03,14.03,0
JBT,20180219,118.85,118.85,118.85,118.85,0
JCA-B,20180219,24.2,24.2,24.2,24.2,0
JCAP,20180219,17.55,17.55,17.55,17.55,0
JCE,20180219,14.9,14.9,14.9,14.9,0
JCI,20180219,38.42,38.42,38.42,38.42,0
JCO,20180219,9.3,9.3,9.3,9.3,0
JCP,20180219,3.88,3.88,3.88,3.88,0
JDD,20180219,12.28,12.28,12.28,12.28,0
JE,20180219,5.01,5.01,5.01,5.01,0
JE-A,20180219,22.9,22.9,22.9,22.9,0
JELD,20180219,37.55,37.55,37.55,37.55,0
JEMD,20180219,9.21,9.21,9.21,9.21,0
JEQ,20180219,9.29,9.29,9.29,9.29,0
JFR,20180219,10.97,10.97,10.97,10.97,0
JGH,20180219,16.29,16.29,16.29,16.29,0
JHB,20180219,9.59,9.59,9.59,9.59,0
JHG,20180219,35.43,35.43,35.43,35.43,0
JHI,20180219,17,17,17,17,0
JHS,20180219,14.44,14.44,14.44,14.44,0
JHX,20180219,18.05,18.05,18.05,18.05,0
JHY,20180219,9.88,9.88,9.88,9.88,0
JILL,20180219,8.79,8.79,8.79,8.79,0
JKS,20180219,18.97,18.97,18.97,18.97,0
JLL,20180219,158.23,158.23,158.23,158.23,0
JLS,20180219,23.87,23.87,23.87,23.87,0
JMEI,20180219,2.88,2.88,2.88,2.88,0
JMF,20180219,11.42,11.42,11.42,11.42,0
JMLP,20180219,8.5,8.5,8.5,8.5,0
JMM,20180219,7.39,7.39,7.39,7.39,0
JMP,20180219,5.47,5.47,5.47,5.47,0
JNJ,20180219,133.15,133.15,133.15,133.15,0
JNPR,20180219,26.35,26.35,26.35,26.35,0
JOE,20180219,18.8,18.8,18.8,18.8,0
JOF,20180219,12.08,12.08,12.08,12.08,0
JP,20180219,19.47,19.47,19.47,19.47,0
JPC,20180219,9.68,9.68,9.68,9.68,0
JPI,20180219,23.24,23.24,23.24,23.24,0
JPM,20180219,114.68,114.68,114.68,114.68,0
JPM-F,20180219,25.655,25.655,25.655,25.655,0
JPM-G,20180219,25.65,25.65,25.65,25.65,0
JPM-H,20180219,25.65,25.65,25.65,25.65,0
JPS,20180219,9.39,9.39,9.39,9.39,0
JPT,20180219,23.67,23.67,23.67,23.67,0
JQC,20180219,8.08,8.08,8.08,8.08,0
JRI,20180219,16.61,16.61,16.61,16.61,0
JRO,20180219,11.05,11.05,11.05,11.05,0
JRS,20180219,9.86,9.86,9.86,9.86,0
JSD,20180219,16.68,16.68,16.68,16.68,0
JT,20180219,7.26,7.26,7.26,7.26,0
JTA,20180219,13.91,13.91,13.91,13.91,0
JTD,20180219,17.5,17.5,17.5,17.5,0
JW.A,20180219,64.95,64.95,64.95,64.95,0
JW.B,20180219,64.6,64.6,64.6,64.6,0
JWN,20180219,51.5,51.5,51.5,51.5,0
K,20180219,69.66,69.66,69.66,69.66,0
KAI,20180219,96.8,96.8,96.8,96.8,0
KAMN,20180219,62.46,62.46,62.46,62.46,0
KAR,20180219,19.7045,19.7045,19.7045,19.7045,0
KB,20180219,61.57,61.57,61.57,61.57,0
KBH,20180219,31.64,31.64,31.64,31.64,0
KBR,20180219,17.96,17.96,17.96,17.96,0
KDMN,20180219,3.63,3.63,3.63,3.63,0
KEM,20180219,18.4,18.4,18.4,18.4,0
KEN,20180219,29.72,29.72,29.72,29.72,0
KEP,20180219,15.46,15.46,15.46,15.46,0
KEX,20180219,75.95,75.95,75.95,75.95,0
KEY,20180219,21.02,21.02,21.02,21.02,0
KEY-I,20180219,27.62,27.62,27.62,27.62,0
KEYS,20180219,45.87,45.87,45.87,45.87,0
KF,20180219,42.34,42.34,42.34,42.34,0
KFS,20180219,5.7,5.7,5.7,5.7,0
KFY,20180219,41.59,41.59,41.59,41.59,0
KGC,20180219,3.94,3.94,3.94,3.94,0
KIM,20180219,15.2,15.2,15.2,15.2,0
KIM-L,20180219,22.08,22.08,22.08,22.08,0
KIM-M,20180219,22.36,22.36,22.36,22.36,0
KIO,20180219,15.64,15.64,15.64,15.64,0
KKR,20180219,22.23,22.23,22.23,22.23,0
KKR-A,20180219,26.22,26.22,26.22,26.22,0
KKR-B,20180219,25.97,25.97,25.97,25.97,0
KL,20180219,14.86,14.86,14.86,14.86,0
KMB,20180219,116.1,116.1,116.1,116.1,0
KMF,20180219,13.91,13.91,13.91,13.91,0
KMI,20180219,17.06,17.06,17.06,17.06,0
KMPR,20180219,58.85,58.85,58.85,58.85,0
KMT,20180219,44.25,44.25,44.25,44.25,0
KMX,20180219,64.43,64.43,64.43,64.43,0
KN,20180219,14.3,14.3,14.3,14.3,0
KNL,20180219,22.18,22.18,22.18,22.18,0
KNOP,20180219,21.15,21.15,21.15,21.15,0
KNX,20180219,48.75,48.75,48.75,48.75,0
KO,20180219,44.98,44.98,44.98,44.98,0
KODK,20180219,6.55,6.55,6.55,6.55,0
KOF,20180219,73.06,73.06,73.06,73.06,0
KOP,20180219,40.75,40.75,40.75,40.75,0
KOS,20180219,5.73,5.73,5.73,5.73,0
KR,20180219,28.69,28.69,28.69,28.69,0
KRA,20180219,49.85,49.85,49.85,49.85,0
KRC,20180219,68.43,68.43,68.43,68.43,0
KREF,20180219,19.72,19.72,19.72,19.72,0
KRG,20180219,15.48,15.48,15.48,15.48,0
KRO,20180219,24.52,24.52,24.52,24.52,0
KRP,20180219,17.5,17.5,17.5,17.5,0
KSM,20180219,10.99,10.99,10.99,10.99,0
KSS,20180219,65.61,65.61,65.61,65.61,0
KSU,20180219,109.01,109.01,109.01,109.01,0
KSU.P,20180219,26.83,26.83,26.83,26.83,0
KT,20180219,13.24,13.24,13.24,13.24,0
KTF,20180219,11.37,11.37,11.37,11.37,0
KTH,20180219,31.66,31.66,31.66,31.66,0
KTN,20180219,31.52,31.52,31.52,31.52,0
KTP,20180219,15.4,15.4,15.4,15.4,0
KW,20180219,16.6,16.6,16.6,16.6,0
KWR,20180219,148.32,148.32,148.32,148.32,0
KYN,20180219,18.1,18.1,18.1,18.1,0
KYN-F,20180219,25.14,25.14,25.14,25.14,0
L,20180219,50.08,50.08,50.08,50.08,0
LAC,20180219,7.5,7.5,7.5,7.5,0
LAD,20180219,111.11,111.11,111.11,111.11,0
LADR,20180219,14.78,14.78,14.78,14.78,0
LAZ,20180219,55.4,55.4,55.4,55.4,0
LB,20180219,48.92,48.92,48.92,48.92,0
LBRT,20180219,19.8,19.8,19.8,19.8,0
LC,20180219,19.75,19.75,19.75,19.75,0
LCI,20180219,17.05,17.05,17.05,17.05,0
LCII,20180219,113.75,113.75,113.75,113.75,0
LDL,20180219,44.3,44.3,44.3,44.3,0
LDOS,20180219,66.42,66.42,66.42,66.42,0
LDP,20180219,25.12,25.12,25.12,25.12,0
LEA,20180219,189.57,189.57,189.57,189.57,0
LEE,20180219,2.45,2.45,2.45,2.45,0
LEG,20180219,45.05,45.05,45.05,45.05,0
LEJU,20180219,1.46,1.46,1.46,1.46,0
LEN,20180219,60.86,60.86,60.86,60.86,0
LEN.B,20180219,48.77,48.77,48.77,48.77,0
LEO,20180219,7.83,7.83,7.83,7.83,0
LFC,20180219,14.96,14.96,14.96,14.96,0
LGC,20180219,9.55,9.55,9.55,9.55,0
LGC.U,20180219,9.88,9.88,9.88,9.88,0
LGC.W,20180219,0.37,0.37,0.37,0.37,0
LGF.A,20180219,29.33,29.33,29.33,29.33,0
LGF.B,20180219,27.94,27.94,27.94,27.94,0
LGI,20180219,18.53,18.53,18.53,18.53,0
LH,20180219,177.79,177.79,177.79,177.79,0
LHC.U,20180219,9.98,9.98,9.98,9.98,0
LII,20180219,205.74,205.74,205.74,205.74,0
LITB,20180219,2.3,2.3,2.3,2.3,0
LL,20180219,23.83,23.83,23.83,23.83,0
LLY,20180219,78.97,78.97,78.97,78.97,0
LM,20180219,39.97,39.97,39.97,39.97,0
LMHA,20180219,26.05,26.05,26.05,26.05,0
LMHB,20180219,23.74,23.74,23.74,23.74,0
LMT,20180219,360.53,360.53,360.53,360.53,0
LN,20180219,41.87,41.87,41.87,41.87,0
LNC,20180219,77.58,77.58,77.58,77.58,0
LND,20180219,4.15,4.15,4.15,4.15,0
LNN,20180219,92.72,92.72,92.72,92.72,0
LOMA,20180219,22.7,22.7,22.7,22.7,0
LOW,20180219,96.31,96.31,96.31,96.31,0
LPG,20180219,7.54,7.54,7.54,7.54,0
LPI,20180219,8.36,8.36,8.36,8.36,0
LPL,20180219,14.49,14.49,14.49,14.49,0
LPT,20180219,40.25,40.25,40.25,40.25,0
LPX,20180219,29.25,29.25,29.25,29.25,0
LRN,20180219,15.3,15.3,15.3,15.3,0
LSI,20180219,78.83,78.83,78.83,78.83,0
LTC,20180219,38.18,38.18,38.18,38.18,0
LTM,20180219,15.92,15.92,15.92,15.92,0
LUB,20180219,2.9,2.9,2.9,2.9,0
LUV,20180219,58.27,58.27,58.27,58.27,0
LVS,20180219,75.02,75.02,75.02,75.02,0
LW,20180219,55.58,55.58,55.58,55.58,0
LXFR,20180219,13.05,13.05,13.05,13.05,0
LXP,20180219,8.38,8.38,8.38,8.38,0
LXP-C,20180219,49.1,49.1,49.1,49.1,0
LXU,20180219,7.07,7.07,7.07,7.07,0
LYB,20180219,108.61,108.61,108.61,108.61,0
LYG,20180219,3.89,3.89,3.89,3.89,0
LYV,20180219,46.95,46.95,46.95,46.95,0
LZB,20180219,29.1,29.1,29.1,29.1,0
M,20180219,26.26,26.26,26.26,26.26,0
MA,20180219,175.65,175.65,175.65,175.65,0
MAA,20180219,88.75,88.75,88.75,88.75,0
MAA-I,20180219,66,66,66,66,0
MAC,20180219,60.66,60.66,60.66,60.66,0
MAIN,20180219,36.88,36.88,36.88,36.88,0
MAN,20180219,121.92,121.92,121.92,121.92,0
MANU,20180219,19.15,19.15,19.15,19.15,0
MAS,20180219,43.21,43.21,43.21,43.21,0
MATX,20180219,34.9,34.9,34.9,34.9,0
MAV,20180219,10.73,10.73,10.73,10.73,0
MAXR,20180219,57.48,57.48,57.48,57.48,0
MBI,20180219,8.76,8.76,8.76,8.76,0
MBT,20180219,11.97,11.97,11.97,11.97,0
MC,20180219,52.75,52.75,52.75,52.75,0
MCA,20180219,13.82,13.82,13.82,13.82,0
MCB,20180219,45.66,45.66,45.66,45.66,0
MCC,20180219,4.31,4.31,4.31,4.31,0
MCD,20180219,157.79,157.79,157.79,157.79,0
MCI,20180219,15.15,15.15,15.15,15.15,0
MCK,20180219,150.5,150.5,150.5,150.5,0
MCN,20180219,7.6,7.6,7.6,7.6,0
MCO,20180219,168.21,168.21,168.21,168.21,0
MCR,20180219,8.12,8.12,8.12,8.12,0
MCS,20180219,25.1,25.1,25.1,25.1,0
MCV,20180219,24.93,24.93,24.93,24.93,0
MCX,20180219,25.48,25.48,25.48,25.48,0
MCY,20180219,45.7,45.7,45.7,45.7,0
MD,20180219,56.61,56.61,56.61,56.61,0
MDC,20180219,30.73,30.73,30.73,30.73,0
MDLQ,20180219,25.24,25.24,25.24,25.24,0
MDLX,20180219,24.59,24.59,24.59,24.59,0
MDLY,20180219,6.4,6.4,6.4,6.4,0
MDP,20180219,55.65,55.65,55.65,55.65,0
MDT,20180219,83.31,83.31,83.31,83.31,0
MDU,20180219,27.55,27.55,27.55,27.55,0
MED,20180219,69.11,69.11,69.11,69.11,0
MEI,20180219,40.6,40.6,40.6,40.6,0
MEN,20180219,10.75,10.75,10.75,10.75,0
MER-K,20180219,25.65,25.65,25.65,25.65,0
MET,20180219,46.64,46.64,46.64,46.64,0
MET-A,20180219,24.76,24.76,24.76,24.76,0
MFA,20180219,7.42,7.42,7.42,7.42,0
MFA-B,20180219,24.97,24.97,24.97,24.97,0
MFC,20180219,19.85,19.85,19.85,19.85,0
MFD,20180219,12.75,12.75,12.75,12.75,0
MFG,20180219,3.79,3.79,3.79,3.79,0
MFGP,20180219,29.51,29.51,29.51,29.51,0
MFL,20180219,13.9,13.9,13.9,13.9,0
MFM,20180219,6.67,6.67,6.67,6.67,0
MFO,20180219,25.76,25.76,25.76,25.76,0
MFT,20180219,13.55,13.55,13.55,13.55,0
MFV,20180219,6.11,6.11,6.11,6.11,0
MG,20180219,20.07,20.07,20.07,20.07,0
MGA,20180219,54.17,54.17,54.17,54.17,0
MGF,20180219,4.61,4.61,4.61,4.61,0
MGM,20180219,34.47,34.47,34.47,34.47,0
MGP,20180219,26.6,26.6,26.6,26.6,0
MGU,20180219,23.44,23.44,23.44,23.44,0
MH-A,20180219,21.74,21.74,21.74,21.74,0
MH-C,20180219,19.78,19.78,19.78,19.78,0
MH-D,20180219,17.69,17.69,17.69,17.69,0
MHD,20180219,15.67,15.67,15.67,15.67,0
MHF,20180219,7.27,7.27,7.27,7.27,0
MHI,20180219,11.44,11.44,11.44,11.44,0
MHK,20180219,249.76,249.76,249.76,249.76,0
MHLA,20180219,18.72,18.72,18.72,18.72,0
MHN,20180219,12.88,12.88,12.88,12.88,0
MHNC,20180219,20.45,20.45,20.45,20.45,0
MHO,20180219,32.38,32.38,32.38,32.38,0
MIC,20180219,64.91,64.91,64.91,64.91,0
MIE,20180219,10.24,10.24,10.24,10.24,0
MIN,20180219,3.93,3.93,3.93,3.93,0
MIT-A,20180219,25.27,25.27,25.27,25.27,0
MIT-B,20180219,24.92,24.92,24.92,24.92,0
MITT,20180219,17.61,17.61,17.61,17.61,0
MIXT,20180219,13.76,13.76,13.76,13.76,0
MIY,20180219,13.4,13.4,13.4,13.4,0
MKC,20180219,105.5,105.5,105.5,105.5,0
MKC.V,20180219,105.15,105.15,105.15,105.15,0
MKL,20180219,1130.06,1130.06,1130.06,1130.06,0
MLI,20180219,27.18,27.18,27.18,27.18,0
MLM,20180219,216.25,216.25,216.25,216.25,0
MLP,20180219,11.75,11.75,11.75,11.75,0
MLR,20180219,25.05,25.05,25.05,25.05,0
MMC,20180219,82.76,82.76,82.76,82.76,0
MMD,20180219,19.07,19.07,19.07,19.07,0
MMI,20180219,31.78,31.78,31.78,31.78,0
MMM,20180219,236.67,236.67,236.67,236.67,0
MMP,20180219,66.64,66.64,66.64,66.64,0
MMS,20180219,67.26,67.26,67.26,67.26,0
MMT,20180219,5.78,5.78,5.78,5.78,0
MMU,20180219,13.2,13.2,13.2,13.2,0
MN,20180219,3.05,3.05,3.05,3.05,0
MNE,20180219,13.16,13.16,13.16,13.16,0
MNK,20180219,16.8,16.8,16.8,16.8,0
MNP,20180219,14.4,14.4,14.4,14.4,0
MNR,20180219,14.01,14.01,14.01,14.01,0
MNR-C,20180219,23.81,23.81,23.81,23.81,0
MO,20180219,65.46,65.46,65.46,65.46,0
MOD,20180219,24,24,24,24,0
MODN,20180219,17.05,17.05,17.05,17.05,0
MOG.A,20180219,87.09,87.09,87.09,87.09,0
MOG.B,20180219,88.25,88.25,88.25,88.25,0
MOH,20180219,72.12,72.12,72.12,72.12,0
MOS,20180219,25.43,25.43,25.43,25.43,0
MOV,20180219,32.2,32.2,32.2,32.2,0
MPA,20180219,13.84,13.84,13.84,13.84,0
MPC,20180219,67.93,67.93,67.93,67.93,0
MPLX,20180219,35.4,35.4,35.4,35.4,0
MPV,20180219,14.19,14.19,14.19,14.19,0
MPW,20180219,12.8,12.8,12.8,12.8,0
MPX,20180219,14.49,14.49,14.49,14.49,0
MQT,20180219,12.27,12.27,12.27,12.27,0
MQY,20180219,14.35,14.35,14.35,14.35,0
MRC,20180219,16.73,16.73,16.73,16.73,0
MRK,20180219,56.29,56.29,56.29,56.29,0
MRO,20180219,15.65,15.65,15.65,15.65,0
MS,20180219,55.14,55.14,55.14,55.14,0
MS-A,20180219,21.79,21.79,21.79,21.79,0
MS-E,20180219,28.25,28.25,28.25,28.25,0
MS-F,20180219,27.76,27.76,27.76,27.76,0
MS-I,20180219,26.96,26.96,26.96,26.96,0
MS-K,20180219,26.08,26.08,26.08,26.08,0
MSA,20180219,77.6,77.6,77.6,77.6,0
MSB,20180219,26.55,26.55,26.55,26.55,0
MSCI,20180219,145,145,145,145,0
MSD,20180219,9.49,9.49,9.49,9.49,0
MSG,20180219,226.98,226.98,226.98,226.98,0
MSGN,20180219,25.05,25.05,25.05,25.05,0
MSI,20180219,105.91,105.91,105.91,105.91,0
MSM,20180219,88.72,88.72,88.72,88.72,0
MT,20180219,36.48,36.48,36.48,36.48,0
MTB,20180219,191.64,191.64,191.64,191.64,0
MTD,20180219,634.37,634.37,634.37,634.37,0
MTDR,20180219,29.68,29.68,29.68,29.68,0
MTG,20180219,14.39,14.39,14.39,14.39,0
MTH,20180219,47.2,47.2,47.2,47.2,0
MTL,20180219,5.11,5.11,5.11,5.11,0
MTL.P,20180219,1.21,1.21,1.21,1.21,0
MTN,20180219,216.04,216.04,216.04,216.04,0
MTOR,20180219,25.68,25.68,25.68,25.68,0
MTR,20180219,14.95,14.95,14.95,14.95,0
MTRN,20180219,49.95,49.95,49.95,49.95,0
MTT,20180219,21.48,21.48,21.48,21.48,0
MTW,20180219,33.59,33.59,33.59,33.59,0
MTX,20180219,71.25,71.25,71.25,71.25,0
MTZ,20180219,51,51,51,51,0
MUA,20180219,13.76,13.76,13.76,13.76,0
MUC,20180219,13.44,13.44,13.44,13.44,0
MUE,20180219,12.9,12.9,12.9,12.9,0
MUH,20180219,14.06,14.06,14.06,14.06,0
MUI,20180219,13.43,13.43,13.43,13.43,0
MUJ,20180219,13.5,13.5,13.5,13.5,0
MUR,20180219,26.59,26.59,26.59,26.59,0
MUS,20180219,12.67,12.67,12.67,12.67,0
MUSA,20180219,75.32,75.32,75.32,75.32,0
MUX,20180219,2.28,2.28,2.28,2.28,0
MVC,20180219,10.43,10.43,10.43,10.43,0
MVCD,20180219,25.49,25.49,25.49,25.49,0
MVO,20180219,7.25,7.25,7.25,7.25,0
MVT,20180219,14.86,14.86,14.86,14.86,0
MWA,20180219,11.23,11.23,11.23,11.23,0
MX,20180219,9.45,9.45,9.45,9.45,0
MXE,20180219,11.27,11.27,11.27,11.27,0
MXF,20180219,16.67,16.67,16.67,16.67,0
MXL,20180219,22.89,22.89,22.89,22.89,0
MYC,20180219,14.05,14.05,14.05,14.05,0
MYD,20180219,13.8,13.8,13.8,13.8,0
MYE,20180219,19.7,19.7,19.7,19.7,0
MYF,20180219,14.1,14.1,14.1,14.1,0
MYI,20180219,12.78,12.78,12.78,12.78,0
MYJ,20180219,14.72,14.72,14.72,14.72,0
MYN,20180219,12.4,12.4,12.4,12.4,0
MYOV,20180219,14.85,14.85,14.85,14.85,0
NAC,20180219,13.47,13.47,13.47,13.47,0
NAD,20180219,13.31,13.31,13.31,13.31,0
NAN,20180219,13.07,13.07,13.07,13.07,0
NAT,20180219,2.18,2.18,2.18,2.18,0
NAV,20180219,38.52,38.52,38.52,38.52,0
NAV-D,20180219,16.8,16.8,16.8,16.8,0
NAZ,20180219,13.71,13.71,13.71,13.71,0
NBB,20180219,20.83,20.83,20.83,20.83,0
NBHC,20180219,34.27,34.27,34.27,34.27,0
NBR,20180219,6.62,6.62,6.62,6.62,0
NC,20180219,40.85,40.85,40.85,40.85,0
NCA,20180219,9.61,9.61,9.61,9.61,0
NCB,20180219,15.85,15.85,15.85,15.85,0
NCLH,20180219,59.11,59.11,59.11,59.11,0
NCR,20180219,32.63,32.63,32.63,32.63,0
NCV,20180219,6.91,6.91,6.91,6.91,0
NCZ,20180219,6.11,6.11,6.11,6.11,0
NDP,20180219,12.71,12.71,12.71,12.71,0
NE,20180219,4.1,4.1,4.1,4.1,0
NEA,20180219,13.26,13.26,13.26,13.26,0
NEE,20180219,156.05,156.05,156.05,156.05,0
NEE-I,20180219,23.34,23.34,23.34,23.34,0
NEE-J,20180219,23.56,23.56,23.56,23.56,0
NEE-K,20180219,24.23,24.23,24.23,24.23,0
NEM,20180219,39.11,39.11,39.11,39.11,0
NEP,20180219,40.79,40.79,40.79,40.79,0
NEU,20180219,424.05,424.05,424.05,424.05,0
NEV,20180219,13.61,13.61,13.61,13.61,0
NEWR,20180219,68.34,68.34,68.34,68.34,0
NEXA,20180219,19.9,19.9,19.9,19.9,0
NFG,20180219,50.05,50.05,50.05,50.05,0
NFJ,20180219,13.15,13.15,13.15,13.15,0
NGG,20180219,53.39,53.39,53.39,53.39,0
NGL,20180219,12.8,12.8,12.8,12.8,0
NGL-A,20180219,26.7,26.7,26.7,26.7,0
NGL-B,20180219,23.87,23.87,23.87,23.87,0
NGS,20180219,26.7,26.7,26.7,26.7,0
NGVC,20180219,7.11,7.11,7.11,7.11,0
NGVT,20180219,72.35,72.35,72.35,72.35,0
NHA,20180219,9.575,9.575,9.575,9.575,0
NHF,20180219,24.05,24.05,24.05,24.05,0
NHI,20180219,65.73,65.73,65.73,65.73,0
NI,20180219,23.48,23.48,23.48,23.48,0
NID,20180219,12.49,12.49,12.49,12.49,0
NIE,20180219,21.53,21.53,21.53,21.53,0
NIM,20180219,9.88,9.88,9.88,9.88,0
NINE,20180219,26.03,26.03,26.03,26.03,0
NIQ,20180219,12.43,12.43,12.43,12.43,0
NJR,20180219,39.25,39.25,39.25,39.25,0
NJV,20180219,13.5,13.5,13.5,13.5,0
NKE,20180219,68.3,68.3,68.3,68.3,0
NKG,20180219,11.94,11.94,11.94,11.94,0
NKX,20180219,14.07,14.07,14.07,14.07,0
NL,20180219,8.4,8.4,8.4,8.4,0
NLS,20180219,11.9,11.9,11.9,11.9,0
NLSN,20180219,33.68,33.68,33.68,33.68,0
NLY,20180219,10.68,10.68,10.68,10.68,0
NLY-D,20180219,25.41,25.41,25.41,25.41,0
NLY-F,20180219,25.34,25.34,25.34,25.34,0
NLY-G,20180219,23.96,23.96,23.96,23.96,0
NM,20180219,12.8,12.8,12.8,12.8,0
NM-G,20180219,14.9,14.9,14.9,14.9,0
NM-H,20180219,14.76,14.76,14.76,14.76,0
NMFC,20180219,12.9,12.9,12.9,12.9,0
NMI,20180219,10.94,10.94,10.94,10.94,0
NMK-B,20180219,97.76,97.76,97.76,97.76,0
NMK-C,20180219,98.45,98.45,98.45,98.45,0
NMM,20180219,28.5,28.5,28.5,28.5,0
NMR,20180219,6.25,6.25,6.25,6.25,0
NMS,20180219,14.11,14.11,14.11,14.11,0
NMT,20180219,13.22,13.22,13.22,13.22,0
NMY,20180219,12.18,12.18,12.18,12.18,0
NMZ,20180219,13.045,13.045,13.045,13.045,0
NNA,20180219,11.775,11.775,11.775,11.775,0
NNI,20180219,52.16,52.16,52.16,52.16,0
NNN,20180219,38.33,38.33,38.33,38.33,0
NNN-F,20180219,22.6,22.6,22.6,22.6,0
NNY,20180219,9.35,9.35,9.35,9.35,0
NOA,20180219,5.1,5.1,5.1,5.1,0
NOAH,20180219,47.69,47.69,47.69,47.69,0
NOC,20180219,356,356,356,356,0
NOK,20180219,5.76,5.76,5.76,5.76,0
NOM,20180219,13.98,13.98,13.98,13.98,0
NOMD,20180219,17.06,17.06,17.06,17.06,0
NOV,20180219,35.61,35.61,35.61,35.61,0
NOW,20180219,154.03,154.03,154.03,154.03,0
NP,20180219,79.25,79.25,79.25,79.25,0
NPK,20180219,102,102,102,102,0
NPN,20180219,15.62,15.62,15.62,15.62,0
NPO,20180219,77.12,77.12,77.12,77.12,0
NPTN,20180219,6.14,6.14,6.14,6.14,0
NPV,20180219,12.32,12.32,12.32,12.32,0
NQP,20180219,12.62,12.62,12.62,12.62,0
NR,20180219,8.5,8.5,8.5,8.5,0
NRG,20180219,25.22,25.22,25.22,25.22,0
NRK,20180219,12.35,12.35,12.35,12.35,0
NRP,20180219,29.19,29.19,29.19,29.19,0
NRT,20180219,8.3,8.3,8.3,8.3,0
NRZ,20180219,16.89,16.89,16.89,16.89,0
NS,20180219,24.15,24.15,24.15,24.15,0
NS-A,20180219,24.29,24.29,24.29,24.29,0
NS-B,20180219,22.41,22.41,22.41,22.41,0
NS-C,20180219,24.77,24.77,24.77,24.77,0
NSA,20180219,23.77,23.77,23.77,23.77,0
NSA-A,20180219,24.41,24.41,24.41,24.41,0
NSC,20180219,142.64,142.64,142.64,142.64,0
NSL,20180219,6.38,6.38,6.38,6.38,0
NSP,20180219,63.05,63.05,63.05,63.05,0
NSS,20180219,25.35,25.35,25.35,25.35,0
NTB,20180219,44.38,44.38,44.38,44.38,0
NTG,20180219,19.19,19.19,19.19,19.19,0
NTP,20180219,12.95,12.95,12.95,12.95,0
NTR,20180219,44.42,44.42,44.42,44.42,0
NTX,20180219,13.51,13.51,13.51,13.51,0
NTZ,20180219,7.5,7.5,7.5,7.5,0
NUE,20180219,68.54,68.54,68.54,68.54,0
NUM,20180219,12.83,12.83,12.83,12.83,0
NUO,20180219,14.02,14.02,14.02,14.02,0
NUS,20180219,69.07,69.07,69.07,69.07,0
NUV,20180219,9.55,9.55,9.55,9.55,0
NUW,20180219,16.065,16.065,16.065,16.065,0
NVG,20180219,14.45,14.45,14.45,14.45,0
NVGS,20180219,12.2,12.2,12.2,12.2,0
NVO,20180219,51.86,51.86,51.86,51.86,0
NVR,20180219,3208.23,3208.23,3208.23,3208.23,0
NVRO,20180219,80.1,80.1,80.1,80.1,0
NVS,20180219,76.4486,76.4486,76.4486,76.4486,0
NVTA,20180219,6.48,6.48,6.48,6.48,0
NWE,20180219,52.27,52.27,52.27,52.27,0
NWHM,20180219,11.68,11.68,11.68,11.68,0
NWN,20180219,56.25,56.25,56.25,56.25,0
NX,20180219,18.6,18.6,18.6,18.6,0
NXC,20180219,14.84,14.84,14.84,14.84,0
NXJ,20180219,13.14,13.14,13.14,13.14,0
NXN,20180219,12.9,12.9,12.9,12.9,0
NXP,20180219,14.13,14.13,14.13,14.13,0
NXQ,20180219,13.66,13.66,13.66,13.66,0
NXR,20180219,14.22,14.22,14.22,14.22,0
NXRT,20180219,23.83,23.83,23.83,23.83,0
NYC-A,20180219,27.635,27.635,27.635,27.635,0
NYC-U,20180219,49.9,49.9,49.9,49.9,0
NYCB,20180219,14.17,14.17,14.17,14.17,0
NYT,20180219,25.05,25.05,25.05,25.05,0
NYV,20180219,13.89,13.89,13.89,13.89,0
NZF,20180219,14.2,14.2,14.2,14.2,0
O,20180219,49.96,49.96,49.96,49.96,0
OAK-A,20180219,25.11,25.11,25.11,25.11,0
OBE,20180219,6.93,6.93,6.93,6.93,0
OC,20180219,87.44,87.44,87.44,87.44,0
OCN,20180219,3.73,3.73,3.73,3.73,0
ODC,20180219,38.99,38.99,38.99,38.99,0
OEC,20180219,28.75,28.75,28.75,28.75,0
OFC,20180219,25.92,25.92,25.92,25.92,0
OFG,20180219,11.2,11.2,11.2,11.2,0
OFG-A,20180219,23.94,23.94,23.94,23.94,0
OFG-B,20180219,22.02,22.02,22.02,22.02,0
OFG-D,20180219,22.73,22.73,22.73,22.73,0
OGE,20180219,31.56,31.56,31.56,31.56,0
OGS,20180219,68.17,68.17,68.17,68.17,0
OHI,20180219,26.74,26.74,26.74,26.74,0
OI,20180219,21.85,21.85,21.85,21.85,0
OIA,20180219,7.55,7.55,7.55,7.55,0
OIB.C,20180219,5.62,5.62,5.62,5.62,0
OII,20180219,18.45,18.45,18.45,18.45,0
OIS,20180219,27.3,27.3,27.3,27.3,0
OKE,20180219,56.91,56.91,56.91,56.91,0
OLN,20180219,32.67,32.67,32.67,32.67,0
OLP,20180219,23.24,23.24,23.24,23.24,0
OMC,20180219,78.72,78.72,78.72,78.72,0
OMF,20180219,33.01,33.01,33.01,33.01,0
OMI,20180219,16.08,16.08,16.08,16.08,0
OMN,20180219,10.45,10.45,10.45,10.45,0
ONDK,20180219,5.39,5.39,5.39,5.39,0
OOMA,20180219,10.15,10.15,10.15,10.15,0
OPP,20180219,18.07,18.07,18.07,18.07,0
OPY,20180219,26.75,26.75,26.75,26.75,0
OR,20180219,10.63,10.63,10.63,10.63,0
ORA,20180219,64.97,64.97,64.97,64.97,0
ORAN,20180219,17,17,17,17,0
ORC,20180219,7.63,7.63,7.63,7.63,0
ORCL,20180219,50.71,50.71,50.71,50.71,0
ORI,20180219,20.98,20.98,20.98,20.98,0
ORN,20180219,6.96,6.96,6.96,6.96,0
OSB,20180219,36.87,36.87,36.87,36.87,0
OSG,20180219,2.05,2.05,2.05,2.05,0
OSK,20180219,84.99,84.99,84.99,84.99,0
OSLE,20180219,25.01,25.01,25.01,25.01,0
OUT,20180219,21.78,21.78,21.78,21.78,0
OXM,20180219,79.37,79.37,79.37,79.37,0
OXY,20180219,68.16,68.16,68.16,68.16,0
PAA,20180219,22.38,22.38,22.38,22.38,0
PAC,20180219,99.49,99.49,99.49,99.49,0
PAG,20180219,48.13,48.13,48.13,48.13,0
PAGP,20180219,22.11,22.11,22.11,22.11,0
PAGS,20180219,30.36,30.36,30.36,30.36,0
PAI,20180219,14.19,14.19,14.19,14.19,0
PAM,20180219,63.93,63.93,63.93,63.93,0
PANW,20180219,162.08,162.08,162.08,162.08,0
PAR,20180219,9.99,9.99,9.99,9.99,0
PAYC,20180219,94.9,94.9,94.9,94.9,0
PB,20180219,77.82,77.82,77.82,77.82,0
PBA,20180219,32.84,32.84,32.84,32.84,0
PBB,20180219,25.76,25.76,25.76,25.76,0
PBF,20180219,30.67,30.67,30.67,30.67,0
PBFX,20180219,20.7,20.7,20.7,20.7,0
PBH,20180219,35.21,35.21,35.21,35.21,0
PBI,20180219,12.34,12.34,12.34,12.34,0
PBI-B,20180219,24.44,24.44,24.44,24.44,0
PBR,20180219,12.75,12.75,12.75,12.75,0
PBR.A,20180219,11.97,11.97,11.97,11.97,0
PBT,20180219,9.43,9.43,9.43,9.43,0
PCF,20180219,8.92,8.92,8.92,8.92,0
PCG,20180219,40.4,40.4,40.4,40.4,0
PCI,20180219,21.97,21.97,21.97,21.97,0
PCK,20180219,8.25,8.25,8.25,8.25,0
PCM,20180219,10.85,10.85,10.85,10.85,0
PCN,20180219,16.58,16.58,16.58,16.58,0
PCQ,20180219,15.33,15.33,15.33,15.33,0
PDI,20180219,30.02,30.02,30.02,30.02,0
PDM,20180219,18.63,18.63,18.63,18.63,0
PDS,20180219,3.41,3.41,3.41,3.41,0
PDT,20180219,15.2,15.2,15.2,15.2,0
PE,20180219,23.46,23.46,23.46,23.46,0
PEB,20180219,36.72,36.72,36.72,36.72,0
PEB-C,20180219,24.69,24.69,24.69,24.69,0
PEB-D,20180219,24.2,24.2,24.2,24.2,0
PEG,20180219,49.43,49.43,49.43,49.43,0
PEI,20180219,10.51,10.51,10.51,10.51,0
PEI-B,20180219,23.18,23.18,23.18,23.18,0
PEI-C,20180219,22.31,22.31,22.31,22.31,0
PEI-D,20180219,21.7,21.7,21.7,21.7,0
PEN,20180219,98.7,98.7,98.7,98.7,0
PEO,20180219,18.61,18.61,18.61,18.61,0
PER,20180219,2.125,2.125,2.125,2.125,0
PFD,20180219,14.03,14.03,14.03,14.03,0
PFE,20180219,36.26,36.26,36.26,36.26,0
PFGC,20180219,31.05,31.05,31.05,31.05,0
PFH,20180219,14.46,14.46,14.46,14.46,0
PFL,20180219,11.29,11.29,11.29,11.29,0
PFN,20180219,10.13,10.13,10.13,10.13,0
PFO,20180219,11.16,11.16,11.16,11.16,0
PFS,20180219,25.93,25.93,25.93,25.93,0
PFSI,20180219,24.85,24.85,24.85,24.85,0
PG,20180219,82.6,82.6,82.6,82.6,0
PGP,20180219,13.81,13.81,13.81,13.81,0
PGR,20180219,57.35,57.35,57.35,57.35,0
PGRE,20180219,14.3,14.3,14.3,14.3,0
PGTI,20180219,15.6,15.6,15.6,15.6,0
PGZ,20180219,16.59,16.59,16.59,16.59,0
PH,20180219,183.22,183.22,183.22,183.22,0
PHD,20180219,11.43,11.43,11.43,11.43,0
PHG,20180219,38.99,38.99,38.99,38.99,0
PHI,20180219,29.36,29.36,29.36,29.36,0
PHK,20180219,7.39,7.39,7.39,7.39,0
PHM,20180219,29.74,29.74,29.74,29.74,0
PHT,20180219,9.49,9.49,9.49,9.49,0
PHX,20180219,18.8,18.8,18.8,18.8,0
PII,20180219,117.76,117.76,117.76,117.76,0
PIM,20180219,4.8,4.8,4.8,4.8,0
PIR,20180219,65.6,65.6,65.6,65.6,0
PIY,20180219,15.51,15.51,15.51,15.51,0
PJH,20180219,25.08,25.08,25.08,25.08,0
PJT,20180219,48.45,48.45,48.45,48.45,0
PK,20180219,27.18,27.18,27.18,27.18,0
PKD,20180219,14.7,14.7,14.7,14.7,0
PKE,20180219,17.01,17.01,17.01,17.01,0
PKG,20180219,119.37,119.37,119.37,119.37,0
PKI,20180219,76.39,76.39,76.39,76.39,0
PKO,20180219,25.03,25.03,25.03,25.03,0
PKX,20180219,86.56,86.56,86.56,86.56,0
PLD,20180219,61.98,61.98,61.98,61.98,0
PLNT,20180219,32.38,32.38,32.38,32.38,0
PLOW,20180219,37.6,37.6,37.6,37.6,0
PLT,20180219,56.23,56.23,56.23,56.23,0
PM,20180219,104.31,104.31,104.31,104.31,0
PMF,20180219,12.52,12.52,12.52,12.52,0
PML,20180219,12.37,12.37,12.37,12.37,0
PMM,20180219,7.15,7.15,7.15,7.15,0
PMO,20180219,12.04,12.04,12.04,12.04,0
PMT,20180219,17.62,17.62,17.62,17.62,0
PMT-A,20180219,25.03,25.03,25.03,25.03,0
PMT-B,20180219,24.7,24.7,24.7,24.7,0
PMX,20180219,10.96,10.96,10.96,10.96,0
PNC,20180219,159.08,159.08,159.08,159.08,0
PNC-P,20180219,27.25,27.25,27.25,27.25,0
PNC-Q,20180219,24.61,24.61,24.61,24.61,0
PNF,20180219,11.67,11.67,11.67,11.67,0
PNI,20180219,10.85,10.85,10.85,10.85,0
PNM,20180219,35.75,35.75,35.75,35.75,0
PNR,20180219,47.5573,47.5573,47.5573,47.5573,0
PNW,20180219,78.69,78.69,78.69,78.69,0
POL,20180219,42.06,42.06,42.06,42.06,0
POR,20180219,41.2,41.2,41.2,41.2,0
POST,20180219,78.5,78.5,78.5,78.5,0
PPG,20180219,116.16,116.16,116.16,116.16,0
PPL,20180219,31.45,31.45,31.45,31.45,0
PPR,20180219,5.12,5.12,5.12,5.12,0
PPT,20180219,5.23,5.23,5.23,5.23,0
PPX,20180219,25.02,25.02,25.02,25.02,0
PQG,20180219,14.42,14.42,14.42,14.42,0
PRA,20180219,52.15,52.15,52.15,52.15,0
PRE-F,20180219,24.91,24.91,24.91,24.91,0
PRE-G,20180219,26.03,26.03,26.03,26.03,0
PRE-H,20180219,27.03,27.03,27.03,27.03,0
PRE-I,20180219,25.05,25.05,25.05,25.05,0
PRGO,20180219,89.55,89.55,89.55,89.55,0
PRH,20180219,25.05,25.05,25.05,25.05,0
PRI,20180219,99.5,99.5,99.5,99.5,0
PRLB,20180219,115.75,115.75,115.75,115.75,0
PRO,20180219,32.48,32.48,32.48,32.48,0
PRTY,20180219,15.2,15.2,15.2,15.2,0
PRU,20180219,109.43,109.43,109.43,109.43,0
PSA,20180219,188.75,188.75,188.75,188.75,0
PSA-B,20180219,24.39,24.39,24.39,24.39,0
PSA-C,20180219,23.38,23.38,23.38,23.38,0
PSA-D,20180219,22.78,22.78,22.78,22.78,0
PSA-E,20180219,22.63,22.63,22.63,22.63,0
PSA-F,20180219,23.23,23.23,23.23,23.23,0
PSA-G,20180219,23.18,23.18,23.18,23.18,0
PSA-V,20180219,24.19,24.19,24.19,24.19,0
PSA-W,20180219,23.34,23.34,23.34,23.34,0
PSA-X,20180219,23.66,23.66,23.66,23.66,0
PSB,20180219,114.35,114.35,114.35,114.35,0
PSB-W,20180219,22.97,22.97,22.97,22.97,0
PSB-X,20180219,22.9,22.9,22.9,22.9,0
PSB-Y,20180219,22.96,22.96,22.96,22.96,0
PSF,20180219,26.36,26.36,26.36,26.36,0
PSO,20180219,9.74,9.74,9.74,9.74,0
PSTG,20180219,21.62,21.62,21.62,21.62,0
PSX,20180219,91.99,91.99,91.99,91.99,0
PSXP,20180219,50.25,50.25,50.25,50.25,0
PTR,20180219,70.12,70.12,70.12,70.12,0
PTY,20180219,16.07,16.07,16.07,16.07,0
PUK,20180219,51.62,51.62,51.62,51.62,0
PUK-A,20180219,25.9,25.9,25.9,25.9,0
PUK.P,20180219,25.95,25.95,25.95,25.95,0
PUMP,20180219,16.42,16.42,16.42,16.42,0
PVG,20180219,6.99,6.99,6.99,6.99,0
PVH,20180219,148.55,148.55,148.55,148.55,0
PWR,20180219,35.07,35.07,35.07,35.07,0
PXD,20180219,178.79,178.79,178.79,178.79,0
PYN,20180219,8.98,8.98,8.98,8.98,0
PYS,20180219,19.24,19.24,19.24,19.24,0
PYT,20180219,21.33,21.33,21.33,21.33,0
PZC,20180219,9.82,9.82,9.82,9.82,0
PZN,20180219,10.16,10.16,10.16,10.16,0
QD,20180219,14.11,14.11,14.11,14.11,0
QEP,20180219,8.68,8.68,8.68,8.68,0
QES,20180219,9.4,9.4,9.4,9.4,0
QGEN,20180219,34.21,34.21,34.21,34.21,0
QHC,20180219,6.36,6.36,6.36,6.36,0
QSR,20180219,59.02,59.02,59.02,59.02,0
QTS,20180219,44.82,44.82,44.82,44.82,0
QTWO,20180219,45.7,45.7,45.7,45.7,0
QUAD,20180219,22.18,22.18,22.18,22.18,0
QUOT,20180219,13.2,13.2,13.2,13.2,0
R,20180219,76.43,76.43,76.43,76.43,0
RA,20180219,21.98,21.98,21.98,21.98,0
RACE,20180219,129.71,129.71,129.71,129.71,0
RAD,20180219,42.6,42.6,42.6,42.6,0
RBA,20180219,32.36,32.36,32.36,32.36,0
RBC,20180219,74.7,74.7,74.7,74.7,0
RBS,20180219,7.87,7.87,7.87,7.87,0
RCI,20180219,46.11,46.11,46.11,46.11,0
RCL,20180219,131.68,131.68,131.68,131.68,0
RCS,20180219,8.89,8.89,8.89,8.89,0
RDN,20180219,21.41,21.41,21.41,21.41,0
RDS.A,20180219,63.89,63.89,63.89,63.89,0
RDS.B,20180219,64.9,64.9,64.9,64.9,0
RDY,20180219,34.74,34.74,34.74,34.74,0
RE,20180219,243.26,243.26,243.26,243.26,0
RELX,20180219,20.97,20.97,20.97,20.97,0
RENN,20180219,9.53,9.53,9.53,9.53,0
RES,20180219,18.78,18.78,18.78,18.78,0
RESI,20180219,10.76,10.76,10.76,10.76,0
REV,20180219,20.6,20.6,20.6,20.6,0
REVG,20180219,26.61,26.61,26.61,26.61,0
REX,20180219,81.83,81.83,81.83,81.83,0
REX-A,20180219,23.53,23.53,23.53,23.53,0
REX-B,20180219,22.85,22.85,22.85,22.85,0
REXR,20180219,27.94,27.94,27.94,27.94,0
RF,20180219,19.45,19.45,19.45,19.45,0
RF-A,20180219,25.58,25.58,25.58,25.58,0
RF-B,20180219,27.2,27.2,27.2,27.2,0
RFI,20180219,11.81,11.81,11.81,11.81,0
RFP,20180219,8.2,8.2,8.2,8.2,0
RGA,20180219,155.51,155.51,155.51,155.51,0
RGR,20180219,50.3,50.3,50.3,50.3,0
RGS,20180219,16.5,16.5,16.5,16.5,0
RGT,20180219,11.15,11.15,11.15,11.15,0
RH,20180219,93.34,93.34,93.34,93.34,0
RHI,20180219,56.2,56.2,56.2,56.2,0
RHP,20180219,69.73,69.73,69.73,69.73,0
RIG,20180219,9.09,9.09,9.09,9.09,0
RIO,20180219,57.82,57.82,57.82,57.82,0
RIV,20180219,20.71,20.71,20.71,20.71,0
RJF,20180219,92.56,92.56,92.56,92.56,0
RL,20180219,105.59,105.59,105.59,105.59,0
RLGY,20180219,26.11,26.11,26.11,26.11,0
RLH,20180219,10.65,10.65,10.65,10.65,0
RLI,20180219,62.54,62.54,62.54,62.54,0
RLJ,20180219,21.83,21.83,21.83,21.83,0
RLJ-A,20180219,25.57,25.57,25.57,25.57,0
RM,20180219,31.82,31.82,31.82,31.82,0
RMAX,20180219,49.9,49.9,49.9,49.9,0
RMD,20180219,93.81,93.81,93.81,93.81,0
RMP.P,20180219,25.4,25.4,25.4,25.4,0
RMT,20180219,9.44,9.44,9.44,9.44,0
RNG,20180219,63.1,63.1,63.1,63.1,0
RNGR,20180219,9.51,9.51,9.51,9.51,0
RNP,20180219,18.43,18.43,18.43,18.43,0
RNR,20180219,131.29,131.29,131.29,131.29,0
RNR-C,20180219,25.31,25.31,25.31,25.31,0
RNR-E,20180219,23.76,23.76,23.76,23.76,0
ROG,20180219,157.51,157.51,157.51,157.51,0
ROK,20180219,185.56,185.56,185.56,185.56,0
ROL,20180219,33.26,33.26,33.26,33.26,0
ROP,20180219,276.31,276.31,276.31,276.31,0
ROYT,20180219,2.17,2.17,2.17,2.17,0
RPAI,20180219,12.3,12.3,12.3,12.3,0
RPM,20180219,50.86,50.86,50.86,50.86,0
RPT,20180219,12.13,12.13,12.13,12.13,0
RPT-D,20180219,51.33,51.33,51.33,51.33,0
RQI,20180219,10.91,10.91,10.91,10.91,0
RRC,20180219,13.28,13.28,13.28,13.28,0
RRD,20180219,6.9,6.9,6.9,6.9,0
RRTS,20180219,94.5,94.5,94.5,94.5,0
RS,20180219,94.57,94.57,94.57,94.57,0
RSG,20180219,65.14,65.14,65.14,65.14,0
RST,20180219,13.78,13.78,13.78,13.78,0
RTN,20180219,217.73,217.73,217.73,217.73,0
RUBI,20180219,1.74,1.74,1.74,1.74,0
RVT,20180219,16.17,16.17,16.17,16.17,0
RWT,20180219,15.32,15.32,15.32,15.32,0
RXN,20180219,27.96,27.96,27.96,27.96,0
RY,20180219,79.98,79.98,79.98,79.98,0
RY-T,20180219,30.32,30.32,30.32,30.32,0
RYAM,20180219,18.18,18.18,18.18,18.18,0
RYB,20180219,19.18,19.18,19.18,19.18,0
RYI,20180219,11.7,11.7,11.7,11.7,0
RYN,20180219,34.43,34.43,34.43,34.43,0
RZA,20180219,28.23,28.23,28.23,28.23,0
RZB,20180219,26.74,26.74,26.74,26.74,0
S,20180219,5.39,5.39,5.39,5.39,0
SA,20180219,11.65,11.65,11.65,11.65,0
SAB,20180219,25.72,25.72,25.72,25.72,0
SAFE,20180219,16.32,16.32,16.32,16.32,0
SAH,20180219,20.6,20.6,20.6,20.6,0
SAIC,20180219,71.7,71.7,71.7,71.7,0
SAIL,20180219,16.3,16.3,16.3,16.3,0
SALT,20180219,8,8,8,8,0
SAM,20180219,200.7,200.7,200.7,200.7,0
SAN,20180219,6.98,6.98,6.98,6.98,0
SAN-B,20180219,24.18,24.18,24.18,24.18,0
SAP,20180219,104.9,104.9,104.9,104.9,0
SAR,20180219,20.51,20.51,20.51,20.51,0
SAVE,20180219,39.72,39.72,39.72,39.72,0
SB,20180219,3.57,3.57,3.57,3.57,0
SB-C,20180219,23.27,23.27,23.27,23.27,0
SB-D,20180219,22.75,22.75,22.75,22.75,0
SBGL,20180219,4.65,4.65,4.65,4.65,0
SBH,20180219,17.2,17.2,17.2,17.2,0
SBI,20180219,9.01,9.01,9.01,9.01,0
SBNA,20180219,24.2,24.2,24.2,24.2,0
SBOW,20180219,27.61,27.61,27.61,27.61,0
SBR,20180219,43.7,43.7,43.7,43.7,0
SBS,20180219,11.02,11.02,11.02,11.02,0
SC,20180219,17.01,17.01,17.01,17.01,0
SCA,20180219,25.21,25.21,25.21,25.21,0
SCCO,20180219,50.5,50.5,50.5,50.5,0
SCD,20180219,13.77,13.77,13.77,13.77,0
SCE-G,20180219,22.31,22.31,22.31,22.31,0
SCE-H,20180219,25.49,25.49,25.49,25.49,0
SCE-J,20180219,24.23,24.23,24.23,24.23,0
SCE-K,20180219,25,25,25,25,0
SCE-L,20180219,22,22,22,22,0
SCH-C,20180219,25.56,25.56,25.56,25.56,0
SCH-D,20180219,25.65,25.65,25.65,25.65,0
SCHW,20180219,52.17,52.17,52.17,52.17,0
SCI,20180219,38.85,38.85,38.85,38.85,0
SCL,20180219,73.04,73.04,73.04,73.04,0
SCM,20180219,11.99,11.99,11.99,11.99,0
SCS,20180219,14.25,14.25,14.25,14.25,0
SCX,20180219,8.25,8.25,8.25,8.25,0
SD,20180219,15.45,15.45,15.45,15.45,0
SDRL,20180219,66.9425,66.9425,66.9425,66.9425,0
SE,20180219,12.33,12.33,12.33,12.33,0
SEAS,20180219,15.69,15.69,15.69,15.69,0
SEE,20180219,42.66,42.66,42.66,42.66,0
SEM,20180219,16.6,16.6,16.6,16.6,0
SERV,20180219,54.74,54.74,54.74,54.74,0
SF,20180219,62.67,62.67,62.67,62.67,0
SF-A,20180219,25.87,25.87,25.87,25.87,0
SFB,20180219,23.99,23.99,23.99,23.99,0
SFE,20180219,11.65,11.65,11.65,11.65,0
SFL,20180219,15.05,15.05,15.05,15.05,0
SFUN,20180219,25.1,25.1,25.1,25.1,0
SGU,20180219,9.49,9.49,9.49,9.49,0
SHAK,20180219,38.03,38.03,38.03,38.03,0
SHG,20180219,45.12,45.12,45.12,45.12,0
SHI,20180219,58.5,58.5,58.5,58.5,0
SHLX,20180219,25.47,25.47,25.47,25.47,0
SHO,20180219,15.58,15.58,15.58,15.58,0
SHO-E,20180219,25.31,25.31,25.31,25.31,0
SHO-F,20180219,24.97,24.97,24.97,24.97,0
SHOP,20180219,137.53,137.53,137.53,137.53,0
SHW,20180219,402.3,402.3,402.3,402.3,0
SID,20180219,3.28,3.28,3.28,3.28,0
SIG,20180219,51.33,51.33,51.33,51.33,0
SITE,20180219,78.74,78.74,78.74,78.74,0
SIX,20180219,69.38,69.38,69.38,69.38,0
SJI,20180219,27.14,27.14,27.14,27.14,0
SJM,20180219,124.46,124.46,124.46,124.46,0
SJR,20180219,20.01,20.01,20.01,20.01,0
SJT,20180219,9.24,9.24,9.24,9.24,0
SJW,20180219,55.63,55.63,55.63,55.63,0
SKM,20180219,25.4,25.4,25.4,25.4,0
SKT,20180219,22.55,22.55,22.55,22.55,0
SKX,20180219,39.19,39.19,39.19,39.19,0
SLB,20180219,66.28,66.28,66.28,66.28,0
SLCA,20180219,31.55,31.55,31.55,31.55,0
SLF,20180219,42.82,42.82,42.82,42.82,0
SLG,20180219,96.2,96.2,96.2,96.2,0
SLG-I,20180219,25.11,25.11,25.11,25.11,0
SM,20180219,21.85,21.85,21.85,21.85,0
SMFG,20180219,9.12,9.12,9.12,9.12,0
SMG,20180219,91.55,91.55,91.55,91.55,0
SMHI,20180219,14.96,14.96,14.96,14.96,0
SMLP,20180219,20.05,20.05,20.05,20.05,0
SMM,20180219,10.48,10.48,10.48,10.48,0
SMP,20180219,48.2,48.2,48.2,48.2,0
SNA,20180219,160.88,160.88,160.88,160.88,0
SNAP,20180219,20.42,20.42,20.42,20.42,0
SNDR,20180219,26.81,26.81,26.81,26.81,0
SNE,20180219,49.55,49.55,49.55,49.55,0
SNN,20180219,36.38,36.38,36.38,36.38,0
SNP,20180219,80.78,80.78,80.78,80.78,0
SNR,20180219,7.09,7.09,7.09,7.09,0
SNV,20180219,50.93,50.93,50.93,50.93,0
SNX,20180219,120.63,120.63,120.63,120.63,0
SO,20180219,43.93,43.93,43.93,43.93,0
SOGO,20180219,9.42,9.42,9.42,9.42,0
SOI,20180219,18.73,18.73,18.73,18.73,0
SOJA,20180219,25.83,25.83,25.83,25.83,0
SOJB,20180219,23.88,23.88,23.88,23.88,0
SOJC,20180219,23.79,23.79,23.79,23.79,0
SOL,20180219,2.4,2.4,2.4,2.4,0
SON,20180219,49.91,49.91,49.91,49.91,0
SOR,20180219,41.31,41.31,41.31,41.31,0
SPB,20180219,102.54,102.54,102.54,102.54,0
SPE,20180219,15.1,15.1,15.1,15.1,0
SPE-B,20180219,25.93,25.93,25.93,25.93,0
SPG,20180219,156.09,156.09,156.09,156.09,0
SPG-J,20180219,68.28,68.28,68.28,68.28,0
SPGI,20180219,189.28,189.28,189.28,189.28,0
SPH,20180219,24.72,24.72,24.72,24.72,0
SPL-A,20180219,20.95,20.95,20.95,20.95,0
SPLP,20180219,19.95,19.95,19.95,19.95,0
SPN,20180219,8.91,8.91,8.91,8.91,0
SPR,20180219,92.35,92.35,92.35,92.35,0
SPXC,20180219,30.94,30.94,30.94,30.94,0
SPXX,20180219,18.11,18.11,18.11,18.11,0
SQ,20180219,44.11,44.11,44.11,44.11,0
SQM,20180219,54.56,54.56,54.56,54.56,0
SQNS,20180219,1.6,1.6,1.6,1.6,0
SR,20180219,66.2,66.2,66.2,66.2,0
SRC,20180219,38.9,38.9,38.9,38.9,0
SRC-A,20180219,23.65,23.65,23.65,23.65,0
SRE,20180219,109.01,109.01,109.01,109.01,0
SRE-A,20180219,101.17,101.17,101.17,101.17,0
SRF,20180219,8.83,8.83,8.83,8.83,0
SRG,20180219,42.02,42.02,42.02,42.02,0
SRG-A,20180219,22.3,22.3,22.3,22.3,0
SRI,20180219,22.75,22.75,22.75,22.75,0
SRLP,20180219,24.4,24.4,24.4,24.4,0
SRT,20180219,11.15,11.15,11.15,11.15,0
SRV,20180219,12.15,12.15,12.15,12.15,0
SSD,20180219,57.6,57.6,57.6,57.6,0
SSI,20180219,1.85,1.85,1.85,1.85,0
SSL,20180219,34.18,34.18,34.18,34.18,0
SSTK,20180219,45.8,45.8,45.8,45.8,0
SSW,20180219,7.19,7.19,7.19,7.19,0
SSW-D,20180219,24,24,24,24,0
SSW-E,20180219,23.82,23.82,23.82,23.82,0
SSW-G,20180219,23.65,23.65,23.65,23.65,0
SSW-H,20180219,23.34,23.34,23.34,23.34,0
SSWA,20180219,23.85,23.85,23.85,23.85,0
ST,20180219,53.86,53.86,53.86,53.86,0
STA-C,20180219,25.39,25.39,25.39,25.39,0
STA-D,20180219,25.06,25.06,25.06,25.06,0
STA-G,20180219,24.85,24.85,24.85,24.85,0
STA-I,20180219,24.84,24.84,24.84,24.84,0
STAG,20180219,24.03,24.03,24.03,24.03,0
STAR,20180219,10.42,10.42,10.42,10.42,0
STC,20180219,41.58,41.58,41.58,41.58,0
STE,20180219,90.11,90.11,90.11,90.11,0
STK,20180219,21.74,21.74,21.74,21.74,0
STL,20180219,24.25,24.25,24.25,24.25,0
STL-A,20180219,26.04,26.04,26.04,26.04,0
STM,20180219,22.33,22.33,22.33,22.33,0
STN,20180219,28.35,28.35,28.35,28.35,0
STNG,20180219,23.3,23.3,23.3,23.3,0
STON,20180219,6.16,6.16,6.16,6.16,0
STOR,20180219,23.82,23.82,23.82,23.82,0
STT,20180219,104.55,104.55,104.55,104.55,0
STT-C,20180219,24.45,24.45,24.45,24.45,0
STT-D,20180219,26.6,26.6,26.6,26.6,0
STT-G,20180219,26.1,26.1,26.1,26.1,0
STWD,20180219,20.24,20.24,20.24,20.24,0
STZ,20180219,219.45,219.45,219.45,219.45,0
STZ.B,20180219,216.02,216.02,216.02,216.02,0
SU,20180219,34.53,34.53,34.53,34.53,0
SUI,20180219,87.24,87.24,87.24,87.24,0
SUM,20180219,32.65,32.65,32.65,32.65,0
SUN,20180219,30.41,30.41,30.41,30.41,0
SUP,20180219,15.15,15.15,15.15,15.15,0
SUPV,20180219,31.32,31.32,31.32,31.32,0
SWCH,20180219,15.44,15.44,15.44,15.44,0
SWK,20180219,159.77,159.77,159.77,159.77,0
SWM,20180219,42.21,42.21,42.21,42.21,0
SWN,20180219,3.58,3.58,3.58,3.58,0
SWP,20180219,117.5,117.5,117.5,117.5,0
SWX,20180219,68.85,68.85,68.85,68.85,0
SWZ,20180219,12.79,12.79,12.79,12.79,0
SXC,20180219,10.8,10.8,10.8,10.8,0
SXI,20180219,98.7,98.7,98.7,98.7,0
SXT,20180219,72.49,72.49,72.49,72.49,0
SYF,20180219,36.73,36.73,36.73,36.73,0
SYK,20180219,159.87,159.87,159.87,159.87,0
SYX,20180219,30.71,30.71,30.71,30.71,0
SYY,20180219,60,60,60,60,0
SZC,20180219,18.055,18.055,18.055,18.055,0
T,20180219,37.14,37.14,37.14,37.14,0
TAC,20180219,5.2,5.2,5.2,5.2,0
TAL,20180219,35.72,35.72,35.72,35.72,0
TAP,20180219,81.47,81.47,81.47,81.47,0
TAP.A,20180219,85.2,85.2,85.2,85.2,0
TARO,20180219,101.6,101.6,101.6,101.6,0
TBB,20180219,24.9,24.9,24.9,24.9,0
TBI,20180219,28.45,28.45,28.45,28.45,0
TCI,20180219,29.13,29.13,29.13,29.13,0
TCO,20180219,60.74,60.74,60.74,60.74,0
TCO-J,20180219,24.81,24.81,24.81,24.81,0
TCO-K,20180219,24.13,24.13,24.13,24.13,0
TCP,20180219,50.45,50.45,50.45,50.45,0
TCRZ,20180219,25.605,25.605,25.605,25.605,0
TCS,20180219,4.99,4.99,4.99,4.99,0
TD,20180219,57.81,57.81,57.81,57.81,0
TDA,20180219,24.69,24.69,24.69,24.69,0
TDC,20180219,36.71,36.71,36.71,36.71,0
TDE,20180219,24.58,24.58,24.58,24.58,0
TDF,20180219,22.76,22.76,22.76,22.76,0
TDG,20180219,298.35,298.35,298.35,298.35,0
TDI,20180219,24.96,24.96,24.96,24.96,0
TDJ,20180219,25.22,25.22,25.22,25.22,0
TDOC,20180219,37.15,37.15,37.15,37.15,0
TDS,20180219,25.68,25.68,25.68,25.68,0
TDW,20180219,25.24,25.24,25.24,25.24,0
TDW.A,20180219,3.39,3.39,3.39,3.39,0
TDW.B,20180219,3.2,3.2,3.2,3.2,0
TDY,20180219,193.5,193.5,193.5,193.5,0
TECK,20180219,29.75,29.75,29.75,29.75,0
TEF,20180219,9.43,9.43,9.43,9.43,0
TEI,20180219,11.75,11.75,11.75,11.75,0
TEL,20180219,102.1,102.1,102.1,102.1,0
TEN,20180219,55.32,55.32,55.32,55.32,0
TEO,20180219,34.3,34.3,34.3,34.3,0
TEVA,20180219,20.9,20.9,20.9,20.9,0
TEX,20180219,41.03,41.03,41.03,41.03,0
TFX,20180219,267.89,267.89,267.89,267.89,0
TG,20180219,16.8,16.8,16.8,16.8,0
TGH,20180219,16.65,16.65,16.65,16.65,0
TGI,20180219,27.75,27.75,27.75,27.75,0
TGNA,20180219,13.78,13.78,13.78,13.78,0
TGP,20180219,18.8,18.8,18.8,18.8,0
TGP-A,20180219,25.1,25.1,25.1,25.1,0
TGP-B,20180219,23.8,23.8,23.8,23.8,0
TGS,20180219,22,22,22,22,0
TGT,20180219,75.7,75.7,75.7,75.7,0
THC,20180219,19.5,19.5,19.5,19.5,0
THG,20180219,111.4,111.4,111.4,111.4,0
THGA,20180219,25.2,25.2,25.2,25.2,0
THO,20180219,124.83,124.83,124.83,124.83,0
THQ,20180219,17.38,17.38,17.38,17.38,0
THR,20180219,21.96,21.96,21.96,21.96,0
THS,20180219,38.28,38.28,38.28,38.28,0
THW,20180219,13.5,13.5,13.5,13.5,0
TIF,20180219,101.47,101.47,101.47,101.47,0
TISI,20180219,17.95,17.95,17.95,17.95,0
TJX,20180219,38.94,38.94,38.94,38.94,0
TK,20180219,7.47,7.47,7.47,7.47,0
TKC,20180219,10.25,10.25,10.25,10.25,0
TKR,20180219,45,45,45,45,0
TLI,20180219,10.48,10.48,10.48,10.48,0
TLK,20180219,30.23,30.23,30.23,30.23,0
TLRA,20180219,4.61,4.61,4.61,4.61,0
TLRD,20180219,23.31,23.31,23.31,23.31,0
TLYS,20180219,13.52,13.52,13.52,13.52,0
TM,20180219,136.2,136.2,136.2,136.2,0
TMHC,20180219,24.31,24.31,24.31,24.31,0
TMO,20180219,210.61,210.61,210.61,210.61,0
TMST,20180219,17.68,17.68,17.68,17.68,0
TNC,20180219,62.3,62.3,62.3,62.3,0
TNET,20180219,41.66,41.66,41.66,41.66,0
TNK,20180219,1.15,1.15,1.15,1.15,0
TNP,20180219,3.4,3.4,3.4,3.4,0
TNP-C,20180219,25.1,25.1,25.1,25.1,0
TNP-D,20180219,24.95,24.95,24.95,24.95,0
TNP-E,20180219,25.39,25.39,25.39,25.39,0
TOL,20180219,47.07,47.07,47.07,47.07,0
TOO-A,20180219,21.048,21.048,21.048,21.048,0
TOO-B,20180219,23.15,23.15,23.15,23.15,0
TOO-E,20180219,24,24,24,24,0
TOT,20180219,57.13,57.13,57.13,57.13,0
TPB,20180219,21.41,21.41,21.41,21.41,0
TPC,20180219,22.55,22.55,22.55,22.55,0
TPH,20180219,17.75,17.75,17.75,17.75,0
TPL,20180219,505.74,505.74,505.74,505.74,0
TPR,20180219,50.06,50.06,50.06,50.06,0
TPRE,20180219,14.15,14.15,14.15,14.15,0
TPVG,20180219,12.34,12.34,12.34,12.34,0
TPVY,20180219,25.2,25.2,25.2,25.2,0
TPX,20180219,54.2,54.2,54.2,54.2,0
TPZ,20180219,19.54,19.54,19.54,19.54,0
TR,20180219,34.85,34.85,34.85,34.85,0
TRC,20180219,22.11,22.11,22.11,22.11,0
TREC,20180219,12.2,12.2,12.2,12.2,0
TREX,20180219,56.305,56.305,56.305,56.305,0
TRGP,20180219,47.91,47.91,47.91,47.91,0
TRI,20180219,40.13,40.13,40.13,40.13,0
TRN,20180219,34.84,34.84,34.84,34.84,0
TRNO,20180219,33.86,33.86,33.86,33.86,0
TROX,20180219,20.97,20.97,20.97,20.97,0
TRP,20180219,45.75,45.75,45.75,45.75,0
TRQ,20180219,2.88,2.88,2.88,2.88,0
TRTN,20180219,28.17,28.17,28.17,28.17,0
TRTX,20180219,18.94,18.94,18.94,18.94,0
TRU,20180219,58.45,58.45,58.45,58.45,0
TRV,20180219,141.16,141.16,141.16,141.16,0
TS,20180219,33.88,33.88,33.88,33.88,0
TSE,20180219,81.05,81.05,81.05,81.05,0
TSI,20180219,5.43,5.43,5.43,5.43,0
TSLF,20180219,16.95,16.95,16.95,16.95,0
TSLX,20180219,18.36,18.36,18.36,18.36,0
TSM,20180219,43.48,43.48,43.48,43.48,0
TSN,20180219,76.01,76.01,76.01,76.01,0
TSQ,20180219,7.01,7.01,7.01,7.01,0
TSU,20180219,21.73,21.73,21.73,21.73,0
TTC,20180219,63.07,63.07,63.07,63.07,0
TTI,20180219,3.69,3.69,3.69,3.69,0
TTM,20180219,28.81,28.81,28.81,28.81,0
TTP,20180219,18.47,18.47,18.47,18.47,0
TU,20180219,36.15,36.15,36.15,36.15,0
TUP,20180219,50.95,50.95,50.95,50.95,0
TV,20180219,19.23,19.23,19.23,19.23,0
TVC,20180219,25.03,25.03,25.03,25.03,0
TVE,20180219,25.3,25.3,25.3,25.3,0
TWI,20180219,11.91,11.91,11.91,11.91,0
TWLO,20180219,33.09,33.09,33.09,33.09,0
TWN,20180219,20.76,20.76,20.76,20.76,0
TWO,20180219,15.68,15.68,15.68,15.68,0
TWO-A,20180219,25.95,25.95,25.95,25.95,0
TWO-B,20180219,25.04,25.04,25.04,25.04,0
TWO-C,20180219,23.89,23.89,23.89,23.89,0
TWTR,20180219,33.06,33.06,33.06,33.06,0
TX,20180219,36.67,36.67,36.67,36.67,0
TXT,20180219,60.33,60.33,60.33,60.33,0
TY,20180219,27.29,27.29,27.29,27.29,0
TY.P,20180219,48.82,48.82,48.82,48.82,0
TYG,20180219,30.15,30.15,30.15,30.15,0
TYL,20180219,205.81,205.81,205.81,205.81,0
UA,20180219,15.78,15.78,15.78,15.78,0
UAA,20180219,17.36,17.36,17.36,17.36,0
UAN,20180219,3.18,3.18,3.18,3.18,0
UBA,20180219,18.13,18.13,18.13,18.13,0
UBP,20180219,15.78,15.78,15.78,15.78,0
UBP-H,20180219,24.805,24.805,24.805,24.805,0
UBS,20180219,19.21,19.21,19.21,19.21,0
UDR,20180219,34.61,34.61,34.61,34.61,0
UE,20180219,22.05,22.05,22.05,22.05,0
UFI,20180219,34.94,34.94,34.94,34.94,0
UFS,20180219,44.04,44.04,44.04,44.04,0
UGI,20180219,43.7,43.7,43.7,43.7,0
UGP,20180219,12.175,12.175,12.175,12.175,0
UHS,20180219,117.9,117.9,117.9,117.9,0
UHT,20180219,59.5,59.5,59.5,59.5,0
UIS,20180219,11.15,11.15,11.15,11.15,0
UL,20180219,53.55,53.55,53.55,53.55,0
UMC,20180219,2.47,2.47,2.47,2.47,0
UMH,20180219,12.16,12.16,12.16,12.16,0
UMH-B,20180219,26,26,26,26,0
UMH-C,20180219,25.6,25.6,25.6,25.6,0
UMH-D,20180219,24.15,24.15,24.15,24.15,0
UN,20180219,54.59,54.59,54.59,54.59,0
UNF,20180219,155.95,155.95,155.95,155.95,0
UNH,20180219,229.37,229.37,229.37,229.37,0
UNM,20180219,52.45,52.45,52.45,52.45,0
UNP,20180219,134.27,134.27,134.27,134.27,0
UNT,20180219,20.34,20.34,20.34,20.34,0
UNVR,20180219,27.3,27.3,27.3,27.3,0
UPS,20180219,106.4,106.4,106.4,106.4,0
URI,20180219,168.02,168.02,168.02,168.02,0
USA,20180219,6.32,6.32,6.32,6.32,0
USAC,20180219,17.99,17.99,17.99,17.99,0
USB,20180219,55.61,55.61,55.61,55.61,0
USB-A,20180219,904.38,904.38,904.38,904.38,0
USB-H,20180219,22.1,22.1,22.1,22.1,0
USB-M,20180219,27.61,27.61,27.61,27.61,0
USB-O,20180219,24.36,24.36,24.36,24.36,0
USDP,20180219,11.55,11.55,11.55,11.55,0
USFD,20180219,32.78,32.78,32.78,32.78,0
USM,20180219,34.41,34.41,34.41,34.41,0
USNA,20180219,77.15,77.15,77.15,77.15,0
USPH,20180219,76.1,76.1,76.1,76.1,0
UTF,20180219,22.21,22.21,22.21,22.21,0
UTI,20180219,2.64,2.64,2.64,2.64,0
UTL,20180219,43.55,43.55,43.55,43.55,0
UTX,20180219,129.26,129.26,129.26,129.26,0
UVE,20180219,29.1,29.1,29.1,29.1,0
UVV,20180219,50.55,50.55,50.55,50.55,0
UZA,20180219,25.21,25.21,25.21,25.21,0
UZB,20180219,25.45,25.45,25.45,25.45,0
UZC,20180219,25.65,25.65,25.65,25.65,0
V,20180219,121.85,121.85,121.85,121.85,0
VAC,20180219,142.64,142.64,142.64,142.64,0
VALE,20180219,14.12,14.12,14.12,14.12,0
VAR,20180219,121.26,121.26,121.26,121.26,0
VBF,20180219,18.3,18.3,18.3,18.3,0
VCRA,20180219,26.35,26.35,26.35,26.35,0
VCV,20180219,11.88,11.88,11.88,11.88,0
VEC,20180219,28.13,28.13,28.13,28.13,0
VEDL,20180219,20.12,20.12,20.12,20.12,0
VEEV,20180219,59.76,59.76,59.76,59.76,0
VER,20180219,7,7,7,7,0
VER-F,20180219,24.79,24.79,24.79,24.79,0
VET,20180219,33.79,33.79,33.79,33.79,0
VFC,20180219,74.64,74.64,74.64,74.64,0
VGI,20180219,14.2,14.2,14.2,14.2,0
VGM,20180219,12.55,12.55,12.55,12.55,0
VGR,20180219,20.29,20.29,20.29,20.29,0
VHI,20180219,5.65,5.65,5.65,5.65,0
VICI,20180219,19.99,19.99,19.99,19.99,0
VIPS,20180219,18.1,18.1,18.1,18.1,0
VIV,20180219,16.45,16.45,16.45,16.45,0
VJET,20180219,4.53,4.53,4.53,4.53,0
VKQ,20180219,11.9,11.9,11.9,11.9,0
VLO,20180219,93.27,93.27,93.27,93.27,0
VLRS,20180219,8.68,8.68,8.68,8.68,0
VLT,20180219,14.04,14.04,14.04,14.04,0
VMC,20180219,126.57,126.57,126.57,126.57,0
VMI,20180219,158.8,158.8,158.8,158.8,0
VMO,20180219,11.85,11.85,11.85,11.85,0
VMW,20180219,124.55,124.55,124.55,124.55,0
VNCE,20180219,8.38,8.38,8.38,8.38,0
VNO,20180219,67.66,67.66,67.66,67.66,0
VNO-K,20180219,24.29,24.29,24.29,24.29,0
VNO-L,20180219,23.3,23.3,23.3,23.3,0
VNO-M,20180219,22.82,22.82,22.82,22.82,0
VNTR,20180219,21.74,21.74,21.74,21.74,0
VOC,20180219,5.17,5.17,5.17,5.17,0
VOYA,20180219,50.63,50.63,50.63,50.63,0
VPG,20180219,25.55,25.55,25.55,25.55,0
VPV,20180219,11.78,11.78,11.78,11.78,0
VRS,20180219,17.08,17.08,17.08,17.08,0
VRTV,20180219,24.4,24.4,24.4,24.4,0
VSH,20180219,17.9,17.9,17.9,17.9,0
VSLR,20180219,3.15,3.15,3.15,3.15,0
VST,20180219,18.83,18.83,18.83,18.83,0
VSTO,20180219,19.94,19.94,19.94,19.94,0
VTA,20180219,11.63,11.63,11.63,11.63,0
VTN,20180219,13.23,13.23,13.23,13.23,0
VTR,20180219,51.39,51.39,51.39,51.39,0
VVI,20180219,52.85,52.85,52.85,52.85,0
VVR,20180219,4.4,4.4,4.4,4.4,0
VVV,20180219,23.37,23.37,23.37,23.37,0
VZ,20180219,50.15,50.15,50.15,50.15,0
W,20180219,97.52,97.52,97.52,97.52,0
WAAS,20180219,15.04,15.04,15.04,15.04,0
WAB,20180219,77.27,77.27,77.27,77.27,0
WAL,20180219,61.16,61.16,61.16,61.16,0
WALA,20180219,25.39,25.39,25.39,25.39,0
WAT,20180219,206.18,206.18,206.18,206.18,0
WBAI,20180219,15.64,15.64,15.64,15.64,0
WBC,20180219,138.01,138.01,138.01,138.01,0
WBK,20180219,23.84,23.84,23.84,23.84,0
WBS,20180219,57.18,57.18,57.18,57.18,0
WBS-F,20180219,23.95,23.95,23.95,23.95,0
WBT,20180219,21.94,21.94,21.94,21.94,0
WCC,20180219,64,64,64,64,0
WCN,20180219,70.93,70.93,70.93,70.93,0
WD,20180219,51,51,51,51,0
WDR,20180219,21.2,21.2,21.2,21.2,0
WEA,20180219,12.93,12.93,12.93,12.93,0
WEC,20180219,61.92,61.92,61.92,61.92,0
WES,20180219,48.82,48.82,48.82,48.82,0
WEX,20180219,145.92,145.92,145.92,145.92,0
WF,20180219,47.28,47.28,47.28,47.28,0
WFC,20180219,59.95,59.95,59.95,59.95,0
WFC-L,20180219,1275,1275,1275,1275,0
WFC-N,20180219,24.12,24.12,24.12,24.12,0
WFC-O,20180219,24.05,24.05,24.05,24.05,0
WFC-P,20180219,24.18,24.18,24.18,24.18,0
WFC-Q,20180219,26.39,26.39,26.39,26.39,0
WFC-R,20180219,27.74,27.74,27.74,27.74,0
WFC-T,20180219,25.67,25.67,25.67,25.67,0
WFC-V,20180219,25.72,25.72,25.72,25.72,0
WFC-W,20180219,24.92,24.92,24.92,24.92,0
WFC-X,20180219,24.67,24.67,24.67,24.67,0
WFC-Y,20180219,24.96,24.96,24.96,24.96,0
WGO,20180219,42.7,42.7,42.7,42.7,0
WHD,20180219,24.57,24.57,24.57,24.57,0
WHG,20180219,57.6,57.6,57.6,57.6,0
WHR,20180219,172.7,172.7,172.7,172.7,0
WIA,20180219,11.58,11.58,11.58,11.58,0
WIT,20180219,4.185,4.185,4.185,4.185,0
WIW,20180219,11.45,11.45,11.45,11.45,0
WK,20180219,25.8,25.8,25.8,25.8,0
WLH,20180219,25.73,25.73,25.73,25.73,0
WLK,20180219,106.76,106.76,106.76,106.76,0
WLKP,20180219,23.1,23.1,23.1,23.1,0
WLL,20180219,23.33,23.33,23.33,23.33,0
WM,20180219,85.15,85.15,85.15,85.15,0
WMB,20180219,28.91,28.91,28.91,28.91,0
WMC,20180219,9.42,9.42,9.42,9.42,0
WMK,20180219,39.5,39.5,39.5,39.5,0
WMS,20180219,27,27,27,27,0
WMT,20180219,104.78,104.78,104.78,104.78,0
WNC,20180219,23.91,23.91,23.91,23.91,0
WNS,20180219,42.79,42.79,42.79,42.79,0
WOR,20180219,46.7,46.7,46.7,46.7,0
WOW,20180219,10.37,10.37,10.37,10.37,0
WPC,20180219,61.79,61.79,61.79,61.79,0
WPG,20180219,6.19,6.19,6.19,6.19,0
WPG-H,20180219,21.94,21.94,21.94,21.94,0
WPG-I,20180219,20.97,20.97,20.97,20.97,0
WPM,20180219,19.69,19.69,19.69,19.69,0
WPP,20180219,102.48,102.48,102.48,102.48,0
WPX,20180219,13.95,13.95,13.95,13.95,0
WRB,20180219,46.5533,46.5533,46.5533,46.5533,0
WRB-B,20180219,24.24,24.24,24.24,24.24,0
WRB-C,20180219,24.7,24.7,24.7,24.7,0
WRB-D,20180219,24.41,24.41,24.41,24.41,0
WRE,20180219,26.6,26.6,26.6,26.6,0
WRI,20180219,28.12,28.12,28.12,28.12,0
WRK,20180219,66.32,66.32,66.32,66.32,0
WSM,20180219,54.11,54.11,54.11,54.11,0
WSO,20180219,169.29,169.29,169.29,169.29,0
WSO.B,20180219,169.15,169.15,169.15,169.15,0
WSR,20180219,12.35,12.35,12.35,12.35,0
WST,20180219,87.45,87.45,87.45,87.45,0
WTI,20180219,3.89,3.89,3.89,3.89,0
WTM,20180219,822,822,822,822,0
WTS,20180219,77.15,77.15,77.15,77.15,0
WTTR,20180219,15.84,15.84,15.84,15.84,0
WU,20180219,20.26,20.26,20.26,20.26,0
WUBA,20180219,78.26,78.26,78.26,78.26,0
WWE,20180219,36.48,36.48,36.48,36.48,0
WWW,20180219,30.78,30.78,30.78,30.78,0
WY,20180219,35.18,35.18,35.18,35.18,0
X,20180219,44.75,44.75,44.75,44.75,0
XEC,20180219,98.73,98.73,98.73,98.73,0
XFLT,20180219,9.66,9.66,9.66,9.66,0
XHR,20180219,20.25,20.25,20.25,20.25,0
XIN,20180219,6.27,6.27,6.27,6.27,0
XOM,20180219,76.54,76.54,76.54,76.54,0
XPO,20180219,91.43,91.43,91.43,91.43,0
XRF,20180219,5.06,5.06,5.06,5.06,0
XRX,20180219,30.55,30.55,30.55,30.55,0
XYL,20180219,75.23,75.23,75.23,75.23,0
Y,20180219,595.88,595.88,595.88,595.88,0
YELP,20180219,41.73,41.73,41.73,41.73,0
YEXT,20180219,12.12,12.12,12.12,12.12,0
YPF,20180219,23.16,23.16,23.16,23.16,0
YRD,20180219,39.6,39.6,39.6,39.6,0
YUM,20180219,78.25,78.25,78.25,78.25,0
YUMC,20180219,40.44,40.44,40.44,40.44,0
ZAYO,20180219,37.31,37.31,37.31,37.31,0
ZBH,20180219,120.48,120.48,120.48,120.48,0
ZEN,20180219,42.38,42.38,42.38,42.38,0
ZNH,20180219,61.37,61.37,61.37,61.37,0
ZTO,20180219,15.5,15.5,15.5,15.5,0
ZTR,20180219,12.32,12.32,12.32,12.32,0
ZTS,20180219,79.73,79.73,79.73,79.73,0
ZYME,20180219,9.63,9.63,9.63,9.63,0
