A,20171225,67.35,67.35,67.35,67.35,0
AA,20171225,49.99,49.99,49.99,49.99,0
AAN,20171225,40.26,40.26,40.26,40.26,0
AAP,20171225,100.55,100.55,100.55,100.55,0
AAT,20171225,37.74,37.74,37.74,37.74,0
AB,20171225,25.4,25.4,25.4,25.4,0
ABB,20171225,26.6,26.6,26.6,26.6,0
ABBV,20171225,98.21,98.21,98.21,98.21,0
ABC,20171225,92.46,92.46,92.46,92.46,0
ABEV,20171225,6.27,6.27,6.27,6.27,0
ABG,20171225,64.45,64.45,64.45,64.45,0
ABM,20171225,38.23,38.23,38.23,38.23,0
ABR,20171225,8.64,8.64,8.64,8.64,0
ABR-A,20171225,25.3,25.3,25.3,25.3,0
ABR-B,20171225,25.32,25.32,25.32,25.32,0
ABR-C,20171225,25.91,25.91,25.91,25.91,0
ABT,20171225,56.93,56.93,56.93,56.93,0
AC,20171225,33.9,33.9,33.9,33.9,0
ACC,20171225,40.31,40.31,40.31,40.31,0
ACCO,20171225,12.6,12.6,12.6,12.6,0
ACH,20171225,17.84,17.84,17.84,17.84,0
ACM,20171225,37.28,37.28,37.28,37.28,0
ACN,20171225,153.89,153.89,153.89,153.89,0
ACP,20171225,14.01,14.01,14.01,14.01,0
ACRE,20171225,13.35,13.35,13.35,13.35,0
ACV,20171225,21.92,21.92,21.92,21.92,0
ADC,20171225,50.73,50.73,50.73,50.73,0
ADM,20171225,40.19,40.19,40.19,40.19,0
ADNT,20171225,79.69,79.69,79.69,79.69,0
ADS,20171225,251.99,251.99,251.99,251.99,0
ADSW,20171225,23.8,23.8,23.8,23.8,0
ADX,20171225,15.08,15.08,15.08,15.08,0
AEB,20171225,24.715,24.715,24.715,24.715,0
AEE,20171225,58.69,58.69,58.69,58.69,0
AEG,20171225,6.23,6.23,6.23,6.23,0
AEL,20171225,32.13,32.13,32.13,32.13,0
AEM,20171225,45.32,45.32,45.32,45.32,0
AEO,20171225,18.85,18.85,18.85,18.85,0
AEP,20171225,73.65,73.65,73.65,73.65,0
AER,20171225,53.06,53.06,53.06,53.06,0
AES,20171225,10.71,10.71,10.71,10.71,0
AFB,20171225,13.33,13.33,13.33,13.33,0
AFC,20171225,25.89,25.89,25.89,25.89,0
AFG,20171225,108.36,108.36,108.36,108.36,0
AFGH,20171225,26.37,26.37,26.37,26.37,0
AFI,20171225,17.08,17.08,17.08,17.08,0
AFL,20171225,43.605,43.605,43.605,43.605,0
AFT,20171225,16.19,16.19,16.19,16.19,0
AG,20171225,6.93,6.93,6.93,6.93,0
AGCO,20171225,72.94,72.94,72.94,72.94,0
AGD,20171225,11,11,11,11,0
AGI,20171225,6.63,6.63,6.63,6.63,0
AGM,20171225,80.27,80.27,80.27,80.27,0
AGM-A,20171225,25.3,25.3,25.3,25.3,0
AGM-C,20171225,27.785,27.785,27.785,27.785,0
AGM.A,20171225,75.8,75.8,75.8,75.8,0
AGN,20171225,164.9,164.9,164.9,164.9,0
AGO,20171225,34.51,34.51,34.51,34.51,0
AGO-B,20171225,25.96,25.96,25.96,25.96,0
AGO-E,20171225,26.18,26.18,26.18,26.18,0
AGO-F,20171225,25.25,25.25,25.25,25.25,0
AGR,20171225,50.98,50.98,50.98,50.98,0
AGRO,20171225,10.19,10.19,10.19,10.19,0
AGX,20171225,45.55,45.55,45.55,45.55,0
AHC,20171225,4.9,4.9,4.9,4.9,0
AHH,20171225,15.49,15.49,15.49,15.49,0
AHL-C,20171225,27.2,27.2,27.2,27.2,0
AHL-D,20171225,25.87,25.87,25.87,25.87,0
AHT,20171225,6.76,6.76,6.76,6.76,0
AHT-D,20171225,25.61,25.61,25.61,25.61,0
AHT-F,20171225,25.1,25.1,25.1,25.1,0
AHT-G,20171225,25.18,25.18,25.18,25.18,0
AHT-H,20171225,25.21,25.21,25.21,25.21,0
AHT-I,20171225,24.95,24.95,24.95,24.95,0
AI,20171225,12.48,12.48,12.48,12.48,0
AI-B,20171225,24.9,24.9,24.9,24.9,0
AIC,20171225,24.27,24.27,24.27,24.27,0
AIF,20171225,15.61,15.61,15.61,15.61,0
AIG,20171225,59.31,59.31,59.31,59.31,0
AIG.W,20171225,17.87,17.87,17.87,17.87,0
AIN,20171225,61.4,61.4,61.4,61.4,0
AIR,20171225,40.21,40.21,40.21,40.21,0
AIT,20171225,64.35,64.35,64.35,64.35,0
AIV,20171225,43.19,43.19,43.19,43.19,0
AIW,20171225,24.525,24.525,24.525,24.525,0
AIZ,20171225,101.03,101.03,101.03,101.03,0
AJG,20171225,62.6,62.6,62.6,62.6,0
AJRD,20171225,32.2,32.2,32.2,32.2,0
AJX,20171225,13.9,13.9,13.9,13.9,0
AJXA,20171225,25.49,25.49,25.49,25.49,0
AKO.A,20171225,26.82,26.82,26.82,26.82,0
AKO.B,20171225,29.23,29.23,29.23,29.23,0
AKR,20171225,27.38,27.38,27.38,27.38,0
AKS,20171225,5.71,5.71,5.71,5.71,0
AL,20171225,47.82,47.82,47.82,47.82,0
ALB,20171225,129.29,129.29,129.29,129.29,0
ALE,20171225,73.45,73.45,73.45,73.45,0
ALEX,20171225,27.87,27.87,27.87,27.87,0
ALG,20171225,115.35,115.35,115.35,115.35,0
ALK,20171225,74.28,74.28,74.28,74.28,0
ALL,20171225,104.11,104.11,104.11,104.11,0
ALL-B,20171225,27.08,27.08,27.08,27.08,0
ALL-Y,20171225,26.06,26.06,26.06,26.06,0
ALLE,20171225,80.34,80.34,80.34,80.34,0
ALLY,20171225,29.25,29.25,29.25,29.25,0
ALP-Q,20171225,26.29,26.29,26.29,26.29,0
ALSN,20171225,43.15,43.15,43.15,43.15,0
ALV,20171225,91.9584,91.9584,91.9584,91.9584,0
ALX,20171225,393.76,393.76,393.76,393.76,0
AM,20171225,29.18,29.18,29.18,29.18,0
AMC,20171225,14.9,14.9,14.9,14.9,0
AME,20171225,72.6,72.6,72.6,72.6,0
AMG,20171225,204.2,204.2,204.2,204.2,0
AMH,20171225,21.78,21.78,21.78,21.78,0
AMH-D,20171225,27.13,27.13,27.13,27.13,0
AMH-E,20171225,26.62,26.62,26.62,26.62,0
AMH-F,20171225,25.52,25.52,25.52,25.52,0
AMH-G,20171225,25.14,25.14,25.14,25.14,0
AMN,20171225,48.5,48.5,48.5,48.5,0
AMOV,20171225,16.78,16.78,16.78,16.78,0
AMP,20171225,171.51,171.51,171.51,171.51,0
AMRC,20171225,8.45,8.45,8.45,8.45,0
AMT,20171225,140.66,140.66,140.66,140.66,0
AMX,20171225,16.96,16.96,16.96,16.96,0
AN,20171225,51.54,51.54,51.54,51.54,0
ANET,20171225,236.55,236.55,236.55,236.55,0
ANF,20171225,18.19,18.19,18.19,18.19,0
ANH,20171225,5.56,5.56,5.56,5.56,0
ANH-A,20171225,26.64,26.64,26.64,26.64,0
ANH-B,20171225,27.805,27.805,27.805,27.805,0
ANH-C,20171225,25.435,25.435,25.435,25.435,0
ANTM,20171225,225.6,225.6,225.6,225.6,0
AOD,20171225,9.43,9.43,9.43,9.43,0
AON,20171225,133.35,133.35,133.35,133.35,0
AOS,20171225,61.26,61.26,61.26,61.26,0
AP,20171225,13.1,13.1,13.1,13.1,0
APA,20171225,42.91,42.91,42.91,42.91,0
APAM,20171225,39.7,39.7,39.7,39.7,0
APD,20171225,163.42,163.42,163.42,163.42,0
APH,20171225,88.14,88.14,88.14,88.14,0
APLE,20171225,19.65,19.65,19.65,19.65,0
APO,20171225,34.01,34.01,34.01,34.01,0
APO-A,20171225,26.27,26.27,26.27,26.27,0
APRN,20171225,60.6,60.6,60.6,60.6,0
APTS,20171225,20.21,20.21,20.21,20.21,0
APTV,20171225,84.79,84.79,84.79,84.79,0
AQN,20171225,11.05,11.05,11.05,11.05,0
AQUA,20171225,23.15,23.15,23.15,23.15,0
AR,20171225,18.59,18.59,18.59,18.59,0
ARA,20171225,17.05,17.05,17.05,17.05,0
ARC,20171225,2.65,2.65,2.65,2.65,0
ARCH,20171225,91.13,91.13,91.13,91.13,0
ARCO,20171225,10.2,10.2,10.2,10.2,0
ARD,20171225,20.56,20.56,20.56,20.56,0
ARDC,20171225,16.27,16.27,16.27,16.27,0
ARE,20171225,129.46,129.46,129.46,129.46,0
ARE-A,20171225,26.4,26.4,26.4,26.4,0
ARES,20171225,19.05,19.05,19.05,19.05,0
ARI,20171225,18.89,18.89,18.89,18.89,0
ARL,20171225,13.5,13.5,13.5,13.5,0
ARMK,20171225,42.8,42.8,42.8,42.8,0
ARNC,20171225,26.83,26.83,26.83,26.83,0
AROC,20171225,10.4,10.4,10.4,10.4,0
ARR,20171225,25.42,25.42,25.42,25.42,0
ARR-B,20171225,25,25,25,25,0
ARW,20171225,80.4,80.4,80.4,80.4,0
ASA,20171225,11.24,11.24,11.24,11.24,0
ASB,20171225,26,26,26,26,0
ASB-C,20171225,26.62,26.62,26.62,26.62,0
ASB-D,20171225,25.85,25.85,25.85,25.85,0
ASC,20171225,8,8,8,8,0
ASG,20171225,5.53,5.53,5.53,5.53,0
ASGN,20171225,63.79,63.79,63.79,63.79,0
ASH,20171225,71.47,71.47,71.47,71.47,0
ASIX,20171225,42.81,42.81,42.81,42.81,0
ASPN,20171225,4.89,4.89,4.89,4.89,0
ASR,20171225,179.21,179.21,179.21,179.21,0
ASX,20171225,6.47,6.47,6.47,6.47,0
AT,20171225,2.35,2.35,2.35,2.35,0
ATEN,20171225,7.63,7.63,7.63,7.63,0
ATGE,20171225,44.05,44.05,44.05,44.05,0
ATH,20171225,51.82,51.82,51.82,51.82,0
ATHM,20171225,64.97,64.97,64.97,64.97,0
ATI,20171225,24.62,24.62,24.62,24.62,0
ATKR,20171225,21.07,21.07,21.07,21.07,0
ATO,20171225,85.09,85.09,85.09,85.09,0
ATR,20171225,85.9,85.9,85.9,85.9,0
ATTO,20171225,9.9,9.9,9.9,9.9,0
ATUS,20171225,21.01,21.01,21.01,21.01,0
ATV,20171225,17.04,17.04,17.04,17.04,0
AU,20171225,9.81,9.81,9.81,9.81,0
AUY,20171225,2.99,2.99,2.99,2.99,0
AVA,20171225,51.51,51.51,51.51,51.51,0
AVAL,20171225,8.69,8.69,8.69,8.69,0
AVB,20171225,178.12,178.12,178.12,178.12,0
AVD,20171225,19.6,19.6,19.6,19.6,0
AVH,20171225,8.05,8.05,8.05,8.05,0
AVK,20171225,15.87,15.87,15.87,15.87,0
AVX,20171225,17.58,17.58,17.58,17.58,0
AVY,20171225,114.17,114.17,114.17,114.17,0
AWF,20171225,12.75,12.75,12.75,12.75,0
AWI,20171225,60.2,60.2,60.2,60.2,0
AWK,20171225,90.51,90.51,90.51,90.51,0
AWP,20171225,6.66,6.66,6.66,6.66,0
AWR,20171225,56.1,56.1,56.1,56.1,0
AXE,20171225,74.8,74.8,74.8,74.8,0
AXL,20171225,17.24,17.24,17.24,17.24,0
AXP,20171225,98.74,98.74,98.74,98.74,0
AXR,20171225,6.99,6.99,6.99,6.99,0
AXS,20171225,50.06,50.06,50.06,50.06,0
AXS-E,20171225,25.74,25.74,25.74,25.74,0
AXTA,20171225,31.99,31.99,31.99,31.99,0
AYI,20171225,172.18,172.18,172.18,172.18,0
AYR,20171225,23.62,23.62,23.62,23.62,0
AYX,20171225,25.62,25.62,25.62,25.62,0
AZN,20171225,33.61,33.61,33.61,33.61,0
AZO,20171225,710.09,710.09,710.09,710.09,0
AZRE,20171225,13.25,13.25,13.25,13.25,0
AZUL,20171225,23.9,23.9,23.9,23.9,0
AZZ,20171225,51.4,51.4,51.4,51.4,0
B,20171225,63.14,63.14,63.14,63.14,0
BA,20171225,295.1,295.1,295.1,295.1,0
BABA,20171225,176.29,176.29,176.29,176.29,0
BAC,20171225,29.88,29.88,29.88,29.88,0
BAC-A,20171225,27.09,27.09,27.09,27.09,0
BAC-C,20171225,27.37,27.37,27.37,27.37,0
BAC-E,20171225,23.5,23.5,23.5,23.5,0
BAC-L,20171225,1324,1324,1324,1324,0
BAF,20171225,14.81,14.81,14.81,14.81,0
BAH,20171225,38.72,38.72,38.72,38.72,0
BAK,20171225,26.25,26.25,26.25,26.25,0
BAM,20171225,42.91,42.91,42.91,42.91,0
BAN-D,20171225,26.39,26.39,26.39,26.39,0
BAN-E,20171225,26.08,26.08,26.08,26.08,0
BANC,20171225,21.25,21.25,21.25,21.25,0
BAP,20171225,206.84,206.84,206.84,206.84,0
BAX,20171225,64.72,64.72,64.72,64.72,0
BB,20171225,11.6,11.6,11.6,11.6,0
BBD,20171225,8.475,8.475,8.475,8.475,0
BBDO,20171225,7.7,7.7,7.7,7.7,0
BBF,20171225,13.95,13.95,13.95,13.95,0
BBK,20171225,14.98,14.98,14.98,14.98,0
BBL,20171225,39.38,39.38,39.38,39.38,0
BBN,20171225,22.86,22.86,22.86,22.86,0
BBU,20171225,34,34,34,34,0
BBVA,20171225,8.6,8.6,8.6,8.6,0
BBW,20171225,9.9,9.9,9.9,9.9,0
BBX,20171225,7.91,7.91,7.91,7.91,0
BBY,20171225,67.11,67.11,67.11,67.11,0
BC,20171225,55.74,55.74,55.74,55.74,0
BCC,20171225,40.2,40.2,40.2,40.2,0
BCE,20171225,47.47,47.47,47.47,47.47,0
BCEI,20171225,30.06,30.06,30.06,30.06,0
BCH,20171225,31.2133,31.2133,31.2133,31.2133,0
BCO,20171225,80.95,80.95,80.95,80.95,0
BCRH,20171225,12.3,12.3,12.3,12.3,0
BCS,20171225,10.85,10.85,10.85,10.85,0
BCX,20171225,9.55,9.55,9.55,9.55,0
BDC,20171225,80.25,80.25,80.25,80.25,0
BDJ,20171225,9.15,9.15,9.15,9.15,0
BDN,20171225,18.15,18.15,18.15,18.15,0
BDX,20171225,217.23,217.23,217.23,217.23,0
BDXA,20171225,58.88,58.88,58.88,58.88,0
BEDU,20171225,18.49,18.49,18.49,18.49,0
BEN,20171225,43.91,43.91,43.91,43.91,0
BEP,20171225,34.13,34.13,34.13,34.13,0
BERY,20171225,59.25,59.25,59.25,59.25,0
BF.A,20171225,53.464,53.464,53.464,53.464,0
BF.B,20171225,54.232,54.232,54.232,54.232,0
BFAM,20171225,94.48,94.48,94.48,94.48,0
BFK,20171225,14.04,14.04,14.04,14.04,0
BFO,20171225,14.55,14.55,14.55,14.55,0
BFS,20171225,61.1,61.1,61.1,61.1,0
BFZ,20171225,13.825,13.825,13.825,13.825,0
BG,20171225,66.74,66.74,66.74,66.74,0
BGB,20171225,15.81,15.81,15.81,15.81,0
BGG,20171225,25.58,25.58,25.58,25.58,0
BGH,20171225,19.33,19.33,19.33,19.33,0
BGIO,20171225,9.69,9.69,9.69,9.69,0
BGR,20171225,14.05,14.05,14.05,14.05,0
BGS,20171225,36.8,36.8,36.8,36.8,0
BGT,20171225,13.83,13.83,13.83,13.83,0
BGX,20171225,15.86,15.86,15.86,15.86,0
BGY,20171225,6.53,6.53,6.53,6.53,0
BH,20171225,418.73,418.73,418.73,418.73,0
BHE,20171225,29.6,29.6,29.6,29.6,0
BHK,20171225,13.88,13.88,13.88,13.88,0
BHLB,20171225,37.35,37.35,37.35,37.35,0
BHP,20171225,45,45,45,45,0
BHVN,20171225,28.1,28.1,28.1,28.1,0
BIF,20171225,11,11,11,11,0
BIG,20171225,55.55,55.55,55.55,55.55,0
BIO,20171225,244.19,244.19,244.19,244.19,0
BIO.B,20171225,255.25,255.25,255.25,255.25,0
BIP,20171225,43.9,43.9,43.9,43.9,0
BIT,20171225,18.28,18.28,18.28,18.28,0
BITA,20171225,31.66,31.66,31.66,31.66,0
BK,20171225,54,54,54,54,0
BK-C,20171225,25.15,25.15,25.15,25.15,0
BKD,20171225,9.78,9.78,9.78,9.78,0
BKE,20171225,23.9,23.9,23.9,23.9,0
BKH,20171225,59.02,59.02,59.02,59.02,0
BKI,20171225,44.25,44.25,44.25,44.25,0
BKK,20171225,14.99,14.99,14.99,14.99,0
BKN,20171225,14.67,14.67,14.67,14.67,0
BKT,20171225,6.11,6.11,6.11,6.11,0
BKU,20171225,40.89,40.89,40.89,40.89,0
BLD,20171225,73.97,73.97,73.97,73.97,0
BLK,20171225,512.12,512.12,512.12,512.12,0
BLL,20171225,37.97,37.97,37.97,37.97,0
BLW,20171225,15.86,15.86,15.86,15.86,0
BLX,20171225,27.65,27.65,27.65,27.65,0
BMA,20171225,117.11,117.11,117.11,117.11,0
BME,20171225,36.265,36.265,36.265,36.265,0
BMI,20171225,47.6,47.6,47.6,47.6,0
BML-G,20171225,21.41,21.41,21.41,21.41,0
BML-H,20171225,21.43,21.43,21.43,21.43,0
BML-J,20171225,23.47,23.47,23.47,23.47,0
BML-L,20171225,22.94,22.94,22.94,22.94,0
BMO,20171225,79.22,79.22,79.22,79.22,0
BMY,20171225,60.96,60.96,60.96,60.96,0
BNED,20171225,8.43,8.43,8.43,8.43,0
BNS,20171225,64.7,64.7,64.7,64.7,0
BNY,20171225,14.23,14.23,14.23,14.23,0
BOE,20171225,12.48,12.48,12.48,12.48,0
BOH,20171225,87.54,87.54,87.54,87.54,0
BOOT,20171225,16.74,16.74,16.74,16.74,0
BOX,20171225,20.64,20.64,20.64,20.64,0
BP,20171225,41.29,41.29,41.29,41.29,0
BPMP,20171225,18.99,18.99,18.99,18.99,0
BPT,20171225,20.2,20.2,20.2,20.2,0
BQH,20171225,14.51,14.51,14.51,14.51,0
BR,20171225,90.95,90.95,90.95,90.95,0
BRC,20171225,38.1,38.1,38.1,38.1,0
BRFS,20171225,10.86,10.86,10.86,10.86,0
BRK.A,20171225,296400.3,296400.3,296400.3,296400.3,0
BRK.B,20171225,197.92,197.92,197.92,197.92,0
BRO,20171225,25.555,25.555,25.555,25.555,0
BRT,20171225,11.34,11.34,11.34,11.34,0
BRX,20171225,18.16,18.16,18.16,18.16,0
BSAC,20171225,31.08,31.08,31.08,31.08,0
BSBR,20171225,9.46,9.46,9.46,9.46,0
BSD,20171225,13.67,13.67,13.67,13.67,0
BSE,20171225,13.11,13.11,13.11,13.11,0
BSL,20171225,17.44,17.44,17.44,17.44,0
BSM,20171225,18.17,18.17,18.17,18.17,0
BSMX,20171225,7.14,7.14,7.14,7.14,0
BST,20171225,27.01,27.01,27.01,27.01,0
BSX,20171225,25.1,25.1,25.1,25.1,0
BTA,20171225,11.91,11.91,11.91,11.91,0
BTE,20171225,2.79,2.79,2.79,2.79,0
BTI,20171225,66.6,66.6,66.6,66.6,0
BTO,20171225,39.25,39.25,39.25,39.25,0
BTT,20171225,22.18,22.18,22.18,22.18,0
BTU,20171225,38.45,38.45,38.45,38.45,0
BTZ,20171225,13.27,13.27,13.27,13.27,0
BUD,20171225,111.56,111.56,111.56,111.56,0
BUI,20171225,21.33,21.33,21.33,21.33,0
BURL,20171225,120.11,120.11,120.11,120.11,0
BVN,20171225,13.7,13.7,13.7,13.7,0
BW,20171225,57.4,57.4,57.4,57.4,0
BWA,20171225,51.71,51.71,51.71,51.71,0
BWG,20171225,12.65,12.65,12.65,12.65,0
BWXT,20171225,60.83,60.83,60.83,60.83,0
BX,20171225,32.76,32.76,32.76,32.76,0
BXC,20171225,9.88,9.88,9.88,9.88,0
BXG,20171225,16.28,16.28,16.28,16.28,0
BXMT,20171225,32.68,32.68,32.68,32.68,0
BXMX,20171225,14.13,14.13,14.13,14.13,0
BXP,20171225,127.34,127.34,127.34,127.34,0
BXP-B,20171225,25.4,25.4,25.4,25.4,0
BXS,20171225,32.75,32.75,32.75,32.75,0
BY,20171225,21.58,21.58,21.58,21.58,0
BYD,20171225,35.26,35.26,35.26,35.26,0
BYM,20171225,14,14,14,14,0
BZH,20171225,18.94,18.94,18.94,18.94,0
C,20171225,75.49,75.49,75.49,75.49,0
C-J,20171225,29.09,29.09,29.09,29.09,0
C-K,20171225,28.64,28.64,28.64,28.64,0
C-N,20171225,27.52,27.52,27.52,27.52,0
C-S,20171225,26.97,26.97,26.97,26.97,0
CABO,20171225,695.64,695.64,695.64,695.64,0
CACI,20171225,134.1,134.1,134.1,134.1,0
CADE,20171225,26.96,26.96,26.96,26.96,0
CAE,20171225,18.46,18.46,18.46,18.46,0
CAF,20171225,22.97,22.97,22.97,22.97,0
CAG,20171225,38.08,38.08,38.08,38.08,0
CAH,20171225,62.49,62.49,62.49,62.49,0
CAI,20171225,29.06,29.06,29.06,29.06,0
CAJ,20171225,38.46,38.46,38.46,38.46,0
CAL,20171225,33.23,33.23,33.23,33.23,0
CALX,20171225,6.4,6.4,6.4,6.4,0
CAPL,20171225,23.85,23.85,23.85,23.85,0
CARS,20171225,29.56,29.56,29.56,29.56,0
CAT,20171225,155.75,155.75,155.75,155.75,0
CATO,20171225,15.97,15.97,15.97,15.97,0
CB,20171225,145.2,145.2,145.2,145.2,0
CBB,20171225,21.15,21.15,21.15,21.15,0
CBB-B,20171225,50.76,50.76,50.76,50.76,0
CBD,20171225,22.14,22.14,22.14,22.14,0
CBH,20171225,9.09,9.09,9.09,9.09,0
CBL,20171225,5.74,5.74,5.74,5.74,0
CBL-D,20171225,21.9,21.9,21.9,21.9,0
CBL-E,20171225,21.8,21.8,21.8,21.8,0
CBT,20171225,62.31,62.31,62.31,62.31,0
CBU,20171225,54.75,54.75,54.75,54.75,0
CBZ,20171225,15.35,15.35,15.35,15.35,0
CC,20171225,49.02,49.02,49.02,49.02,0
CCC,20171225,21.4,21.4,21.4,21.4,0
CCI,20171225,108.55,108.55,108.55,108.55,0
CCI-A,20171225,1110.25,1110.25,1110.25,1110.25,0
CCJ,20171225,9.42,9.42,9.42,9.42,0
CCK,20171225,56.15,56.15,56.15,56.15,0
CCL,20171225,66.35,66.35,66.35,66.35,0
CCM,20171225,3.48,3.48,3.48,3.48,0
CCO,20171225,4.55,4.55,4.55,4.55,0
CCR,20171225,15.3,15.3,15.3,15.3,0
CCS,20171225,30.15,30.15,30.15,30.15,0
CCU,20171225,29.15,29.15,29.15,29.15,0
CCZ,20171225,60.62,60.62,60.62,60.62,0
CDE,20171225,7.47,7.47,7.47,7.47,0
CDR,20171225,6.05,6.05,6.05,6.05,0
CDR-B,20171225,25.32,25.32,25.32,25.32,0
CDR-C,20171225,24.67,24.67,24.67,24.67,0
CE,20171225,106.54,106.54,106.54,106.54,0
CEA,20171225,35.4,35.4,35.4,35.4,0
CEE,20171225,24.5,24.5,24.5,24.5,0
CEIX,20171225,35.98,35.98,35.98,35.98,0
CEL,20171225,10.2,10.2,10.2,10.2,0
CELP,20171225,5.7,5.7,5.7,5.7,0
CEM,20171225,14.28,14.28,14.28,14.28,0
CEN,20171225,9.68,9.68,9.68,9.68,0
CEO,20171225,142.21,142.21,142.21,142.21,0
CEQP,20171225,25.3,25.3,25.3,25.3,0
CF,20171225,41.71,41.71,41.71,41.71,0
CFG,20171225,42.63,42.63,42.63,42.63,0
CFR,20171225,96.45,96.45,96.45,96.45,0
CFR-A,20171225,25.09,25.09,25.09,25.09,0
CFX,20171225,38.85,38.85,38.85,38.85,0
CGA,20171225,1.26,1.26,1.26,1.26,0
CHA,20171225,48.06,48.06,48.06,48.06,0
CHCT,20171225,28.42,28.42,28.42,28.42,0
CHD,20171225,50.05,50.05,50.05,50.05,0
CHE,20171225,242.41,242.41,242.41,242.41,0
CHGG,20171225,16.29,16.29,16.29,16.29,0
CHH,20171225,77.45,77.45,77.45,77.45,0
CHK,20171225,3.85,3.85,3.85,3.85,0
CHK-D,20171225,50.31,50.31,50.31,50.31,0
CHKR,20171225,1.8,1.8,1.8,1.8,0
CHL,20171225,49.76,49.76,49.76,49.76,0
CHM-A,20171225,25.74,25.74,25.74,25.74,0
CHMI,20171225,18.42,18.42,18.42,18.42,0
CHN,20171225,21.37,21.37,21.37,21.37,0
CHS,20171225,8.78,8.78,8.78,8.78,0
CHT,20171225,35.26,35.26,35.26,35.26,0
CHU,20171225,13.51,13.51,13.51,13.51,0
CI,20171225,203.39,203.39,203.39,203.39,0
CIA,20171225,7.48,7.48,7.48,7.48,0
CIB,20171225,39.63,39.63,39.63,39.63,0
CIEN,20171225,21.69,21.69,21.69,21.69,0
CIF,20171225,2.86,2.86,2.86,2.86,0
CIG,20171225,1.96,1.96,1.96,1.96,0
CIG.C,20171225,2.03,2.03,2.03,2.03,0
CII,20171225,16.41,16.41,16.41,16.41,0
CIM,20171225,19.09,19.09,19.09,19.09,0
CIM-A,20171225,25.6,25.6,25.6,25.6,0
CIM-B,20171225,25.75,25.75,25.75,25.75,0
CINR,20171225,25.35,25.35,25.35,25.35,0
CIO,20171225,12.87,12.87,12.87,12.87,0
CIO-A,20171225,25.2,25.2,25.2,25.2,0
CIR,20171225,48.18,48.18,48.18,48.18,0
CIT,20171225,50.35,50.35,50.35,50.35,0
CKH,20171225,47.07,47.07,47.07,47.07,0
CL,20171225,75.15,75.15,75.15,75.15,0
CLB,20171225,106.88,106.88,106.88,106.88,0
CLDR,20171225,17.43,17.43,17.43,17.43,0
CLDT,20171225,22.91,22.91,22.91,22.91,0
CLF,20171225,7.28,7.28,7.28,7.28,0
CLGX,20171225,47.04,47.04,47.04,47.04,0
CLH,20171225,53.8,53.8,53.8,53.8,0
CLI,20171225,21.61,21.61,21.61,21.61,0
CLN-G,20171225,25.52,25.52,25.52,25.52,0
CLN-H,20171225,25.46,25.46,25.46,25.46,0
CLN-I,20171225,25.5,25.5,25.5,25.5,0
CLN-J,20171225,25.4,25.4,25.4,25.4,0
CLPR,20171225,9.9,9.9,9.9,9.9,0
CLR,20171225,51.9,51.9,51.9,51.9,0
CLS,20171225,10.54,10.54,10.54,10.54,0
CLW,20171225,45.9,45.9,45.9,45.9,0
CLX,20171225,149.52,149.52,149.52,149.52,0
CM,20171225,96.77,96.77,96.77,96.77,0
CMA,20171225,87.74,87.74,87.74,87.74,0
CMC,20171225,21.16,21.16,21.16,21.16,0
CMCM,20171225,10.49,10.49,10.49,10.49,0
CMD,20171225,101.48,101.48,101.48,101.48,0
CMG,20171225,295.23,295.23,295.23,295.23,0
CMI,20171225,175.76,175.76,175.76,175.76,0
CMO,20171225,8.93,8.93,8.93,8.93,0
CMO-E,20171225,25.65,25.65,25.65,25.65,0
CMP,20171225,69,69,69,69,0
CMR-B,20171225,25.025,25.025,25.025,25.025,0
CMR-C,20171225,25.6,25.6,25.6,25.6,0
CMR-D,20171225,25.89,25.89,25.89,25.89,0
CMRE,20171225,5.86,5.86,5.86,5.86,0
CMS,20171225,47.35,47.35,47.35,47.35,0
CMS-B,20171225,103.8,103.8,103.8,103.8,0
CMU,20171225,4.64,4.64,4.64,4.64,0
CNA,20171225,52.16,52.16,52.16,52.16,0
CNC,20171225,51.08,51.08,51.08,51.08,0
CNHI,20171225,13.55,13.55,13.55,13.55,0
CNI,20171225,81.72,81.72,81.72,81.72,0
CNK,20171225,35.94,35.94,35.94,35.94,0
CNNE,20171225,17.02,17.02,17.02,17.02,0
CNO,20171225,24.87,24.87,24.87,24.87,0
CNP,20171225,28.07,28.07,28.07,28.07,0
CNQ,20171225,34.75,34.75,34.75,34.75,0
CNS,20171225,47.18,47.18,47.18,47.18,0
CNX,20171225,14.61,14.61,14.61,14.61,0
CO,20171225,9.99,9.99,9.99,9.99,0
COD-A,20171225,24.6,24.6,24.6,24.6,0
CODI,20171225,16.95,16.95,16.95,16.95,0
COE,20171225,12.6,12.6,12.6,12.6,0
COF,20171225,100.5,100.5,100.5,100.5,0
COF-F,20171225,27.12,27.12,27.12,27.12,0
COF-G,20171225,25.19,25.19,25.19,25.19,0
COF-H,20171225,26.89,26.89,26.89,26.89,0
COF-P,20171225,25.31,25.31,25.31,25.31,0
COG,20171225,27.59,27.59,27.59,27.59,0
COO,20171225,219.8,219.8,219.8,219.8,0
COP,20171225,55.5,55.5,55.5,55.5,0
COR,20171225,113.9,113.9,113.9,113.9,0
COR-Z,20171225,25.5,25.5,25.5,25.5,0
CORR,20171225,37.78,37.78,37.78,37.78,0
COT,20171225,16.57,16.57,16.57,16.57,0
COTY,20171225,19.93,19.93,19.93,19.93,0
CP,20171225,182.19,182.19,182.19,182.19,0
CPA,20171225,135.2,135.2,135.2,135.2,0
CPAC,20171225,12.01,12.01,12.01,12.01,0
CPB,20171225,48.77,48.77,48.77,48.77,0
CPE,20171225,11.83,11.83,11.83,11.83,0
CPF,20171225,30.5,30.5,30.5,30.5,0
CPG,20171225,7.2,7.2,7.2,7.2,0
CPK,20171225,76.8,76.8,76.8,76.8,0
CPS,20171225,122.06,122.06,122.06,122.06,0
CPT,20171225,90.91,90.91,90.91,90.91,0
CR,20171225,89.07,89.07,89.07,89.07,0
CRC,20171225,17.08,17.08,17.08,17.08,0
CRCM,20171225,18.62,18.62,18.62,18.62,0
CRD.A,20171225,8.33,8.33,8.33,8.33,0
CRD.B,20171225,9.75,9.75,9.75,9.75,0
CRH,20171225,35.67,35.67,35.67,35.67,0
CRI,20171225,115.54,115.54,115.54,115.54,0
CRK,20171225,7.59,7.59,7.59,7.59,0
CRL,20171225,108.51,108.51,108.51,108.51,0
CRM,20171225,102.63,102.63,102.63,102.63,0
CRS,20171225,51.63,51.63,51.63,51.63,0
CRT,20171225,14.66,14.66,14.66,14.66,0
CRY,20171225,19.4,19.4,19.4,19.4,0
CS,20171225,17.96,17.96,17.96,17.96,0
CSL,20171225,113.51,113.51,113.51,113.51,0
CSLT,20171225,3.95,3.95,3.95,3.95,0
CSS,20171225,28.59,28.59,28.59,28.59,0
CSTM,20171225,10.8,10.8,10.8,10.8,0
CSU,20171225,13.77,13.77,13.77,13.77,0
CSV,20171225,25.75,25.75,25.75,25.75,0
CTAA,20171225,25,25,25,25,0
CTB,20171225,35.7,35.7,35.7,35.7,0
CTBB,20171225,23,23,23,23,0
CTDD,20171225,23.23,23.23,23.23,23.23,0
CTL,20171225,17.24,17.24,17.24,17.24,0
CTLT,20171225,41.46,41.46,41.46,41.46,0
CTR,20171225,11.42,11.42,11.42,11.42,0
CTS,20171225,26.6,26.6,26.6,26.6,0
CTT,20171225,13.09,13.09,13.09,13.09,0
CTV,20171225,24.38,24.38,24.38,24.38,0
CTY,20171225,22.45,22.45,22.45,22.45,0
CTZ,20171225,23.12,23.12,23.12,23.12,0
CUB,20171225,58.85,58.85,58.85,58.85,0
CUB-C,20171225,26.7,26.7,26.7,26.7,0
CUB-D,20171225,26.68,26.68,26.68,26.68,0
CUB-E,20171225,26.6,26.6,26.6,26.6,0
CUB-F,20171225,26.26,26.26,26.26,26.26,0
CUBE,20171225,28.47,28.47,28.47,28.47,0
CUBI,20171225,26.57,26.57,26.57,26.57,0
CUK,20171225,66.06,66.06,66.06,66.06,0
CULP,20171225,33,33,33,33,0
CURO,20171225,14.04,14.04,14.04,14.04,0
CUZ,20171225,36.72,36.72,36.72,36.72,0
CVA,20171225,17.15,17.15,17.15,17.15,0
CVE,20171225,8.78,8.78,8.78,8.78,0
CVEO,20171225,2.33,2.33,2.33,2.33,0
CVI,20171225,36.77,36.77,36.77,36.77,0
CVNA,20171225,21.25,21.25,21.25,21.25,0
CVS,20171225,73.41,73.41,73.41,73.41,0
CVX,20171225,124.98,124.98,124.98,124.98,0
CW,20171225,122.95,122.95,122.95,122.95,0
CWH,20171225,46.06,46.06,46.06,46.06,0
CWT,20171225,43.85,43.85,43.85,43.85,0
CX,20171225,7.45,7.45,7.45,7.45,0
CXE,20171225,5.31,5.31,5.31,5.31,0
CXH,20171225,9.67,9.67,9.67,9.67,0
CXO,20171225,151.77,151.77,151.77,151.77,0
CXP,20171225,22.6,22.6,22.6,22.6,0
CXW,20171225,22.36,22.36,22.36,22.36,0
CYD,20171225,25.58,25.58,25.58,25.58,0
CYH,20171225,4.04,4.04,4.04,4.04,0
CZZ,20171225,9.79,9.79,9.79,9.79,0
D,20171225,80.44,80.44,80.44,80.44,0
DAC,20171225,21,21,21,21,0
DAL,20171225,56.03,56.03,56.03,56.03,0
DAN,20171225,32.31,32.31,32.31,32.31,0
DAR,20171225,17.93,17.93,17.93,17.93,0
DB,20171225,19.38,19.38,19.38,19.38,0
DBD,20171225,16.55,16.55,16.55,16.55,0
DBL,20171225,22.2,22.2,22.2,22.2,0
DCF,20171225,9.425,9.425,9.425,9.425,0
DCI,20171225,48.72,48.72,48.72,48.72,0
DCO,20171225,28.01,28.01,28.01,28.01,0
DCP,20171225,36.58,36.58,36.58,36.58,0
DDD,20171225,9.52,9.52,9.52,9.52,0
DDF,20171225,10.7,10.7,10.7,10.7,0
DDS,20171225,62.11,62.11,62.11,62.11,0
DDT,20171225,25.7,25.7,25.7,25.7,0
DE,20171225,157.53,157.53,157.53,157.53,0
DEA,20171225,21.14,21.14,21.14,21.14,0
DECK,20171225,79.26,79.26,79.26,79.26,0
DEI,20171225,40.62,40.62,40.62,40.62,0
DEO,20171225,143.28,143.28,143.28,143.28,0
DESP,20171225,28.05,28.05,28.05,28.05,0
DEX,20171225,12.19,12.19,12.19,12.19,0
DFIN,20171225,19.96,19.96,19.96,19.96,0
DFP,20171225,26.95,26.95,26.95,26.95,0
DFS,20171225,77.13,77.13,77.13,77.13,0
DG,20171225,92.91,92.91,92.91,92.91,0
DGX,20171225,99.24,99.24,99.24,99.24,0
DHF,20171225,3.33,3.33,3.33,3.33,0
DHI,20171225,50.83,50.83,50.83,50.83,0
DHR,20171225,93.46,93.46,93.46,93.46,0
DHT,20171225,3.65,3.65,3.65,3.65,0
DHX,20171225,1.9,1.9,1.9,1.9,0
DIAX,20171225,18.78,18.78,18.78,18.78,0
DIN,20171225,49.95,49.95,49.95,49.95,0
DIS,20171225,108.67,108.67,108.67,108.67,0
DK,20171225,34.02,34.02,34.02,34.02,0
DKL,20171225,30.95,30.95,30.95,30.95,0
DKS,20171225,29.67,29.67,29.67,29.67,0
DL,20171225,9.4,9.4,9.4,9.4,0
DLB,20171225,62.25,62.25,62.25,62.25,0
DLN-A,20171225,26.08,26.08,26.08,26.08,0
DLNG,20171225,11.41,11.41,11.41,11.41,0
DLPH,20171225,52.95,52.95,52.95,52.95,0
DLR,20171225,110.98,110.98,110.98,110.98,0
DLR-C,20171225,27.73,27.73,27.73,27.73,0
DLR-G,20171225,25.49,25.49,25.49,25.49,0
DLR-I,20171225,27.29,27.29,27.29,27.29,0
DLR-J,20171225,25.12,25.12,25.12,25.12,0
DLX,20171225,76.01,76.01,76.01,76.01,0
DMB,20171225,12.94,12.94,12.94,12.94,0
DMO,20171225,24.55,24.55,24.55,24.55,0
DNI,20171225,13.38,13.38,13.38,13.38,0
DNOW,20171225,11,11,11,11,0
DNP,20171225,10.68,10.68,10.68,10.68,0
DNR,20171225,2.01,2.01,2.01,2.01,0
DO,20171225,18.6,18.6,18.6,18.6,0
DOC,20171225,17.71,17.71,17.71,17.71,0
DOOR,20171225,72.8,72.8,72.8,72.8,0
DOV,20171225,81.1626,81.1626,81.1626,81.1626,0
DPG,20171225,15.4,15.4,15.4,15.4,0
DPLO,20171225,20.63,20.63,20.63,20.63,0
DPZ,20171225,192.87,192.87,192.87,192.87,0
DQ,20171225,54,54,54,54,0
DRD,20171225,3.26,3.26,3.26,3.26,0
DRE,20171225,26.86,26.86,26.86,26.86,0
DRH,20171225,11.37,11.37,11.37,11.37,0
DRI,20171225,96.4,96.4,96.4,96.4,0
DRQ,20171225,47.3,47.3,47.3,47.3,0
DRUA,20171225,25.58,25.58,25.58,25.58,0
DS,20171225,5.79,5.79,5.79,5.79,0
DS-B,20171225,26.15,26.15,26.15,26.15,0
DS-C,20171225,25.36,25.36,25.36,25.36,0
DS-D,20171225,25.46,25.46,25.46,25.46,0
DSE,20171225,5.67,5.67,5.67,5.67,0
DSL,20171225,20.15,20.15,20.15,20.15,0
DSM,20171225,8.43,8.43,8.43,8.43,0
DSU,20171225,11.54,11.54,11.54,11.54,0
DSX,20171225,4.07,4.07,4.07,4.07,0
DSX-B,20171225,24.35,24.35,24.35,24.35,0
DTE,20171225,108.72,108.72,108.72,108.72,0
DTF,20171225,14,14,14,14,0
DTJ,20171225,25.42,25.42,25.42,25.42,0
DTL.P,20171225,28.465,28.465,28.465,28.465,0
DTQ,20171225,25.02,25.02,25.02,25.02,0
DTW,20171225,25.37,25.37,25.37,25.37,0
DTY,20171225,27.37,27.37,27.37,27.37,0
DUC,20171225,8.8,8.8,8.8,8.8,0
DUK,20171225,84.17,84.17,84.17,84.17,0
DUKH,20171225,25.22,25.22,25.22,25.22,0
DVA,20171225,71.98,71.98,71.98,71.98,0
DVD,20171225,2,2,2,2,0
DVN,20171225,41.57,41.57,41.57,41.57,0
DX,20171225,21.42,21.42,21.42,21.42,0
DX-A,20171225,25.89,25.89,25.89,25.89,0
DX-B,20171225,24.98,24.98,24.98,24.98,0
DXB,20171225,25.46,25.46,25.46,25.46,0
DXC,20171225,95.89,95.89,95.89,95.89,0
DY,20171225,113.89,113.89,113.89,113.89,0
E,20171225,33.24,33.24,33.24,33.24,0
EAB,20171225,24.99,24.99,24.99,24.99,0
EAE,20171225,25.3,25.3,25.3,25.3,0
EAI,20171225,25.15,25.15,25.15,25.15,0
EARN,20171225,12.47,12.47,12.47,12.47,0
EAT,20171225,40.01,40.01,40.01,40.01,0
EBF,20171225,20.6,20.6,20.6,20.6,0
EBR,20171225,5.73,5.73,5.73,5.73,0
EBR.B,20171225,6.76,6.76,6.76,6.76,0
EBS,20171225,46.59,46.59,46.59,46.59,0
EC,20171225,13.83,13.83,13.83,13.83,0
ECC,20171225,17.88,17.88,17.88,17.88,0
ECCB,20171225,26.19,26.19,26.19,26.19,0
ECCY,20171225,25.3,25.3,25.3,25.3,0
ECL,20171225,133.97,133.97,133.97,133.97,0
ECOM,20171225,8.95,8.95,8.95,8.95,0
ECT,20171225,2.05,2.05,2.05,2.05,0
ED,20171225,84.75,84.75,84.75,84.75,0
EDD,20171225,7.69,7.69,7.69,7.69,0
EDF,20171225,15.23,15.23,15.23,15.23,0
EDI,20171225,15.19,15.19,15.19,15.19,0
EDN,20171225,50.54,50.54,50.54,50.54,0
EDU,20171225,91.75,91.75,91.75,91.75,0
EE,20171225,55.15,55.15,55.15,55.15,0
EEA,20171225,9.88,9.88,9.88,9.88,0
EEX,20171225,20.84,20.84,20.84,20.84,0
EFC,20171225,14.53,14.53,14.53,14.53,0
EFF,20171225,16.26,16.26,16.26,16.26,0
EFL,20171225,9.59,9.59,9.59,9.59,0
EFR,20171225,14.38,14.38,14.38,14.38,0
EFT,20171225,14.38,14.38,14.38,14.38,0
EFX,20171225,119.73,119.73,119.73,119.73,0
EGF,20171225,13.383,13.383,13.383,13.383,0
EGHT,20171225,14.15,14.15,14.15,14.15,0
EGIF,20171225,16.55,16.55,16.55,16.55,0
EGO,20171225,1.34,1.34,1.34,1.34,0
EGP,20171225,87.98,87.98,87.98,87.98,0
EGY,20171225,0.718,0.718,0.718,0.718,0
EHI,20171225,10.07,10.07,10.07,10.07,0
EHT,20171225,10,10,10,10,0
EIG,20171225,44.9,44.9,44.9,44.9,0
EIX,20171225,65.23,65.23,65.23,65.23,0
EL,20171225,127.75,127.75,127.75,127.75,0
ELC,20171225,25.07,25.07,25.07,25.07,0
ELF,20171225,22.4,22.4,22.4,22.4,0
ELJ,20171225,25.28,25.28,25.28,25.28,0
ELP,20171225,7.19,7.19,7.19,7.19,0
ELS,20171225,88.28,88.28,88.28,88.28,0
ELU,20171225,24.86,24.86,24.86,24.86,0
ELVT,20171225,7.58,7.58,7.58,7.58,0
ELY,20171225,15.14,15.14,15.14,15.14,0
EMD,20171225,15.42,15.42,15.42,15.42,0
EME,20171225,82.53,82.53,82.53,82.53,0
EMF,20171225,16.1,16.1,16.1,16.1,0
EMN,20171225,92.65,92.65,92.65,92.65,0
EMO,20171225,11.14,11.14,11.14,11.14,0
EMP,20171225,25.2,25.2,25.2,25.2,0
EMR,20171225,69.66,69.66,69.66,69.66,0
ENB,20171225,38.63,38.63,38.63,38.63,0
ENBL,20171225,14.26,14.26,14.26,14.26,0
ENIA,20171225,10.67,10.67,10.67,10.67,0
ENIC,20171225,5.56,5.56,5.56,5.56,0
ENJ,20171225,25.05,25.05,25.05,25.05,0
ENLC,20171225,17.2,17.2,17.2,17.2,0
ENO,20171225,25.93,25.93,25.93,25.93,0
ENR,20171225,49.11,49.11,49.11,49.11,0
ENS,20171225,70.33,70.33,70.33,70.33,0
ENV,20171225,52,52,52,52,0
ENVA,20171225,15.6,15.6,15.6,15.6,0
ENZ,20171225,8.68,8.68,8.68,8.68,0
EOD,20171225,5.98,5.98,5.98,5.98,0
EOG,20171225,107.11,107.11,107.11,107.11,0
EOI,20171225,14.56,14.56,14.56,14.56,0
EOS,20171225,15.23,15.23,15.23,15.23,0
EOT,20171225,22.83,22.83,22.83,22.83,0
EP-C,20171225,48.605,48.605,48.605,48.605,0
EPAM,20171225,108.6,108.6,108.6,108.6,0
EPC,20171225,61.08,61.08,61.08,61.08,0
EPD,20171225,26.4,26.4,26.4,26.4,0
EPR,20171225,64.16,64.16,64.16,64.16,0
EPR-C,20171225,26.49,26.49,26.49,26.49,0
EPR-E,20171225,36.56,36.56,36.56,36.56,0
EPR-G,20171225,25.09,25.09,25.09,25.09,0
EQC,20171225,30.3,30.3,30.3,30.3,0
EQC-D,20171225,26.3,26.3,26.3,26.3,0
EQM,20171225,71.52,71.52,71.52,71.52,0
EQR,20171225,63.8,63.8,63.8,63.8,0
EQS,20171225,2.4,2.4,2.4,2.4,0
EQT,20171225,54.77,54.77,54.77,54.77,0
ERA,20171225,10.94,10.94,10.94,10.94,0
ERF,20171225,9.46,9.46,9.46,9.46,0
ERJ,20171225,24.1,24.1,24.1,24.1,0
EROS,20171225,9.4,9.4,9.4,9.4,0
ES,20171225,62.37,62.37,62.37,62.37,0
ESE,20171225,60.25,60.25,60.25,60.25,0
ESNT,20171225,45.08,45.08,45.08,45.08,0
ESRT,20171225,20.19,20.19,20.19,20.19,0
ESS,20171225,239.39,239.39,239.39,239.39,0
ESTE,20171225,10.14,10.14,10.14,10.14,0
ETB,20171225,16.73,16.73,16.73,16.73,0
ETG,20171225,17.43,17.43,17.43,17.43,0
ETH,20171225,28.55,28.55,28.55,28.55,0
ETJ,20171225,9.5,9.5,9.5,9.5,0
ETM,20171225,11.35,11.35,11.35,11.35,0
ETN,20171225,77.51,77.51,77.51,77.51,0
ETO,20171225,25.41,25.41,25.41,25.41,0
ETR,20171225,80.31,80.31,80.31,80.31,0
ETV,20171225,15.36,15.36,15.36,15.36,0
ETW,20171225,11.96,11.96,11.96,11.96,0
ETX,20171225,20.5,20.5,20.5,20.5,0
ETY,20171225,12.24,12.24,12.24,12.24,0
EURN,20171225,8.8,8.8,8.8,8.8,0
EV,20171225,56.43,56.43,56.43,56.43,0
EVA,20171225,28,28,28,28,0
EVC,20171225,7.4,7.4,7.4,7.4,0
EVF,20171225,6.5,6.5,6.5,6.5,0
EVG,20171225,14.25,14.25,14.25,14.25,0
EVH,20171225,13.6,13.6,13.6,13.6,0
EVN,20171225,12.32,12.32,12.32,12.32,0
EVR,20171225,91.75,91.75,91.75,91.75,0
EVRI,20171225,7.29,7.29,7.29,7.29,0
EVT,20171225,23.29,23.29,23.29,23.29,0
EVTC,20171225,13.8,13.8,13.8,13.8,0
EW,20171225,112.49,112.49,112.49,112.49,0
EXD,20171225,10.44,10.44,10.44,10.44,0
EXG,20171225,9.42,9.42,9.42,9.42,0
EXK,20171225,2.47,2.47,2.47,2.47,0
EXP,20171225,109.76,109.76,109.76,109.76,0
EXPR,20171225,10.43,10.43,10.43,10.43,0
EXR,20171225,86.12,86.12,86.12,86.12,0
EXTN,20171225,31.02,31.02,31.02,31.02,0
EZT,20171225,26.55,26.55,26.55,26.55,0
F,20171225,12.58,12.58,12.58,12.58,0
FAF,20171225,56.55,56.55,56.55,56.55,0
FAM,20171225,11.45,11.45,11.45,11.45,0
FBC,20171225,37.97,37.97,37.97,37.97,0
FBHS,20171225,68.53,68.53,68.53,68.53,0
FBK,20171225,43.5,43.5,43.5,43.5,0
FBM,20171225,14.88,14.88,14.88,14.88,0
FBP,20171225,5.27,5.27,5.27,5.27,0
FC,20171225,20.45,20.45,20.45,20.45,0
FCAU,20171225,18.44,18.44,18.44,18.44,0
FCF,20171225,14.72,14.72,14.72,14.72,0
FCN,20171225,43.39,43.39,43.39,43.39,0
FCPT,20171225,25.55,25.55,25.55,25.55,0
FCT,20171225,12.86,12.86,12.86,12.86,0
FCX,20171225,18.1,18.1,18.1,18.1,0
FDEU,20171225,18.95,18.95,18.95,18.95,0
FDP,20171225,48.04,48.04,48.04,48.04,0
FDS,20171225,192.11,192.11,192.11,192.11,0
FDX,20171225,250.02,250.02,250.02,250.02,0
FE,20171225,30.48,30.48,30.48,30.48,0
FEDU,20171225,9.77,9.77,9.77,9.77,0
FEI,20171225,14.87,14.87,14.87,14.87,0
FENG,20171225,6.8,6.8,6.8,6.8,0
FEO,20171225,15.97,15.97,15.97,15.97,0
FET,20171225,15.1,15.1,15.1,15.1,0
FF,20171225,14.22,14.22,14.22,14.22,0
FFA,20171225,16.37,16.37,16.37,16.37,0
FFC,20171225,20.34,20.34,20.34,20.34,0
FFG,20171225,71.8,71.8,71.8,71.8,0
FG,20171225,9.73,9.73,9.73,9.73,0
FG.W,20171225,1.42,1.42,1.42,1.42,0
FGB,20171225,6.26,6.26,6.26,6.26,0
FHN,20171225,20.34,20.34,20.34,20.34,0
FHN-A,20171225,25.16,25.16,25.16,25.16,0
FI,20171225,6.48,6.48,6.48,6.48,0
FICO,20171225,153.73,153.73,153.73,153.73,0
FIF,20171225,17.78,17.78,17.78,17.78,0
FIS,20171225,94.32,94.32,94.32,94.32,0
FIT,20171225,6.01,6.01,6.01,6.01,0
FIV,20171225,9.22,9.22,9.22,9.22,0
FIX,20171225,44.3,44.3,44.3,44.3,0
FL,20171225,47.26,47.26,47.26,47.26,0
FLC,20171225,21.38,21.38,21.38,21.38,0
FLO,20171225,19.66,19.66,19.66,19.66,0
FLOW,20171225,47.1,47.1,47.1,47.1,0
FLR,20171225,51.07,51.07,51.07,51.07,0
FLS,20171225,41.39,41.39,41.39,41.39,0
FLT,20171225,190.46,190.46,190.46,190.46,0
FLY,20171225,12.96,12.96,12.96,12.96,0
FMC,20171225,95.46,95.46,95.46,95.46,0
FMN,20171225,14,14,14,14,0
FMO,20171225,12.17,12.17,12.17,12.17,0
FMS,20171225,52.35,52.35,52.35,52.35,0
FMX,20171225,91.04,91.04,91.04,91.04,0
FMY,20171225,14.15,14.15,14.15,14.15,0
FN,20171225,29.25,29.25,29.25,29.25,0
FNB,20171225,14.23,14.23,14.23,14.23,0
FNB-E,20171225,29.58,29.58,29.58,29.58,0
FND,20171225,44.75,44.75,44.75,44.75,0
FNF,20171225,39.07,39.07,39.07,39.07,0
FNV,20171225,78.5,78.5,78.5,78.5,0
FOE,20171225,23.51,23.51,23.51,23.51,0
FOF,20171225,13.22,13.22,13.22,13.22,0
FOR,20171225,22.15,22.15,22.15,22.15,0
FPF,20171225,24.59,24.59,24.59,24.59,0
FPH,20171225,13.81,13.81,13.81,13.81,0
FPI,20171225,8.89,8.89,8.89,8.89,0
FPI-B,20171225,25.66,25.66,25.66,25.66,0
FPL,20171225,12,12,12,12,0
FR,20171225,31.12,31.12,31.12,31.12,0
FRA,20171225,13.83,13.83,13.83,13.83,0
FRC,20171225,87.2,87.2,87.2,87.2,0
FRC-F,20171225,25.79,25.79,25.79,25.79,0
FRC-G,20171225,26.01,26.01,26.01,26.01,0
FRC-H,20171225,25.55,25.55,25.55,25.55,0
FRO,20171225,4.61,4.61,4.61,4.61,0
FRT,20171225,130.39,130.39,130.39,130.39,0
FRT-C,20171225,25.3,25.3,25.3,25.3,0
FSB,20171225,34.25,34.25,34.25,34.25,0
FSD,20171225,16.33,16.33,16.33,16.33,0
FSM,20171225,5.24,5.24,5.24,5.24,0
FSS,20171225,20.36,20.36,20.36,20.36,0
FT,20171225,7.15,7.15,7.15,7.15,0
FTAI,20171225,20,20,20,20,0
FTI,20171225,31.15,31.15,31.15,31.15,0
FTK,20171225,4.61,4.61,4.61,4.61,0
FTS,20171225,36.04,36.04,36.04,36.04,0
FTV,20171225,72.47,72.47,72.47,72.47,0
FUL,20171225,53.07,53.07,53.07,53.07,0
FUN,20171225,66.64,66.64,66.64,66.64,0
G,20171225,32.3,32.3,32.3,32.3,0
GAB,20171225,6.2,6.2,6.2,6.2,0
GAB-G,20171225,24.2,24.2,24.2,24.2,0
GAB-H,20171225,24.85,24.85,24.85,24.85,0
GAB-J,20171225,25.55,25.55,25.55,25.55,0
GAM,20171225,34.3,34.3,34.3,34.3,0
GAM-B,20171225,26.36,26.36,26.36,26.36,0
GATX,20171225,61.34,61.34,61.34,61.34,0
GBAB,20171225,22.48,22.48,22.48,22.48,0
GBL,20171225,29.75,29.75,29.75,29.75,0
GBX,20171225,52.9,52.9,52.9,52.9,0
GCAP,20171225,7.56,7.56,7.56,7.56,0
GCI,20171225,11.88,11.88,11.88,11.88,0
GCO,20171225,32.65,32.65,32.65,32.65,0
GCP,20171225,32.3,32.3,32.3,32.3,0
GCV,20171225,5.91,5.91,5.91,5.91,0
GD,20171225,202.64,202.64,202.64,202.64,0
GDDY,20171225,49.87,49.87,49.87,49.87,0
GDI,20171225,34.2,34.2,34.2,34.2,0
GDL,20171225,9.83,9.83,9.83,9.83,0
GDO,20171225,17.92,17.92,17.92,17.92,0
GDOT,20171225,61.56,61.56,61.56,61.56,0
GDV,20171225,23.16,23.16,23.16,23.16,0
GDV-A,20171225,26.02,26.02,26.02,26.02,0
GDV-G,20171225,25.3,25.3,25.3,25.3,0
GE,20171225,17.5,17.5,17.5,17.5,0
GEF,20171225,61.06,61.06,61.06,61.06,0
GEF.B,20171225,70.45,70.45,70.45,70.45,0
GEL,20171225,22.01,22.01,22.01,22.01,0
GEN,20171225,0.745,0.745,0.745,0.745,0
GEO,20171225,23.57,23.57,23.57,23.57,0
GER,20171225,6.07,6.07,6.07,6.07,0
GES,20171225,17.53,17.53,17.53,17.53,0
GF,20171225,19.93,19.93,19.93,19.93,0
GFF,20171225,20.35,20.35,20.35,20.35,0
GFI,20171225,4.05,4.05,4.05,4.05,0
GFY,20171225,17.19,17.19,17.19,17.19,0
GGB,20171225,3.71,3.71,3.71,3.71,0
GGG,20171225,44.8633,44.8633,44.8633,44.8633,0
GGM,20171225,22.1,22.1,22.1,22.1,0
GGT,20171225,9.24,9.24,9.24,9.24,0
GGT-E,20171225,24.99,24.99,24.99,24.99,0
GGZ,20171225,12.46,12.46,12.46,12.46,0
GGZ-A,20171225,25.69,25.69,25.69,25.69,0
GHC,20171225,558.2,558.2,558.2,558.2,0
GHL,20171225,19.95,19.95,19.95,19.95,0
GHM,20171225,21.1,21.1,21.1,21.1,0
GHY,20171225,14.39,14.39,14.39,14.39,0
GIB,20171225,54.15,54.15,54.15,54.15,0
GIL,20171225,32.33,32.33,32.33,32.33,0
GIM,20171225,6.47,6.47,6.47,6.47,0
GIS,20171225,60.13,60.13,60.13,60.13,0
GJH,20171225,10.01,10.01,10.01,10.01,0
GJO,20171225,22.5,22.5,22.5,22.5,0
GJP,20171225,22.94,22.94,22.94,22.94,0
GJR,20171225,21.5,21.5,21.5,21.5,0
GJS,20171225,20.22,20.22,20.22,20.22,0
GJT,20171225,20.06,20.06,20.06,20.06,0
GKOS,20171225,26.48,26.48,26.48,26.48,0
GLO-A,20171225,26.03,26.03,26.03,26.03,0
GLO-G,20171225,27.03,27.03,27.03,27.03,0
GLOB,20171225,44.99,44.99,44.99,44.99,0
GLOG,20171225,21.3,21.3,21.3,21.3,0
GLOP,20171225,23.85,23.85,23.85,23.85,0
GLP,20171225,16.35,16.35,16.35,16.35,0
GLT,20171225,21.4,21.4,21.4,21.4,0
GLW,20171225,32.38,32.38,32.38,32.38,0
GM,20171225,42.02,42.02,42.02,42.02,0
GME,20171225,18.29,18.29,18.29,18.29,0
GMED,20171225,40.4,40.4,40.4,40.4,0
GMR-A,20171225,25.32,25.32,25.32,25.32,0
GMRE,20171225,8.28,8.28,8.28,8.28,0
GMS,20171225,37.12,37.12,37.12,37.12,0
GMTA,20171225,26.25,26.25,26.25,26.25,0
GMZ,20171225,8.71,8.71,8.71,8.71,0
GNC,20171225,3.72,3.72,3.72,3.72,0
GNE,20171225,4.75,4.75,4.75,4.75,0
GNE-A,20171225,7.365,7.365,7.365,7.365,0
GNK,20171225,13.3,13.3,13.3,13.3,0
GNL,20171225,20.24,20.24,20.24,20.24,0
GNL-A,20171225,25.09,25.09,25.09,25.09,0
GNRC,20171225,50.36,50.36,50.36,50.36,0
GNT,20171225,6.64,6.64,6.64,6.64,0
GNT-A,20171225,25.04,25.04,25.04,25.04,0
GNW,20171225,3.2,3.2,3.2,3.2,0
GOF,20171225,21.65,21.65,21.65,21.65,0
GOL,20171225,8.79,8.79,8.79,8.79,0
GOLF,20171225,21.23,21.23,21.23,21.23,0
GOOS,20171225,29.71,29.71,29.71,29.71,0
GPC,20171225,95.11,95.11,95.11,95.11,0
GPI,20171225,74.84,74.84,74.84,74.84,0
GPJA,20171225,25.9,25.9,25.9,25.9,0
GPK,20171225,15.25,15.25,15.25,15.25,0
GPM,20171225,8.81,8.81,8.81,8.81,0
GPMT,20171225,18.13,18.13,18.13,18.13,0
GPN,20171225,100.36,100.36,100.36,100.36,0
GPRK,20171225,9.69,9.69,9.69,9.69,0
GPS,20171225,34.44,34.44,34.44,34.44,0
GPX,20171225,23,23,23,23,0
GRA,20171225,70.26,70.26,70.26,70.26,0
GRAM,20171225,2.83,2.83,2.83,2.83,0
GRC,20171225,31.19,31.19,31.19,31.19,0
GRP.U,20171225,38.77,38.77,38.77,38.77,0
GRUB,20171225,71.74,71.74,71.74,71.74,0
GRX,20171225,10.22,10.22,10.22,10.22,0
GRX-A,20171225,25.9,25.9,25.9,25.9,0
GRX-B,20171225,26.11,26.11,26.11,26.11,0
GS,20171225,258.97,258.97,258.97,258.97,0
GS-A,20171225,22.82,22.82,22.82,22.82,0
GS-C,20171225,22.97,22.97,22.97,22.97,0
GS-D,20171225,22.8,22.8,22.8,22.8,0
GS-J,20171225,26.86,26.86,26.86,26.86,0
GS-K,20171225,28.68,28.68,28.68,28.68,0
GS-N,20171225,27.89,27.89,27.89,27.89,0
GSBD,20171225,22.52,22.52,22.52,22.52,0
GSH,20171225,31.04,31.04,31.04,31.04,0
GSK,20171225,35.13,35.13,35.13,35.13,0
GSL,20171225,9.44,9.44,9.44,9.44,0
GSL-B,20171225,24.03,24.03,24.03,24.03,0
GTN,20171225,17.25,17.25,17.25,17.25,0
GTN.A,20171225,14,14,14,14,0
GTS,20171225,26.49,26.49,26.49,26.49,0
GTT,20171225,44.1,44.1,44.1,44.1,0
GTY,20171225,26.82,26.82,26.82,26.82,0
GUT,20171225,7,7,7,7,0
GUT-A,20171225,25.6,25.6,25.6,25.6,0
GUT-C,20171225,25.39,25.39,25.39,25.39,0
GVA,20171225,63.5,63.5,63.5,63.5,0
GWB,20171225,40.58,40.58,40.58,40.58,0
GWRE,20171225,73.51,73.51,73.51,73.51,0
GWW,20171225,234.84,234.84,234.84,234.84,0
GYC,20171225,23.5,23.5,23.5,23.5,0
H,20171225,72.96,72.96,72.96,72.96,0
HAE,20171225,58.46,58.46,58.46,58.46,0
HAL,20171225,48.01,48.01,48.01,48.01,0
HASI,20171225,23.41,23.41,23.41,23.41,0
HBB,20171225,25.91,25.91,25.91,25.91,0
HBI,20171225,20.41,20.41,20.41,20.41,0
HBM,20171225,8.55,8.55,8.55,8.55,0
HCA,20171225,89.09,89.09,89.09,89.09,0
HCC,20171225,25.91,25.91,25.91,25.91,0
HCHC,20171225,5.98,5.98,5.98,5.98,0
HCI,20171225,29.03,29.03,29.03,29.03,0
HD,20171225,188.13,188.13,188.13,188.13,0
HDB,20171225,50.415,50.415,50.415,50.415,0
HE,20171225,36.32,36.32,36.32,36.32,0
HEI,20171225,59.9808,59.9808,59.9808,59.9808,0
HEI.A,20171225,50.144,50.144,50.144,50.144,0
HEP,20171225,32.29,32.29,32.29,32.29,0
HEQ,20171225,17.4,17.4,17.4,17.4,0
HES,20171225,47.01,47.01,47.01,47.01,0
HESM,20171225,20.35,20.35,20.35,20.35,0
HFC,20171225,50.62,50.62,50.62,50.62,0
HFRO,20171225,15.55,15.55,15.55,15.55,0
HGH,20171225,30.12,30.12,30.12,30.12,0
HGV,20171225,41.57,41.57,41.57,41.57,0
HHC,20171225,129.63,129.63,129.63,129.63,0
HHS,20171225,9.3,9.3,9.3,9.3,0
HI,20171225,44.95,44.95,44.95,44.95,0
HIE,20171225,12.51,12.51,12.51,12.51,0
HIG,20171225,55.55,55.55,55.55,55.55,0
HII,20171225,237.44,237.44,237.44,237.44,0
HIL,20171225,5.5,5.5,5.5,5.5,0
HIO,20171225,5,5,5,5,0
HIW,20171225,50.27,50.27,50.27,50.27,0
HIX,20171225,6.9,6.9,6.9,6.9,0
HJV,20171225,11.84,11.84,11.84,11.84,0
HL,20171225,4.05,4.05,4.05,4.05,0
HL-B,20171225,52.605,52.605,52.605,52.605,0
HLF,20171225,34.795,34.795,34.795,34.795,0
HLI,20171225,45.84,45.84,45.84,45.84,0
HLT,20171225,79.35,79.35,79.35,79.35,0
HLX,20171225,7.58,7.58,7.58,7.58,0
HMC,20171225,34.3,34.3,34.3,34.3,0
HML-A,20171225,26.36,26.36,26.36,26.36,0
HMLP,20171225,18.15,18.15,18.15,18.15,0
HMN,20171225,44.15,44.15,44.15,44.15,0
HMY,20171225,1.84,1.84,1.84,1.84,0
HNI,20171225,36.91,36.91,36.91,36.91,0
HNP,20171225,25.46,25.46,25.46,25.46,0
HOG,20171225,51.84,51.84,51.84,51.84,0
HOME,20171225,30.29,30.29,30.29,30.29,0
HON,20171225,153.49,153.49,153.49,153.49,0
HOV,20171225,70,70,70,70,0
HP,20171225,64.32,64.32,64.32,64.32,0
HPE,20171225,14.71,14.71,14.71,14.71,0
HPF,20171225,21.5,21.5,21.5,21.5,0
HPI,20171225,21.48,21.48,21.48,21.48,0
HPP,20171225,33.51,33.51,33.51,33.51,0
HPQ,20171225,21.26,21.26,21.26,21.26,0
HPS,20171225,18.66,18.66,18.66,18.66,0
HQH,20171225,22.63,22.63,22.63,22.63,0
HQL,20171225,19.25,19.25,19.25,19.25,0
HR,20171225,31.69,31.69,31.69,31.69,0
HRB,20171225,26.23,26.23,26.23,26.23,0
HRC,20171225,85.05,85.05,85.05,85.05,0
HRI,20171225,62.43,62.43,62.43,62.43,0
HRL,20171225,36.73,36.73,36.73,36.73,0
HRTG,20171225,16.81,16.81,16.81,16.81,0
HSB-A,20171225,25.82,25.82,25.82,25.82,0
HSBC,20171225,51.66,51.66,51.66,51.66,0
HSC,20171225,18.5,18.5,18.5,18.5,0
HST,20171225,20.14,20.14,20.14,20.14,0
HSY,20171225,114.95,114.95,114.95,114.95,0
HT,20171225,17.41,17.41,17.41,17.41,0
HT-C,20171225,25.33,25.33,25.33,25.33,0
HT-D,20171225,25.36,25.36,25.36,25.36,0
HT-E,20171225,25.21,25.21,25.21,25.21,0
HTA,20171225,29.8,29.8,29.8,29.8,0
HTD,20171225,25.07,25.07,25.07,25.07,0
HTFA,20171225,25.74,25.74,25.74,25.74,0
HTGC,20171225,12.95,12.95,12.95,12.95,0
HTH,20171225,25.26,25.26,25.26,25.26,0
HTY,20171225,8.87,8.87,8.87,8.87,0
HTZ,20171225,22.49,22.49,22.49,22.49,0
HUBB,20171225,135.23,135.23,135.23,135.23,0
HUBS,20171225,87.5,87.5,87.5,87.5,0
HUM,20171225,245,245,245,245,0
HUN,20171225,33.1,33.1,33.1,33.1,0
HVT,20171225,23.25,23.25,23.25,23.25,0
HVT.A,20171225,23.35,23.35,23.35,23.35,0
HXL,20171225,62.46,62.46,62.46,62.46,0
HY,20171225,85.75,85.75,85.75,85.75,0
HYB,20171225,9.47,9.47,9.47,9.47,0
HYI,20171225,15.06,15.06,15.06,15.06,0
HYT,20171225,10.94,10.94,10.94,10.94,0
HZN,20171225,14.42,14.42,14.42,14.42,0
HZO,20171225,19.8,19.8,19.8,19.8,0
I,20171225,3.38,3.38,3.38,3.38,0
IAE,20171225,10.56,10.56,10.56,10.56,0
IAG,20171225,5.86,5.86,5.86,5.86,0
IBA,20171225,56.87,56.87,56.87,56.87,0
IBM,20171225,152.5,152.5,152.5,152.5,0
IBN,20171225,9.79,9.79,9.79,9.79,0
IBP,20171225,74.5,74.5,74.5,74.5,0
ICD,20171225,4.06,4.06,4.06,4.06,0
ICE,20171225,70.25,70.25,70.25,70.25,0
ICL,20171225,4.03,4.03,4.03,4.03,0
IDA,20171225,90.66,90.66,90.66,90.66,0
IDE,20171225,16.8,16.8,16.8,16.8,0
IDT,20171225,10.22,10.22,10.22,10.22,0
IEX,20171225,132.07,132.07,132.07,132.07,0
IFF,20171225,152.51,152.51,152.51,152.51,0
IFN,20171225,28.48,28.48,28.48,28.48,0
IGA,20171225,11.72,11.72,11.72,11.72,0
IGD,20171225,7.91,7.91,7.91,7.91,0
IGI,20171225,22.49,22.49,22.49,22.49,0
IGR,20171225,7.75,7.75,7.75,7.75,0
IGT,20171225,26.25,26.25,26.25,26.25,0
IHC,20171225,27.95,27.95,27.95,27.95,0
IHD,20171225,9.04,9.04,9.04,9.04,0
IHG,20171225,63.02,63.02,63.02,63.02,0
IHIT,20171225,9.71,9.71,9.71,9.71,0
IHTA,20171225,10,10,10,10,0
IID,20171225,7.56,7.56,7.56,7.56,0
IIF,20171225,33.12,33.12,33.12,33.12,0
IIM,20171225,14.76,14.76,14.76,14.76,0
IIP-A,20171225,26.98,26.98,26.98,26.98,0
IIPR,20171225,24.67,24.67,24.67,24.67,0
IMAX,20171225,23.8,23.8,23.8,23.8,0
INF,20171225,12.85,12.85,12.85,12.85,0
INFY,20171225,8.05,8.05,8.05,8.05,0
ING,20171225,18.47,18.47,18.47,18.47,0
INGR,20171225,140.57,140.57,140.57,140.57,0
INN,20171225,15.24,15.24,15.24,15.24,0
INN-D,20171225,25.32,25.32,25.32,25.32,0
INN-E,20171225,25.25,25.25,25.25,25.25,0
INSI,20171225,20.29,20.29,20.29,20.29,0
INST,20171225,33.25,33.25,33.25,33.25,0
INSW,20171225,19.53,19.53,19.53,19.53,0
INT,20171225,28.31,28.31,28.31,28.31,0
INVH,20171225,23.3,23.3,23.3,23.3,0
INXN,20171225,58.15,58.15,58.15,58.15,0
IO,20171225,19.4,19.4,19.4,19.4,0
IP,20171225,57.98,57.98,57.98,57.98,0
IPG,20171225,20.39,20.39,20.39,20.39,0
IPHI,20171225,38.72,38.72,38.72,38.72,0
IPI,20171225,4.25,4.25,4.25,4.25,0
IQI,20171225,12.35,12.35,12.35,12.35,0
IQV,20171225,99.38,99.38,99.38,99.38,0
IR,20171225,89.77,89.77,89.77,89.77,0
IRE-C,20171225,25.64,25.64,25.64,25.64,0
IRET,20171225,5.68,5.68,5.68,5.68,0
IRL,20171225,12.46,12.46,12.46,12.46,0
IRM,20171225,37.66,37.66,37.66,37.66,0
IRR,20171225,6.42,6.42,6.42,6.42,0
IRS,20171225,29.04,29.04,29.04,29.04,0
IRT,20171225,10.12,10.12,10.12,10.12,0
ISD,20171225,14.8,14.8,14.8,14.8,0
ISG,20171225,26.02,26.02,26.02,26.02,0
IT,20171225,123.59,123.59,123.59,123.59,0
ITCB,20171225,13.13,13.13,13.13,13.13,0
ITGR,20171225,45.9,45.9,45.9,45.9,0
ITT,20171225,53.9,53.9,53.9,53.9,0
ITUB,20171225,8.56,8.56,8.56,8.56,0
ITW,20171225,167.13,167.13,167.13,167.13,0
IVC,20171225,17,17,17,17,0
IVH,20171225,14.9,14.9,14.9,14.9,0
IVR,20171225,17.77,17.77,17.77,17.77,0
IVR-A,20171225,25.43,25.43,25.43,25.43,0
IVR-B,20171225,25.5,25.5,25.5,25.5,0
IVR-C,20171225,25,25,25,25,0
IVZ,20171225,36.64,36.64,36.64,36.64,0
IX,20171225,85.65,85.65,85.65,85.65,0
JAX,20171225,9.75,9.75,9.75,9.75,0
JBGS,20171225,34.09,34.09,34.09,34.09,0
JBK,20171225,25.01,25.01,25.01,25.01,0
JBL,20171225,26.7,26.7,26.7,26.7,0
JBN,20171225,11.87,11.87,11.87,11.87,0
JBR,20171225,11.83,11.83,11.83,11.83,0
JBT,20171225,110.8,110.8,110.8,110.8,0
JCAP,20171225,19.29,19.29,19.29,19.29,0
JCE,20171225,15.94,15.94,15.94,15.94,0
JCI,20171225,38.11,38.11,38.11,38.11,0
JCO,20171225,9.66,9.66,9.66,9.66,0
JCP,20171225,3.14,3.14,3.14,3.14,0
JDD,20171225,12.4,12.4,12.4,12.4,0
JE,20171225,4.32,4.32,4.32,4.32,0
JE-A,20171225,24.9,24.9,24.9,24.9,0
JELD,20171225,39.35,39.35,39.35,39.35,0
JEMD,20171225,9.42,9.42,9.42,9.42,0
JEQ,20171225,9.5,9.5,9.5,9.5,0
JFR,20171225,11.09,11.09,11.09,11.09,0
JGH,20171225,16.81,16.81,16.81,16.81,0
JHB,20171225,9.82,9.82,9.82,9.82,0
JHG,20171225,38.47,38.47,38.47,38.47,0
JHI,20171225,17.55,17.55,17.55,17.55,0
JHS,20171225,14.76,14.76,14.76,14.76,0
JHX,20171225,17.47,17.47,17.47,17.47,0
JHY,20171225,9.93,9.93,9.93,9.93,0
JILL,20171225,7.91,7.91,7.91,7.91,0
JKS,20171225,24.22,24.22,24.22,24.22,0
JLL,20171225,149.57,149.57,149.57,149.57,0
JLS,20171225,26.25,26.25,26.25,26.25,0
JMEI,20171225,2.96,2.96,2.96,2.96,0
JMF,20171225,10.97,10.97,10.97,10.97,0
JMLP,20171225,8.67,8.67,8.67,8.67,0
JMM,20171225,7.63,7.63,7.63,7.63,0
JMP,20171225,5.48,5.48,5.48,5.48,0
JNJ,20171225,140.12,140.12,140.12,140.12,0
JNPR,20171225,28.86,28.86,28.86,28.86,0
JOE,20171225,18.25,18.25,18.25,18.25,0
JOF,20171225,12.2,12.2,12.2,12.2,0
JP,20171225,18.65,18.65,18.65,18.65,0
JPC,20171225,10.4,10.4,10.4,10.4,0
JPI,20171225,24.91,24.91,24.91,24.91,0
JPM,20171225,107.45,107.45,107.45,107.45,0
JPM-F,20171225,26.83,26.83,26.83,26.83,0
JPM-G,20171225,27.15,27.15,27.15,27.15,0
JPM-H,20171225,27.1,27.1,27.1,27.1,0
JPS,20171225,10.23,10.23,10.23,10.23,0
JPT,20171225,25.46,25.46,25.46,25.46,0
JQC,20171225,8.2,8.2,8.2,8.2,0
JRI,20171225,17.44,17.44,17.44,17.44,0
JRO,20171225,11.165,11.165,11.165,11.165,0
JRS,20171225,10.95,10.95,10.95,10.95,0
JSD,20171225,16.65,16.65,16.65,16.65,0
JT,20171225,6.67,6.67,6.67,6.67,0
JTA,20171225,13.83,13.83,13.83,13.83,0
JTD,20171225,17.45,17.45,17.45,17.45,0
JW.A,20171225,65.7,65.7,65.7,65.7,0
JW.B,20171225,65.67,65.67,65.67,65.67,0
JWN,20171225,47.54,47.54,47.54,47.54,0
K,20171225,68.1,68.1,68.1,68.1,0
KAI,20171225,99.3,99.3,99.3,99.3,0
KAMN,20171225,58.11,58.11,58.11,58.11,0
KAR,20171225,19.3258,19.3258,19.3258,19.3258,0
KB,20171225,57.94,57.94,57.94,57.94,0
KBH,20171225,31.53,31.53,31.53,31.53,0
KBR,20171225,19.44,19.44,19.44,19.44,0
KDMN,20171225,3.56,3.56,3.56,3.56,0
KEM,20171225,15.3,15.3,15.3,15.3,0
KEN,20171225,21.03,21.03,21.03,21.03,0
KEP,20171225,17.87,17.87,17.87,17.87,0
KEX,20171225,69.4,69.4,69.4,69.4,0
KEY,20171225,20.44,20.44,20.44,20.44,0
KEY-I,20171225,28.95,28.95,28.95,28.95,0
KEYS,20171225,42.07,42.07,42.07,42.07,0
KF,20171225,39.85,39.85,39.85,39.85,0
KFS,20171225,5.05,5.05,5.05,5.05,0
KFY,20171225,41.99,41.99,41.99,41.99,0
KGC,20171225,4.25,4.25,4.25,4.25,0
KIM,20171225,18.02,18.02,18.02,18.02,0
KIM-L,20171225,24.81,24.81,24.81,24.81,0
KIM-M,20171225,24.85,24.85,24.85,24.85,0
KIO,20171225,15.8,15.8,15.8,15.8,0
KKR,20171225,21.18,21.18,21.18,21.18,0
KKR-A,20171225,26.76,26.76,26.76,26.76,0
KKR-B,20171225,26.46,26.46,26.46,26.46,0
KL,20171225,14.73,14.73,14.73,14.73,0
KMB,20171225,120.66,120.66,120.66,120.66,0
KMF,20171225,13.98,13.98,13.98,13.98,0
KMI,20171225,18.05,18.05,18.05,18.05,0
KMPR,20171225,69.8,69.8,69.8,69.8,0
KMT,20171225,48.57,48.57,48.57,48.57,0
KMX,20171225,65.23,65.23,65.23,65.23,0
KN,20171225,14.98,14.98,14.98,14.98,0
KNL,20171225,22.04,22.04,22.04,22.04,0
KNOP,20171225,20.3,20.3,20.3,20.3,0
KNX,20171225,44.35,44.35,44.35,44.35,0
KO,20171225,45.59,45.59,45.59,45.59,0
KODK,20171225,3.35,3.35,3.35,3.35,0
KOF,20171225,67.96,67.96,67.96,67.96,0
KOP,20171225,50.35,50.35,50.35,50.35,0
KOS,20171225,6.89,6.89,6.89,6.89,0
KR,20171225,28.25,28.25,28.25,28.25,0
KRA,20171225,48.72,48.72,48.72,48.72,0
KRC,20171225,73.57,73.57,73.57,73.57,0
KREF,20171225,20.6,20.6,20.6,20.6,0
KRG,20171225,19.28,19.28,19.28,19.28,0
KRO,20171225,25.99,25.99,25.99,25.99,0
KRP,20171225,16.3,16.3,16.3,16.3,0
KSM,20171225,11.73,11.73,11.73,11.73,0
KSS,20171225,53.66,53.66,53.66,53.66,0
KSU,20171225,108.19,108.19,108.19,108.19,0
KSU.P,20171225,27.66,27.66,27.66,27.66,0
KT,20171225,15.65,15.65,15.65,15.65,0
KTF,20171225,11.8,11.8,11.8,11.8,0
KTH,20171225,32.56,32.56,32.56,32.56,0
KTN,20171225,34,34,34,34,0
KTP,20171225,13.68,13.68,13.68,13.68,0
KW,20171225,17.4,17.4,17.4,17.4,0
KWR,20171225,152,152,152,152,0
KYN,20171225,18.1,18.1,18.1,18.1,0
KYN-F,20171225,25.33,25.33,25.33,25.33,0
L,20171225,49.66,49.66,49.66,49.66,0
LAD,20171225,115.45,115.45,115.45,115.45,0
LADR,20171225,13.6,13.6,13.6,13.6,0
LAZ,20171225,51.18,51.18,51.18,51.18,0
LB,20171225,61.36,61.36,61.36,61.36,0
LC,20171225,20.55,20.55,20.55,20.55,0
LCI,20171225,24.05,24.05,24.05,24.05,0
LCII,20171225,128.85,128.85,128.85,128.85,0
LDL,20171225,50.65,50.65,50.65,50.65,0
LDOS,20171225,65.22,65.22,65.22,65.22,0
LDP,20171225,26.11,26.11,26.11,26.11,0
LEA,20171225,177.69,177.69,177.69,177.69,0
LEE,20171225,2.35,2.35,2.35,2.35,0
LEG,20171225,47.06,47.06,47.06,47.06,0
LEJU,20171225,1.42,1.42,1.42,1.42,0
LEN,20171225,64,64,64,64,0
LEN.B,20171225,50.92,50.92,50.92,50.92,0
LEO,20171225,8.63,8.63,8.63,8.63,0
LFC,20171225,15.76,15.76,15.76,15.76,0
LGC,20171225,9.61,9.61,9.61,9.61,0
LGC.U,20171225,9.99,9.99,9.99,9.99,0
LGC.W,20171225,0.42,0.42,0.42,0.42,0
LGF.A,20171225,33.31,33.31,33.31,33.31,0
LGF.B,20171225,31.28,31.28,31.28,31.28,0
LGI,20171225,17.82,17.82,17.82,17.82,0
LH,20171225,160.72,160.72,160.72,160.72,0
LII,20171225,205.65,205.65,205.65,205.65,0
LITB,20171225,1.99,1.99,1.99,1.99,0
LL,20171225,31.2,31.2,31.2,31.2,0
LLY,20171225,85.07,85.07,85.07,85.07,0
LM,20171225,41.89,41.89,41.89,41.89,0
LMHA,20171225,27.21,27.21,27.21,27.21,0
LMHB,20171225,25.4,25.4,25.4,25.4,0
LMT,20171225,318.03,318.03,318.03,318.03,0
LN,20171225,41.25,41.25,41.25,41.25,0
LNC,20171225,77.75,77.75,77.75,77.75,0
LND,20171225,3.53,3.53,3.53,3.53,0
LNN,20171225,87.14,87.14,87.14,87.14,0
LOMA,20171225,22.18,22.18,22.18,22.18,0
LOW,20171225,91.19,91.19,91.19,91.19,0
LPG,20171225,8.35,8.35,8.35,8.35,0
LPI,20171225,10.58,10.58,10.58,10.58,0
LPL,20171225,13.76,13.76,13.76,13.76,0
LPT,20171225,42.93,42.93,42.93,42.93,0
LPX,20171225,26.38,26.38,26.38,26.38,0
LRN,20171225,16.39,16.39,16.39,16.39,0
LSI,20171225,88.82,88.82,88.82,88.82,0
LTC,20171225,43.27,43.27,43.27,43.27,0
LTM,20171225,13.72,13.72,13.72,13.72,0
LUB,20171225,2.8,2.8,2.8,2.8,0
LUV,20171225,65.97,65.97,65.97,65.97,0
LVS,20171225,69.74,69.74,69.74,69.74,0
LW,20171225,55.82,55.82,55.82,55.82,0
LXFR,20171225,15.66,15.66,15.66,15.66,0
LXP,20171225,9.75,9.75,9.75,9.75,0
LXP-C,20171225,51.25,51.25,51.25,51.25,0
LXU,20171225,9.07,9.07,9.07,9.07,0
LYB,20171225,109.98,109.98,109.98,109.98,0
LYG,20171225,3.66,3.66,3.66,3.66,0
LYV,20171225,42.07,42.07,42.07,42.07,0
LZB,20171225,31.65,31.65,31.65,31.65,0
M,20171225,25.67,25.67,25.67,25.67,0
MA,20171225,150.85,150.85,150.85,150.85,0
MAA,20171225,99.75,99.75,99.75,99.75,0
MAA-I,20171225,67.5,67.5,67.5,67.5,0
MAC,20171225,65.2,65.2,65.2,65.2,0
MAIN,20171225,40.22,40.22,40.22,40.22,0
MAN,20171225,127.04,127.04,127.04,127.04,0
MANU,20171225,20.3,20.3,20.3,20.3,0
MAS,20171225,43.83,43.83,43.83,43.83,0
MATX,20171225,30.33,30.33,30.33,30.33,0
MAV,20171225,11.375,11.375,11.375,11.375,0
MAXR,20171225,64.8,64.8,64.8,64.8,0
MBI,20171225,7.73,7.73,7.73,7.73,0
MBT,20171225,10.42,10.42,10.42,10.42,0
MC,20171225,49.5,49.5,49.5,49.5,0
MCA,20171225,14.56,14.56,14.56,14.56,0
MCB,20171225,43.18,43.18,43.18,43.18,0
MCC,20171225,5.39,5.39,5.39,5.39,0
MCD,20171225,171.42,171.42,171.42,171.42,0
MCI,20171225,15.62,15.62,15.62,15.62,0
MCK,20171225,158.44,158.44,158.44,158.44,0
MCN,20171225,7.61,7.61,7.61,7.61,0
MCO,20171225,146.99,146.99,146.99,146.99,0
MCR,20171225,8.47,8.47,8.47,8.47,0
MCS,20171225,27.4,27.4,27.4,27.4,0
MCV,20171225,24.95,24.95,24.95,24.95,0
MCX,20171225,25.85,25.85,25.85,25.85,0
MCY,20171225,52.8,52.8,52.8,52.8,0
MD,20171225,53.52,53.52,53.52,53.52,0
MDC,20171225,31.56,31.56,31.56,31.56,0
MDLQ,20171225,25.24,25.24,25.24,25.24,0
MDLX,20171225,24.375,24.375,24.375,24.375,0
MDLY,20171225,6.7,6.7,6.7,6.7,0
MDP,20171225,68.3,68.3,68.3,68.3,0
MDT,20171225,81.54,81.54,81.54,81.54,0
MDU,20171225,26.21,26.21,26.21,26.21,0
MED,20171225,72.64,72.64,72.64,72.64,0
MEI,20171225,40.5,40.5,40.5,40.5,0
MEN,20171225,11.54,11.54,11.54,11.54,0
MER-K,20171225,25.67,25.67,25.67,25.67,0
MET,20171225,50.76,50.76,50.76,50.76,0
MET-A,20171225,24.5,24.5,24.5,24.5,0
MFA,20171225,8.07,8.07,8.07,8.07,0
MFA-B,20171225,25.29,25.29,25.29,25.29,0
MFC,20171225,21,21,21,21,0
MFD,20171225,12.36,12.36,12.36,12.36,0
MFG,20171225,3.7,3.7,3.7,3.7,0
MFGP,20171225,33.07,33.07,33.07,33.07,0
MFL,20171225,14.61,14.61,14.61,14.61,0
MFM,20171225,6.88,6.88,6.88,6.88,0
MFO,20171225,26.1,26.1,26.1,26.1,0
MFT,20171225,13.9,13.9,13.9,13.9,0
MFV,20171225,6.18,6.18,6.18,6.18,0
MG,20171225,22.21,22.21,22.21,22.21,0
MGA,20171225,57.37,57.37,57.37,57.37,0
MGF,20171225,4.79,4.79,4.79,4.79,0
MGM,20171225,33.34,33.34,33.34,33.34,0
MGP,20171225,29.01,29.01,29.01,29.01,0
MGU,20171225,24.9,24.9,24.9,24.9,0
MH-A,20171225,24.905,24.905,24.905,24.905,0
MH-C,20171225,24.44,24.44,24.44,24.44,0
MH-D,20171225,21.33,21.33,21.33,21.33,0
MHD,20171225,16.36,16.36,16.36,16.36,0
MHF,20171225,7.39,7.39,7.39,7.39,0
MHI,20171225,11.83,11.83,11.83,11.83,0
MHK,20171225,276.46,276.46,276.46,276.46,0
MHLA,20171225,23.21,23.21,23.21,23.21,0
MHN,20171225,13.36,13.36,13.36,13.36,0
MHNC,20171225,24.69,24.69,24.69,24.69,0
MHO,20171225,33.99,33.99,33.99,33.99,0
MIC,20171225,63.85,63.85,63.85,63.85,0
MIE,20171225,10,10,10,10,0
MIN,20171225,4.16,4.16,4.16,4.16,0
MIT-A,20171225,25.39,25.39,25.39,25.39,0
MIT-B,20171225,25.22,25.22,25.22,25.22,0
MITT,20171225,19.3,19.3,19.3,19.3,0
MIXT,20171225,12.51,12.51,12.51,12.51,0
MIY,20171225,13.85,13.85,13.85,13.85,0
MKC,20171225,101.92,101.92,101.92,101.92,0
MKC.V,20171225,101.96,101.96,101.96,101.96,0
MKL,20171225,1126.69,1126.69,1126.69,1126.69,0
MLI,20171225,35.89,35.89,35.89,35.89,0
MLM,20171225,211.1,211.1,211.1,211.1,0
MLP,20171225,16.3,16.3,16.3,16.3,0
MLR,20171225,25.45,25.45,25.45,25.45,0
MMC,20171225,80.69,80.69,80.69,80.69,0
MMD,20171225,19.76,19.76,19.76,19.76,0
MMI,20171225,31.98,31.98,31.98,31.98,0
MMM,20171225,234.73,234.73,234.73,234.73,0
MMP,20171225,69.39,69.39,69.39,69.39,0
MMS,20171225,71.03,71.03,71.03,71.03,0
MMT,20171225,6.08,6.08,6.08,6.08,0
MMU,20171225,14.33,14.33,14.33,14.33,0
MN,20171225,3.7,3.7,3.7,3.7,0
MNE,20171225,13.5,13.5,13.5,13.5,0
MNK,20171225,23.32,23.32,23.32,23.32,0
MNP,20171225,15.11,15.11,15.11,15.11,0
MNR,20171225,17.5,17.5,17.5,17.5,0
MNR-C,20171225,24.98,24.98,24.98,24.98,0
MO,20171225,72.14,72.14,72.14,72.14,0
MOD,20171225,20.85,20.85,20.85,20.85,0
MODN,20171225,15.65,15.65,15.65,15.65,0
MOG.A,20171225,87.94,87.94,87.94,87.94,0
MOG.B,20171225,88.72,88.72,88.72,88.72,0
MOH,20171225,74.03,74.03,74.03,74.03,0
MOS,20171225,25.52,25.52,25.52,25.52,0
MOV,20171225,32.05,32.05,32.05,32.05,0
MPA,20171225,14.16,14.16,14.16,14.16,0
MPC,20171225,66.36,66.36,66.36,66.36,0
MPLX,20171225,35.86,35.86,35.86,35.86,0
MPV,20171225,14.39,14.39,14.39,14.39,0
MPW,20171225,13.59,13.59,13.59,13.59,0
MPX,20171225,14.61,14.61,14.61,14.61,0
MQT,20171225,12.97,12.97,12.97,12.97,0
MQY,20171225,15.1,15.1,15.1,15.1,0
MRC,20171225,16.59,16.59,16.59,16.59,0
MRK,20171225,56.36,56.36,56.36,56.36,0
MRO,20171225,16.9,16.9,16.9,16.9,0
MS,20171225,52.72,52.72,52.72,52.72,0
MS-A,20171225,22.87,22.87,22.87,22.87,0
MS-E,20171225,29.41,29.41,29.41,29.41,0
MS-F,20171225,28.87,28.87,28.87,28.87,0
MS-I,20171225,28.06,28.06,28.06,28.06,0
MS-K,20171225,27.18,27.18,27.18,27.18,0
MSA,20171225,79.38,79.38,79.38,79.38,0
MSB,20171225,25.7,25.7,25.7,25.7,0
MSCI,20171225,128.33,128.33,128.33,128.33,0
MSD,20171225,9.91,9.91,9.91,9.91,0
MSG,20171225,211.51,211.51,211.51,211.51,0
MSGN,20171225,20.3,20.3,20.3,20.3,0
MSI,20171225,90.76,90.76,90.76,90.76,0
MSM,20171225,94.39,94.39,94.39,94.39,0
MT,20171225,32.72,32.72,32.72,32.72,0
MTB,20171225,173.07,173.07,173.07,173.07,0
MTD,20171225,614.77,614.77,614.77,614.77,0
MTDR,20171225,30.23,30.23,30.23,30.23,0
MTG,20171225,14.55,14.55,14.55,14.55,0
MTH,20171225,50.8,50.8,50.8,50.8,0
MTL,20171225,4.21,4.21,4.21,4.21,0
MTL.P,20171225,0.92,0.92,0.92,0.92,0
MTN,20171225,215.17,215.17,215.17,215.17,0
MTOR,20171225,23.88,23.88,23.88,23.88,0
MTR,20171225,17.3,17.3,17.3,17.3,0
MTRN,20171225,48.35,48.35,48.35,48.35,0
MTT,20171225,20.94,20.94,20.94,20.94,0
MTW,20171225,39.54,39.54,39.54,39.54,0
MTX,20171225,68.6,68.6,68.6,68.6,0
MTZ,20171225,50.25,50.25,50.25,50.25,0
MUA,20171225,14.87,14.87,14.87,14.87,0
MUC,20171225,14.35,14.35,14.35,14.35,0
MUE,20171225,13.95,13.95,13.95,13.95,0
MUH,20171225,14.68,14.68,14.68,14.68,0
MUI,20171225,13.8,13.8,13.8,13.8,0
MUJ,20171225,14.31,14.31,14.31,14.31,0
MUR,20171225,31.16,31.16,31.16,31.16,0
MUS,20171225,13.31,13.31,13.31,13.31,0
MUSA,20171225,79.81,79.81,79.81,79.81,0
MUX,20171225,2.25,2.25,2.25,2.25,0
MVC,20171225,10.78,10.78,10.78,10.78,0
MVCD,20171225,25.74,25.74,25.74,25.74,0
MVO,20171225,7.88,7.88,7.88,7.88,0
MVT,20171225,15.34,15.34,15.34,15.34,0
MWA,20171225,12.49,12.49,12.49,12.49,0
MX,20171225,9.65,9.65,9.65,9.65,0
MXE,20171225,10.22,10.22,10.22,10.22,0
MXF,20171225,15.4,15.4,15.4,15.4,0
MXL,20171225,26.57,26.57,26.57,26.57,0
MYC,20171225,14.71,14.71,14.71,14.71,0
MYD,20171225,14.36,14.36,14.36,14.36,0
MYE,20171225,19.4,19.4,19.4,19.4,0
MYF,20171225,14.85,14.85,14.85,14.85,0
MYI,20171225,13.82,13.82,13.82,13.82,0
MYJ,20171225,15.75,15.75,15.75,15.75,0
MYN,20171225,12.79,12.79,12.79,12.79,0
MYOV,20171225,12.36,12.36,12.36,12.36,0
NAC,20171225,14.23,14.23,14.23,14.23,0
NAD,20171225,13.94,13.94,13.94,13.94,0
NAN,20171225,13.68,13.68,13.68,13.68,0
NAT,20171225,2.57,2.57,2.57,2.57,0
NAV,20171225,44.61,44.61,44.61,44.61,0
NAV-D,20171225,17.1,17.1,17.1,17.1,0
NAZ,20171225,14.215,14.215,14.215,14.215,0
NBB,20171225,21.79,21.79,21.79,21.79,0
NBHC,20171225,32.62,32.62,32.62,32.62,0
NBR,20171225,6.45,6.45,6.45,6.45,0
NC,20171225,39.55,39.55,39.55,39.55,0
NCA,20171225,10.12,10.12,10.12,10.12,0
NCB,20171225,16.86,16.86,16.86,16.86,0
NCLH,20171225,54.03,54.03,54.03,54.03,0
NCR,20171225,33.59,33.59,33.59,33.59,0
NCV,20171225,7,7,7,7,0
NCZ,20171225,6.18,6.18,6.18,6.18,0
NDP,20171225,13.12,13.12,13.12,13.12,0
NE,20171225,4.23,4.23,4.23,4.23,0
NEA,20171225,13.63,13.63,13.63,13.63,0
NEE,20171225,154.54,154.54,154.54,154.54,0
NEE-I,20171225,25.09,25.09,25.09,25.09,0
NEE-J,20171225,25.1,25.1,25.1,25.1,0
NEE-K,20171225,25.73,25.73,25.73,25.73,0
NEM,20171225,36.92,36.92,36.92,36.92,0
NEP,20171225,41.34,41.34,41.34,41.34,0
NEU,20171225,393.93,393.93,393.93,393.93,0
NEV,20171225,14.165,14.165,14.165,14.165,0
NEWR,20171225,57.52,57.52,57.52,57.52,0
NEXA,20171225,19.01,19.01,19.01,19.01,0
NFG,20171225,54.79,54.79,54.79,54.79,0
NFJ,20171225,13.15,13.15,13.15,13.15,0
NGG,20171225,57.91,57.91,57.91,57.91,0
NGL,20171225,14.35,14.35,14.35,14.35,0
NGL-A,20171225,26.66,26.66,26.66,26.66,0
NGL-B,20171225,24.92,24.92,24.92,24.92,0
NGS,20171225,26,26,26,26,0
NGVC,20171225,8.91,8.91,8.91,8.91,0
NGVT,20171225,70.95,70.95,70.95,70.95,0
NHA,20171225,9.37,9.37,9.37,9.37,0
NHF,20171225,24.94,24.94,24.94,24.94,0
NHI,20171225,75.99,75.99,75.99,75.99,0
NI,20171225,25.28,25.28,25.28,25.28,0
NID,20171225,13.03,13.03,13.03,13.03,0
NIE,20171225,21.21,21.21,21.21,21.21,0
NIM,20171225,9.91,9.91,9.91,9.91,0
NIQ,20171225,12.92,12.92,12.92,12.92,0
NJR,20171225,38.75,38.75,38.75,38.75,0
NJV,20171225,14.05,14.05,14.05,14.05,0
NKE,20171225,63.29,63.29,63.29,63.29,0
NKG,20171225,12.62,12.62,12.62,12.62,0
NKX,20171225,15.26,15.26,15.26,15.26,0
NL,20171225,13.55,13.55,13.55,13.55,0
NLS,20171225,13.75,13.75,13.75,13.75,0
NLSN,20171225,36.54,36.54,36.54,36.54,0
NLY,20171225,12.05,12.05,12.05,12.05,0
NLY-D,20171225,25.2,25.2,25.2,25.2,0
NLY-F,20171225,25.82,25.82,25.82,25.82,0
NM,20171225,13.2,13.2,13.2,13.2,0
NM-G,20171225,15.95,15.95,15.95,15.95,0
NM-H,20171225,16,16,16,16,0
NMFC,20171225,13.75,13.75,13.75,13.75,0
NMI,20171225,11.49,11.49,11.49,11.49,0
NMK-B,20171225,97.02,97.02,97.02,97.02,0
NMK-C,20171225,101.58,101.58,101.58,101.58,0
NMM,20171225,34.05,34.05,34.05,34.05,0
NMR,20171225,5.92,5.92,5.92,5.92,0
NMS,20171225,14.37,14.37,14.37,14.37,0
NMT,20171225,14.13,14.13,14.13,14.13,0
NMY,20171225,12.53,12.53,12.53,12.53,0
NMZ,20171225,13.54,13.54,13.54,13.54,0
NNA,20171225,16.95,16.95,16.95,16.95,0
NNI,20171225,55,55,55,55,0
NNN,20171225,42.34,42.34,42.34,42.34,0
NNN-F,20171225,24.98,24.98,24.98,24.98,0
NNY,20171225,9.48,9.48,9.48,9.48,0
NOA,20171225,4.85,4.85,4.85,4.85,0
NOAH,20171225,45.33,45.33,45.33,45.33,0
NOC,20171225,303.78,303.78,303.78,303.78,0
NOK,20171225,4.78,4.78,4.78,4.78,0
NOM,20171225,14.43,14.43,14.43,14.43,0
NOMD,20171225,16.8,16.8,16.8,16.8,0
NOV,20171225,35.44,35.44,35.44,35.44,0
NOW,20171225,129.19,129.19,129.19,129.19,0
NP,20171225,92.25,92.25,92.25,92.25,0
NPK,20171225,101.4,101.4,101.4,101.4,0
NPN,20171225,14.96,14.96,14.96,14.96,0
NPO,20171225,94.12,94.12,94.12,94.12,0
NPTN,20171225,6.88,6.88,6.88,6.88,0
NPV,20171225,12.81,12.81,12.81,12.81,0
NQP,20171225,13.12,13.12,13.12,13.12,0
NR,20171225,8.65,8.65,8.65,8.65,0
NRG,20171225,28.16,28.16,28.16,28.16,0
NRK,20171225,12.75,12.75,12.75,12.75,0
NRP,20171225,24.9,24.9,24.9,24.9,0
NRT,20171225,6.35,6.35,6.35,6.35,0
NRZ,20171225,18.28,18.28,18.28,18.28,0
NS,20171225,29.65,29.65,29.65,29.65,0
NS-A,20171225,24.67,24.67,24.67,24.67,0
NS-B,20171225,22.59,22.59,22.59,22.59,0
NS-C,20171225,25.47,25.47,25.47,25.47,0
NSA,20171225,27.13,27.13,27.13,27.13,0
NSA-A,20171225,26,26,26,26,0
NSC,20171225,144.52,144.52,144.52,144.52,0
NSL,20171225,6.49,6.49,6.49,6.49,0
NSP,20171225,57.3,57.3,57.3,57.3,0
NSS,20171225,25.42,25.42,25.42,25.42,0
NTB,20171225,37.7,37.7,37.7,37.7,0
NTG,20171225,16.89,16.89,16.89,16.89,0
NTP,20171225,12.25,12.25,12.25,12.25,0
NTX,20171225,14.22,14.22,14.22,14.22,0
NTZ,20171225,8,8,8,8,0
NUE,20171225,64.56,64.56,64.56,64.56,0
NUM,20171225,13.14,13.14,13.14,13.14,0
NUO,20171225,14.7,14.7,14.7,14.7,0
NUS,20171225,69.97,69.97,69.97,69.97,0
NUV,20171225,10.015,10.015,10.015,10.015,0
NUW,20171225,17.15,17.15,17.15,17.15,0
NVG,20171225,15.25,15.25,15.25,15.25,0
NVGS,20171225,9.65,9.65,9.65,9.65,0
NVO,20171225,53.41,53.41,53.41,53.41,0
NVR,20171225,3480,3480,3480,3480,0
NVRO,20171225,69.48,69.48,69.48,69.48,0
NVS,20171225,72.9653,72.9653,72.9653,72.9653,0
NVTA,20171225,9.1,9.1,9.1,9.1,0
NWE,20171225,59.27,59.27,59.27,59.27,0
NWHM,20171225,12.41,12.41,12.41,12.41,0
NWN,20171225,58.95,58.95,58.95,58.95,0
NX,20171225,23.45,23.45,23.45,23.45,0
NXC,20171225,14.82,14.82,14.82,14.82,0
NXJ,20171225,13.51,13.51,13.51,13.51,0
NXN,20171225,13.74,13.74,13.74,13.74,0
NXP,20171225,14.67,14.67,14.67,14.67,0
NXQ,20171225,13.89,13.89,13.89,13.89,0
NXR,20171225,14.8,14.8,14.8,14.8,0
NXRT,20171225,28.27,28.27,28.27,28.27,0
NYC-A,20171225,28.8,28.8,28.8,28.8,0
NYC-U,20171225,50.35,50.35,50.35,50.35,0
NYCB,20171225,13.28,13.28,13.28,13.28,0
NYT,20171225,18.5,18.5,18.5,18.5,0
NYV,20171225,14.155,14.155,14.155,14.155,0
NZF,20171225,15,15,15,15,0
O,20171225,55.85,55.85,55.85,55.85,0
OAK-A,20171225,25.27,25.27,25.27,25.27,0
OBE,20171225,8.61,8.61,8.61,8.61,0
OC,20171225,91.2,91.2,91.2,91.2,0
OCN,20171225,3.2,3.2,3.2,3.2,0
ODC,20171225,42.81,42.81,42.81,42.81,0
OEC,20171225,24.75,24.75,24.75,24.75,0
OFC,20171225,29.11,29.11,29.11,29.11,0
OFG,20171225,9.4,9.4,9.4,9.4,0
OFG-A,20171225,23.947,23.947,23.947,23.947,0
OFG-B,20171225,22.06,22.06,22.06,22.06,0
OFG-D,20171225,23.251,23.251,23.251,23.251,0
OGE,20171225,33.01,33.01,33.01,33.01,0
OGS,20171225,72.59,72.59,72.59,72.59,0
OHI,20171225,26.9,26.9,26.9,26.9,0
OI,20171225,22.25,22.25,22.25,22.25,0
OIA,20171225,8.12,8.12,8.12,8.12,0
OIB.C,20171225,5.4,5.4,5.4,5.4,0
OII,20171225,20.5,20.5,20.5,20.5,0
OIS,20171225,28.25,28.25,28.25,28.25,0
OKE,20171225,53.21,53.21,53.21,53.21,0
OLN,20171225,34.59,34.59,34.59,34.59,0
OLP,20171225,26.03,26.03,26.03,26.03,0
OMC,20171225,73.61,73.61,73.61,73.61,0
OMF,20171225,25.38,25.38,25.38,25.38,0
OMI,20171225,18.92,18.92,18.92,18.92,0
OMN,20171225,9.9,9.9,9.9,9.9,0
ONDK,20171225,5.79,5.79,5.79,5.79,0
OOMA,20171225,12.15,12.15,12.15,12.15,0
OPP,20171225,18.3,18.3,18.3,18.3,0
OPY,20171225,27.4,27.4,27.4,27.4,0
OR,20171225,11.48,11.48,11.48,11.48,0
ORA,20171225,63.81,63.81,63.81,63.81,0
ORAN,20171225,17.42,17.42,17.42,17.42,0
ORC,20171225,9.41,9.41,9.41,9.41,0
ORCL,20171225,47.36,47.36,47.36,47.36,0
ORI,20171225,21.1,21.1,21.1,21.1,0
ORN,20171225,7.77,7.77,7.77,7.77,0
OSB,20171225,34,34,34,34,0
OSG,20171225,2.61,2.61,2.61,2.61,0
OSK,20171225,91.4,91.4,91.4,91.4,0
OSLE,20171225,25.35,25.35,25.35,25.35,0
OUT,20171225,23.15,23.15,23.15,23.15,0
OXM,20171225,74.7,74.7,74.7,74.7,0
OXY,20171225,72.99,72.99,72.99,72.99,0
PAA,20171225,21.12,21.12,21.12,21.12,0
PAC,20171225,101.46,101.46,101.46,101.46,0
PAG,20171225,48.21,48.21,48.21,48.21,0
PAGP,20171225,21.97,21.97,21.97,21.97,0
PAI,20171225,15.62,15.62,15.62,15.62,0
PAM,20171225,67.43,67.43,67.43,67.43,0
PANW,20171225,146.15,146.15,146.15,146.15,0
PAR,20171225,9.44,9.44,9.44,9.44,0
PAYC,20171225,80.72,80.72,80.72,80.72,0
PB,20171225,71.75,71.75,71.75,71.75,0
PBA,20171225,35.48,35.48,35.48,35.48,0
PBB,20171225,25.66,25.66,25.66,25.66,0
PBF,20171225,34.98,34.98,34.98,34.98,0
PBFX,20171225,20.5,20.5,20.5,20.5,0
PBH,20171225,44.55,44.55,44.55,44.55,0
PBI,20171225,11.34,11.34,11.34,11.34,0
PBI-B,20171225,24.61,24.61,24.61,24.61,0
PBR,20171225,9.99,9.99,9.99,9.99,0
PBR.A,20171225,9.47,9.47,9.47,9.47,0
PBT,20171225,8.88,8.88,8.88,8.88,0
PCF,20171225,9.09,9.09,9.09,9.09,0
PCG,20171225,44.57,44.57,44.57,44.57,0
PCI,20171225,22.33,22.33,22.33,22.33,0
PCK,20171225,10.15,10.15,10.15,10.15,0
PCM,20171225,11.47,11.47,11.47,11.47,0
PCN,20171225,17.15,17.15,17.15,17.15,0
PCQ,20171225,17.28,17.28,17.28,17.28,0
PDI,20171225,30.23,30.23,30.23,30.23,0
PDM,20171225,19.51,19.51,19.51,19.51,0
PDS,20171225,2.81,2.81,2.81,2.81,0
PDT,20171225,17.24,17.24,17.24,17.24,0
PE,20171225,29.54,29.54,29.54,29.54,0
PEB,20171225,37.6,37.6,37.6,37.6,0
PEB-C,20171225,25.7,25.7,25.7,25.7,0
PEB-D,20171225,26,26,26,26,0
PEG,20171225,51.07,51.07,51.07,51.07,0
PEI,20171225,11.44,11.44,11.44,11.44,0
PEI-B,20171225,25.28,25.28,25.28,25.28,0
PEI-C,20171225,25.85,25.85,25.85,25.85,0
PEI-D,20171225,24.98,24.98,24.98,24.98,0
PEN,20171225,95.1,95.1,95.1,95.1,0
PEO,20171225,19.77,19.77,19.77,19.77,0
PER,20171225,2.1,2.1,2.1,2.1,0
PFD,20171225,15.01,15.01,15.01,15.01,0
PFE,20171225,36.14,36.14,36.14,36.14,0
PFGC,20171225,32.4,32.4,32.4,32.4,0
PFH,20171225,13.51,13.51,13.51,13.51,0
PFL,20171225,11.64,11.64,11.64,11.64,0
PFN,20171225,10.33,10.33,10.33,10.33,0
PFO,20171225,11.74,11.74,11.74,11.74,0
PFS,20171225,27.48,27.48,27.48,27.48,0
PFSI,20171225,21.7,21.7,21.7,21.7,0
PG,20171225,92.13,92.13,92.13,92.13,0
PGP,20171225,15.09,15.09,15.09,15.09,0
PGR,20171225,56.09,56.09,56.09,56.09,0
PGRE,20171225,15.58,15.58,15.58,15.58,0
PGTI,20171225,16.35,16.35,16.35,16.35,0
PGZ,20171225,17.22,17.22,17.22,17.22,0
PH,20171225,199.25,199.25,199.25,199.25,0
PHD,20171225,11.51,11.51,11.51,11.51,0
PHG,20171225,38.06,38.06,38.06,38.06,0
PHI,20171225,29.42,29.42,29.42,29.42,0
PHK,20171225,7.48,7.48,7.48,7.48,0
PHM,20171225,33.37,33.37,33.37,33.37,0
PHT,20171225,9.74,9.74,9.74,9.74,0
PHX,20171225,21.4,21.4,21.4,21.4,0
PII,20171225,125.22,125.22,125.22,125.22,0
PIM,20171225,4.7,4.7,4.7,4.7,0
PIR,20171225,86.8,86.8,86.8,86.8,0
PIY,20171225,14.252,14.252,14.252,14.252,0
PJH,20171225,25.21,25.21,25.21,25.21,0
PJT,20171225,45.3,45.3,45.3,45.3,0
PK,20171225,29.37,29.37,29.37,29.37,0
PKD,20171225,14.55,14.55,14.55,14.55,0
PKE,20171225,19.49,19.49,19.49,19.49,0
PKG,20171225,120.09,120.09,120.09,120.09,0
PKI,20171225,73.05,73.05,73.05,73.05,0
PKO,20171225,26.05,26.05,26.05,26.05,0
PKX,20171225,78.57,78.57,78.57,78.57,0
PLD,20171225,63.83,63.83,63.83,63.83,0
PLNT,20171225,34.65,34.65,34.65,34.65,0
PLOW,20171225,38.35,38.35,38.35,38.35,0
PLT,20171225,51.25,51.25,51.25,51.25,0
PM,20171225,104.65,104.65,104.65,104.65,0
PMF,20171225,12.935,12.935,12.935,12.935,0
PML,20171225,13.21,13.21,13.21,13.21,0
PMM,20171225,7.34,7.34,7.34,7.34,0
PMO,20171225,12.35,12.35,12.35,12.35,0
PMT,20171225,16.46,16.46,16.46,16.46,0
PMT-A,20171225,24.98,24.98,24.98,24.98,0
PMT-B,20171225,24.88,24.88,24.88,24.88,0
PMX,20171225,11.66,11.66,11.66,11.66,0
PNC,20171225,146.12,146.12,146.12,146.12,0
PNC-P,20171225,28.4,28.4,28.4,28.4,0
PNC-Q,20171225,25.15,25.15,25.15,25.15,0
PNF,20171225,12.56,12.56,12.56,12.56,0
PNI,20171225,11.83,11.83,11.83,11.83,0
PNM,20171225,40.9,40.9,40.9,40.9,0
PNR,20171225,46.8187,46.8187,46.8187,46.8187,0
PNW,20171225,85.14,85.14,85.14,85.14,0
POL,20171225,43.5,43.5,43.5,43.5,0
POR,20171225,45.61,45.61,45.61,45.61,0
POST,20171225,78.71,78.71,78.71,78.71,0
PPG,20171225,116.19,116.19,116.19,116.19,0
PPL,20171225,31.13,31.13,31.13,31.13,0
PPR,20171225,5.08,5.08,5.08,5.08,0
PPT,20171225,5.23,5.23,5.23,5.23,0
PPX,20171225,25.57,25.57,25.57,25.57,0
PQG,20171225,16.36,16.36,16.36,16.36,0
PRA,20171225,56.55,56.55,56.55,56.55,0
PRE-F,20171225,25.63,25.63,25.63,25.63,0
PRE-G,20171225,26.97,26.97,26.97,26.97,0
PRE-H,20171225,28.79,28.79,28.79,28.79,0
PRE-I,20171225,26.61,26.61,26.61,26.61,0
PRGO,20171225,87.01,87.01,87.01,87.01,0
PRH,20171225,25.22,25.22,25.22,25.22,0
PRI,20171225,103.4,103.4,103.4,103.4,0
PRLB,20171225,101.5,101.5,101.5,101.5,0
PRO,20171225,26.11,26.11,26.11,26.11,0
PRTY,20171225,13.95,13.95,13.95,13.95,0
PRU,20171225,116.16,116.16,116.16,116.16,0
PSA,20171225,205.97,205.97,205.97,205.97,0
PSA-B,20171225,25.61,25.61,25.61,25.61,0
PSA-C,20171225,25.3,25.3,25.3,25.3,0
PSA-D,20171225,25,25,25,25,0
PSA-E,20171225,24.91,24.91,24.91,24.91,0
PSA-F,20171225,25.01,25.01,25.01,25.01,0
PSA-G,20171225,25,25,25,25,0
PSA-V,20171225,25.19,25.19,25.19,25.19,0
PSA-W,20171225,25,25,25,25,0
PSA-X,20171225,25.05,25.05,25.05,25.05,0
PSB,20171225,123.42,123.42,123.42,123.42,0
PSB-W,20171225,25.11,25.11,25.11,25.11,0
PSB-X,20171225,25.16,25.16,25.16,25.16,0
PSB-Y,20171225,24.98,24.98,24.98,24.98,0
PSF,20171225,28.42,28.42,28.42,28.42,0
PSO,20171225,9.7,9.7,9.7,9.7,0
PSTG,20171225,16.15,16.15,16.15,16.15,0
PSX,20171225,100.89,100.89,100.89,100.89,0
PSXP,20171225,52.04,52.04,52.04,52.04,0
PTR,20171225,70.33,70.33,70.33,70.33,0
PTY,20171225,16.41,16.41,16.41,16.41,0
PUK,20171225,50,50,50,50,0
PUK-A,20171225,26.06,26.06,26.06,26.06,0
PUK.P,20171225,26.22,26.22,26.22,26.22,0
PUMP,20171225,19.91,19.91,19.91,19.91,0
PVG,20171225,11.33,11.33,11.33,11.33,0
PVH,20171225,135.6,135.6,135.6,135.6,0
PWR,20171225,39.41,39.41,39.41,39.41,0
PXD,20171225,171.12,171.12,171.12,171.12,0
PYN,20171225,9.91,9.91,9.91,9.91,0
PYS,20171225,20.67,20.67,20.67,20.67,0
PYT,20171225,20.76,20.76,20.76,20.76,0
PZC,20171225,10.42,10.42,10.42,10.42,0
PZN,20171225,11,11,11,11,0
QD,20171225,13.07,13.07,13.07,13.07,0
QEP,20171225,9.6,9.6,9.6,9.6,0
QHC,20171225,5.95,5.95,5.95,5.95,0
QSR,20171225,61.28,61.28,61.28,61.28,0
QTS,20171225,53.58,53.58,53.58,53.58,0
QTWO,20171225,36.7,36.7,36.7,36.7,0
QUAD,20171225,23.32,23.32,23.32,23.32,0
QUOT,20171225,11.85,11.85,11.85,11.85,0
R,20171225,84.8,84.8,84.8,84.8,0
RA,20171225,23.39,23.39,23.39,23.39,0
RACE,20171225,106.54,106.54,106.54,106.54,0
RAD,20171225,40.2,40.2,40.2,40.2,0
RBA,20171225,29.55,29.55,29.55,29.55,0
RBC,20171225,77.5,77.5,77.5,77.5,0
RBS,20171225,7.5,7.5,7.5,7.5,0
RCI,20171225,50.43,50.43,50.43,50.43,0
RCL,20171225,121.06,121.06,121.06,121.06,0
RCS,20171225,8.8,8.8,8.8,8.8,0
RDN,20171225,21.37,21.37,21.37,21.37,0
RDS.A,20171225,65.75,65.75,65.75,65.75,0
RDS.B,20171225,67.23,67.23,67.23,67.23,0
RDY,20171225,36.16,36.16,36.16,36.16,0
RE,20171225,218.95,218.95,218.95,218.95,0
RELX,20171225,23.46,23.46,23.46,23.46,0
RENN,20171225,10.44,10.44,10.44,10.44,0
RES,20171225,26.19,26.19,26.19,26.19,0
RESI,20171225,11.85,11.85,11.85,11.85,0
REV,20171225,22.9,22.9,22.9,22.9,0
REVG,20171225,31.98,31.98,31.98,31.98,0
REX,20171225,83.72,83.72,83.72,83.72,0
REX-A,20171225,25.14,25.14,25.14,25.14,0
REX-B,20171225,25.5,25.5,25.5,25.5,0
REXR,20171225,29.21,29.21,29.21,29.21,0
RF,20171225,17.47,17.47,17.47,17.47,0
RF-A,20171225,25.33,25.33,25.33,25.33,0
RF-B,20171225,28.47,28.47,28.47,28.47,0
RFI,20171225,12.59,12.59,12.59,12.59,0
RFP,20171225,10.8,10.8,10.8,10.8,0
RGA,20171225,155.07,155.07,155.07,155.07,0
RGR,20171225,55.2,55.2,55.2,55.2,0
RGS,20171225,15.47,15.47,15.47,15.47,0
RGT,20171225,10.68,10.68,10.68,10.68,0
RH,20171225,92.92,92.92,92.92,92.92,0
RHI,20171225,55.68,55.68,55.68,55.68,0
RHP,20171225,70.25,70.25,70.25,70.25,0
RIG,20171225,10.36,10.36,10.36,10.36,0
RIO,20171225,51.09,51.09,51.09,51.09,0
RIV,20171225,19.79,19.79,19.79,19.79,0
RJF,20171225,90.64,90.64,90.64,90.64,0
RL,20171225,101.8,101.8,101.8,101.8,0
RLGY,20171225,26.41,26.41,26.41,26.41,0
RLH,20171225,9.85,9.85,9.85,9.85,0
RLI,20171225,58.71,58.71,58.71,58.71,0
RLJ,20171225,22.43,22.43,22.43,22.43,0
RLJ-A,20171225,27.5,27.5,27.5,27.5,0
RM,20171225,26.99,26.99,26.99,26.99,0
RMAX,20171225,48.6,48.6,48.6,48.6,0
RMD,20171225,85.11,85.11,85.11,85.11,0
RMP.P,20171225,25.29,25.29,25.29,25.29,0
RMT,20171225,9.39,9.39,9.39,9.39,0
RNG,20171225,47.7,47.7,47.7,47.7,0
RNGR,20171225,9.26,9.26,9.26,9.26,0
RNP,20171225,20.64,20.64,20.64,20.64,0
RNR,20171225,125.83,125.83,125.83,125.83,0
RNR-C,20171225,25.7,25.7,25.7,25.7,0
RNR-E,20171225,25.28,25.28,25.28,25.28,0
ROG,20171225,159.6,159.6,159.6,159.6,0
ROK,20171225,194.57,194.57,194.57,194.57,0
ROL,20171225,30.9667,30.9667,30.9667,30.9667,0
ROP,20171225,259.53,259.53,259.53,259.53,0
ROYT,20171225,1.72,1.72,1.72,1.72,0
RPAI,20171225,13.08,13.08,13.08,13.08,0
RPM,20171225,52.16,52.16,52.16,52.16,0
RPT,20171225,14.35,14.35,14.35,14.35,0
RPT-D,20171225,57.17,57.17,57.17,57.17,0
RQI,20171225,12.37,12.37,12.37,12.37,0
RRC,20171225,16.46,16.46,16.46,16.46,0
RRD,20171225,9.49,9.49,9.49,9.49,0
RRTS,20171225,200,200,200,200,0
RS,20171225,86.32,86.32,86.32,86.32,0
RSG,20171225,66.93,66.93,66.93,66.93,0
RST,20171225,12.66,12.66,12.66,12.66,0
RTN,20171225,187.31,187.31,187.31,187.31,0
RUBI,20171225,1.92,1.92,1.92,1.92,0
RVT,20171225,16.1,16.1,16.1,16.1,0
RWT,20171225,14.85,14.85,14.85,14.85,0
RXN,20171225,25.78,25.78,25.78,25.78,0
RY,20171225,80.53,80.53,80.53,80.53,0
RY-T,20171225,28.8,28.8,28.8,28.8,0
RYAM,20171225,19.97,19.97,19.97,19.97,0
RYB,20171225,16.25,16.25,16.25,16.25,0
RYI,20171225,10.3,10.3,10.3,10.3,0
RYN,20171225,31.17,31.17,31.17,31.17,0
RZA,20171225,27.85,27.85,27.85,27.85,0
RZB,20171225,28.35,28.35,28.35,28.35,0
S,20171225,5.64,5.64,5.64,5.64,0
SA,20171225,11.15,11.15,11.15,11.15,0
SAB,20171225,25.88,25.88,25.88,25.88,0
SAFE,20171225,17.57,17.57,17.57,17.57,0
SAH,20171225,19.1,19.1,19.1,19.1,0
SAIC,20171225,77.31,77.31,77.31,77.31,0
SAIL,20171225,14.8,14.8,14.8,14.8,0
SALT,20171225,7.35,7.35,7.35,7.35,0
SAM,20171225,191.3,191.3,191.3,191.3,0
SAN,20171225,6.61,6.61,6.61,6.61,0
SAN-B,20171225,24.24,24.24,24.24,24.24,0
SAP,20171225,112.58,112.58,112.58,112.58,0
SAR,20171225,22.06,22.06,22.06,22.06,0
SB,20171225,3.21,3.21,3.21,3.21,0
SB-C,20171225,22.89,22.89,22.89,22.89,0
SB-D,20171225,22.97,22.97,22.97,22.97,0
SBGL,20171225,4.87,4.87,4.87,4.87,0
SBH,20171225,18.68,18.68,18.68,18.68,0
SBI,20171225,9.32,9.32,9.32,9.32,0
SBNA,20171225,24.01,24.01,24.01,24.01,0
SBOW,20171225,25.49,25.49,25.49,25.49,0
SBR,20171225,45.45,45.45,45.45,45.45,0
SBS,20171225,10.21,10.21,10.21,10.21,0
SC,20171225,18.45,18.45,18.45,18.45,0
SCA,20171225,25.37,25.37,25.37,25.37,0
SCCO,20171225,46.21,46.21,46.21,46.21,0
SCD,20171225,13.76,13.76,13.76,13.76,0
SCE-G,20171225,23.89,23.89,23.89,23.89,0
SCE-H,20171225,26.16,26.16,26.16,26.16,0
SCE-J,20171225,25.7,25.7,25.7,25.7,0
SCE-K,20171225,26.17,26.17,26.17,26.17,0
SCE-L,20171225,23.76,23.76,23.76,23.76,0
SCH-C,20171225,27.2,27.2,27.2,27.2,0
SCH-D,20171225,27.085,27.085,27.085,27.085,0
SCHW,20171225,52.08,52.08,52.08,52.08,0
SCI,20171225,37.34,37.34,37.34,37.34,0
SCL,20171225,79.51,79.51,79.51,79.51,0
SCM,20171225,13.49,13.49,13.49,13.49,0
SCS,20171225,14.8,14.8,14.8,14.8,0
SCX,20171225,8.4,8.4,8.4,8.4,0
SD,20171225,18.12,18.12,18.12,18.12,0
SDRL,20171225,64.2648,64.2648,64.2648,64.2648,0
SE,20171225,13.24,13.24,13.24,13.24,0
SEAS,20171225,13.63,13.63,13.63,13.63,0
SEE,20171225,49.09,49.09,49.09,49.09,0
SEM,20171225,17,17,17,17,0
SERV,20171225,51.36,51.36,51.36,51.36,0
SF,20171225,60.66,60.66,60.66,60.66,0
SF-A,20171225,27.34,27.34,27.34,27.34,0
SFB,20171225,25.23,25.23,25.23,25.23,0
SFE,20171225,11.35,11.35,11.35,11.35,0
SFL,20171225,15.25,15.25,15.25,15.25,0
SFUN,20171225,23.15,23.15,23.15,23.15,0
SGU,20171225,10.62,10.62,10.62,10.62,0
SHAK,20171225,44.79,44.79,44.79,44.79,0
SHG,20171225,46.8,46.8,46.8,46.8,0
SHI,20171225,58.21,58.21,58.21,58.21,0
SHLX,20171225,29.26,29.26,29.26,29.26,0
SHO,20171225,17.06,17.06,17.06,17.06,0
SHO-E,20171225,26.51,26.51,26.51,26.51,0
SHO-F,20171225,26,26,26,26,0
SHOP,20171225,103.86,103.86,103.86,103.86,0
SHW,20171225,413.09,413.09,413.09,413.09,0
SID,20171225,2.38,2.38,2.38,2.38,0
SIG,20171225,56.6,56.6,56.6,56.6,0
SITE,20171225,74.34,74.34,74.34,74.34,0
SIX,20171225,67.52,67.52,67.52,67.52,0
SJI,20171225,31,31,31,31,0
SJM,20171225,125.22,125.22,125.22,125.22,0
SJR,20171225,22.8,22.8,22.8,22.8,0
SJT,20171225,8.21,8.21,8.21,8.21,0
SJW,20171225,62.45,62.45,62.45,62.45,0
SKM,20171225,28.25,28.25,28.25,28.25,0
SKT,20171225,25.41,25.41,25.41,25.41,0
SKX,20171225,38.32,38.32,38.32,38.32,0
SLB,20171225,67.44,67.44,67.44,67.44,0
SLCA,20171225,32.76,32.76,32.76,32.76,0
SLF,20171225,40.75,40.75,40.75,40.75,0
SLG,20171225,100.04,100.04,100.04,100.04,0
SLG-I,20171225,25.45,25.45,25.45,25.45,0
SM,20171225,21.86,21.86,21.86,21.86,0
SMFG,20171225,8.82,8.82,8.82,8.82,0
SMG,20171225,102.55,102.55,102.55,102.55,0
SMHI,20171225,12.24,12.24,12.24,12.24,0
SMLP,20171225,20.65,20.65,20.65,20.65,0
SMM,20171225,10.83,10.83,10.83,10.83,0
SMP,20171225,44.99,44.99,44.99,44.99,0
SNA,20171225,174.7,174.7,174.7,174.7,0
SNAP,20171225,15.15,15.15,15.15,15.15,0
SNDR,20171225,28.44,28.44,28.44,28.44,0
SNE,20171225,45.68,45.68,45.68,45.68,0
SNN,20171225,34.85,34.85,34.85,34.85,0
SNP,20171225,73.43,73.43,73.43,73.43,0
SNR,20171225,7.55,7.55,7.55,7.55,0
SNV,20171225,48.95,48.95,48.95,48.95,0
SNX,20171225,136.61,136.61,136.61,136.61,0
SO,20171225,48.5,48.5,48.5,48.5,0
SOGO,20171225,11.66,11.66,11.66,11.66,0
SOI,20171225,20.15,20.15,20.15,20.15,0
SOJA,20171225,27.13,27.13,27.13,27.13,0
SOJB,20171225,25.85,25.85,25.85,25.85,0
SOJC,20171225,25.05,25.05,25.05,25.05,0
SOL,20171225,2.88,2.88,2.88,2.88,0
SON,20171225,53.32,53.32,53.32,53.32,0
SOR,20171225,41.12,41.12,41.12,41.12,0
SPB,20171225,114.11,114.11,114.11,114.11,0
SPE,20171225,14.81,14.81,14.81,14.81,0
SPE-B,20171225,25.74,25.74,25.74,25.74,0
SPG,20171225,167.07,167.07,167.07,167.07,0
SPG-J,20171225,71.99,71.99,71.99,71.99,0
SPGI,20171225,167.83,167.83,167.83,167.83,0
SPH,20171225,23.58,23.58,23.58,23.58,0
SPL-A,20171225,21.1,21.1,21.1,21.1,0
SPLP,20171225,19.9,19.9,19.9,19.9,0
SPN,20171225,9.54,9.54,9.54,9.54,0
SPR,20171225,86.72,86.72,86.72,86.72,0
SPXC,20171225,31.6,31.6,31.6,31.6,0
SPXX,20171225,17.011,17.011,17.011,17.011,0
SQ,20171225,35.14,35.14,35.14,35.14,0
SQM,20171225,59.64,59.64,59.64,59.64,0
SQNS,20171225,1.88,1.88,1.88,1.88,0
SR,20171225,73.95,73.95,73.95,73.95,0
SRC,20171225,43.15,43.15,43.15,43.15,0
SRC-A,20171225,24.74,24.74,24.74,24.74,0
SRE,20171225,108.31,108.31,108.31,108.31,0
SRF,20171225,9.13,9.13,9.13,9.13,0
SRG,20171225,40.05,40.05,40.05,40.05,0
SRG-A,20171225,24.35,24.35,24.35,24.35,0
SRI,20171225,23.82,23.82,23.82,23.82,0
SRLP,20171225,24.75,24.75,24.75,24.75,0
SRT,20171225,9.81,9.81,9.81,9.81,0
SRV,20171225,11.6,11.6,11.6,11.6,0
SSD,20171225,57.66,57.66,57.66,57.66,0
SSI,20171225,1.82,1.82,1.82,1.82,0
SSL,20171225,32.42,32.42,32.42,32.42,0
SSTK,20171225,44.03,44.03,44.03,44.03,0
SSW,20171225,7.1,7.1,7.1,7.1,0
SSW-D,20171225,24.44,24.44,24.44,24.44,0
SSW-E,20171225,24.81,24.81,24.81,24.81,0
SSW-G,20171225,24.19,24.19,24.19,24.19,0
SSW-H,20171225,23.65,23.65,23.65,23.65,0
SSWA,20171225,24.23,24.23,24.23,24.23,0
ST,20171225,51.28,51.28,51.28,51.28,0
STA-C,20171225,26.7,26.7,26.7,26.7,0
STA-D,20171225,25.5,25.5,25.5,25.5,0
STA-G,20171225,25.25,25.25,25.25,25.25,0
STA-I,20171225,25.1,25.1,25.1,25.1,0
STAG,20171225,27.19,27.19,27.19,27.19,0
STAR,20171225,11.36,11.36,11.36,11.36,0
STC,20171225,43.11,43.11,43.11,43.11,0
STE,20171225,88.13,88.13,88.13,88.13,0
STK,20171225,22.73,22.73,22.73,22.73,0
STL,20171225,25.6,25.6,25.6,25.6,0
STL-A,20171225,26.63,26.63,26.63,26.63,0
STM,20171225,22.25,22.25,22.25,22.25,0
STN,20171225,27.55,27.55,27.55,27.55,0
STNG,20171225,31.6,31.6,31.6,31.6,0
STON,20171225,6.57,6.57,6.57,6.57,0
STOR,20171225,25.55,25.55,25.55,25.55,0
STT,20171225,97.93,97.93,97.93,97.93,0
STT-C,20171225,25.1,25.1,25.1,25.1,0
STT-D,20171225,27.4,27.4,27.4,27.4,0
STT-G,20171225,27.32,27.32,27.32,27.32,0
STWD,20171225,21.73,21.73,21.73,21.73,0
STZ,20171225,223.81,223.81,223.81,223.81,0
STZ.B,20171225,223.7,223.7,223.7,223.7,0
SU,20171225,35.14,35.14,35.14,35.14,0
SUI,20171225,92.02,92.02,92.02,92.02,0
SUM,20171225,30.74,30.74,30.74,30.74,0
SUN,20171225,28.46,28.46,28.46,28.46,0
SUP,20171225,15.7,15.7,15.7,15.7,0
SUPV,20171225,30.08,30.08,30.08,30.08,0
SWCH,20171225,18.1,18.1,18.1,18.1,0
SWK,20171225,167.46,167.46,167.46,167.46,0
SWM,20171225,45.57,45.57,45.57,45.57,0
SWN,20171225,5.32,5.32,5.32,5.32,0
SWP,20171225,122.69,122.69,122.69,122.69,0
SWX,20171225,80.23,80.23,80.23,80.23,0
SWZ,20171225,12.617,12.617,12.617,12.617,0
SXC,20171225,12.17,12.17,12.17,12.17,0
SXI,20171225,100.65,100.65,100.65,100.65,0
SXT,20171225,73.58,73.58,73.58,73.58,0
SYF,20171225,38.77,38.77,38.77,38.77,0
SYK,20171225,154.14,154.14,154.14,154.14,0
SYX,20171225,31.45,31.45,31.45,31.45,0
SYY,20171225,60.72,60.72,60.72,60.72,0
SZC,20171225,19.92,19.92,19.92,19.92,0
T,20171225,38.94,38.94,38.94,38.94,0
TAC,20171225,5.75,5.75,5.75,5.75,0
TAL,20171225,29.4,29.4,29.4,29.4,0
TAP,20171225,81.1,81.1,81.1,81.1,0
TAP.A,20171225,84.035,84.035,84.035,84.035,0
TARO,20171225,106.03,106.03,106.03,106.03,0
TBB,20171225,26.29,26.29,26.29,26.29,0
TBI,20171225,28.15,28.15,28.15,28.15,0
TCI,20171225,33.3,33.3,33.3,33.3,0
TCO,20171225,64.38,64.38,64.38,64.38,0
TCO-J,20171225,25.14,25.14,25.14,25.14,0
TCO-K,20171225,25.19,25.19,25.19,25.19,0
TCP,20171225,52.34,52.34,52.34,52.34,0
TCRZ,20171225,26.025,26.025,26.025,26.025,0
TCS,20171225,5.37,5.37,5.37,5.37,0
TD,20171225,57.37,57.37,57.37,57.37,0
TDA,20171225,25,25,25,25,0
TDC,20171225,38.53,38.53,38.53,38.53,0
TDE,20171225,25.41,25.41,25.41,25.41,0
TDF,20171225,21.21,21.21,21.21,21.21,0
TDG,20171225,270.65,270.65,270.65,270.65,0
TDI,20171225,25.94,25.94,25.94,25.94,0
TDJ,20171225,25.2,25.2,25.2,25.2,0
TDOC,20171225,35.2,35.2,35.2,35.2,0
TDS,20171225,27.79,27.79,27.79,27.79,0
TDW,20171225,24.66,24.66,24.66,24.66,0
TDW.A,20171225,2.36,2.36,2.36,2.36,0
TDW.B,20171225,2,2,2,2,0
TDY,20171225,181.24,181.24,181.24,181.24,0
TECK,20171225,25.41,25.41,25.41,25.41,0
TEF,20171225,9.72,9.72,9.72,9.72,0
TEI,20171225,11.27,11.27,11.27,11.27,0
TEL,20171225,94.95,94.95,94.95,94.95,0
TEN,20171225,58.38,58.38,58.38,58.38,0
TEO,20171225,38.64,38.64,38.64,38.64,0
TEVA,20171225,18.75,18.75,18.75,18.75,0
TEX,20171225,48.51,48.51,48.51,48.51,0
TFX,20171225,249.44,249.44,249.44,249.44,0
TG,20171225,19.3,19.3,19.3,19.3,0
TGH,20171225,21.85,21.85,21.85,21.85,0
TGI,20171225,27.35,27.35,27.35,27.35,0
TGNA,20171225,14.19,14.19,14.19,14.19,0
TGP,20171225,20.05,20.05,20.05,20.05,0
TGP-A,20171225,25.65,25.65,25.65,25.65,0
TGP-B,20171225,24.83,24.83,24.83,24.83,0
TGS,20171225,23.5,23.5,23.5,23.5,0
TGT,20171225,65.39,65.39,65.39,65.39,0
THC,20171225,15.13,15.13,15.13,15.13,0
THG,20171225,107.53,107.53,107.53,107.53,0
THGA,20171225,25.35,25.35,25.35,25.35,0
THO,20171225,151.83,151.83,151.83,151.83,0
THQ,20171225,17.51,17.51,17.51,17.51,0
THR,20171225,23.71,23.71,23.71,23.71,0
THS,20171225,48.53,48.53,48.53,48.53,0
THW,20171225,13.57,13.57,13.57,13.57,0
TIF,20171225,102.84,102.84,102.84,102.84,0
TISI,20171225,14.45,14.45,14.45,14.45,0
TJX,20171225,38.125,38.125,38.125,38.125,0
TK,20171225,9.18,9.18,9.18,9.18,0
TKC,20171225,9.96,9.96,9.96,9.96,0
TKR,20171225,48.8,48.8,48.8,48.8,0
TLI,20171225,10.46,10.46,10.46,10.46,0
TLK,20171225,31.35,31.35,31.35,31.35,0
TLRA,20171225,3.99,3.99,3.99,3.99,0
TLRD,20171225,22.48,22.48,22.48,22.48,0
TLYS,20171225,15.53,15.53,15.53,15.53,0
TM,20171225,128.32,128.32,128.32,128.32,0
TMHC,20171225,24.28,24.28,24.28,24.28,0
TMO,20171225,190.42,190.42,190.42,190.42,0
TMST,20171225,14.14,14.14,14.14,14.14,0
TNC,20171225,71.2,71.2,71.2,71.2,0
TNET,20171225,43.68,43.68,43.68,43.68,0
TNK,20171225,1.4,1.4,1.4,1.4,0
TNP,20171225,3.89,3.89,3.89,3.89,0
TNP-C,20171225,25.5,25.5,25.5,25.5,0
TNP-D,20171225,24.79,24.79,24.79,24.79,0
TNP-E,20171225,25.24,25.24,25.24,25.24,0
TOL,20171225,47.29,47.29,47.29,47.29,0
TOO-A,20171225,22.95,22.95,22.95,22.95,0
TOO-B,20171225,24.74,24.74,24.74,24.74,0
TOT,20171225,55.14,55.14,55.14,55.14,0
TPB,20171225,18.15,18.15,18.15,18.15,0
TPC,20171225,25.25,25.25,25.25,25.25,0
TPH,20171225,17.82,17.82,17.82,17.82,0
TPL,20171225,433,433,433,433,0
TPR,20171225,44.38,44.38,44.38,44.38,0
TPRE,20171225,15.2,15.2,15.2,15.2,0
TPVG,20171225,13.05,13.05,13.05,13.05,0
TPVY,20171225,25.83,25.83,25.83,25.83,0
TPX,20171225,63.55,63.55,63.55,63.55,0
TPZ,20171225,20.37,20.37,20.37,20.37,0
TR,20171225,36.9,36.9,36.9,36.9,0
TRC,20171225,20.93,20.93,20.93,20.93,0
TREC,20171225,13.5,13.5,13.5,13.5,0
TREX,20171225,53.505,53.505,53.505,53.505,0
TRGP,20171225,47.19,47.19,47.19,47.19,0
TRI,20171225,43.42,43.42,43.42,43.42,0
TRN,20171225,37.27,37.27,37.27,37.27,0
TRNO,20171225,34.78,34.78,34.78,34.78,0
TROX,20171225,20.06,20.06,20.06,20.06,0
TRP,20171225,48.5,48.5,48.5,48.5,0
TRQ,20171225,3.33,3.33,3.33,3.33,0
TRTN,20171225,38.31,38.31,38.31,38.31,0
TRTX,20171225,19.45,19.45,19.45,19.45,0
TRU,20171225,55.16,55.16,55.16,55.16,0
TRV,20171225,134.39,134.39,134.39,134.39,0
TS,20171225,31.66,31.66,31.66,31.66,0
TSE,20171225,72.65,72.65,72.65,72.65,0
TSI,20171225,5.71,5.71,5.71,5.71,0
TSLF,20171225,16.98,16.98,16.98,16.98,0
TSLX,20171225,20.06,20.06,20.06,20.06,0
TSM,20171225,39.63,39.63,39.63,39.63,0
TSN,20171225,80.62,80.62,80.62,80.62,0
TSQ,20171225,7.9,7.9,7.9,7.9,0
TSU,20171225,18.9,18.9,18.9,18.9,0
TTC,20171225,65.08,65.08,65.08,65.08,0
TTI,20171225,4.23,4.23,4.23,4.23,0
TTM,20171225,32.83,32.83,32.83,32.83,0
TTP,20171225,18.63,18.63,18.63,18.63,0
TU,20171225,37.5,37.5,37.5,37.5,0
TUP,20171225,62.34,62.34,62.34,62.34,0
TV,20171225,18.92,18.92,18.92,18.92,0
TVC,20171225,25.35,25.35,25.35,25.35,0
TVE,20171225,25.16,25.16,25.16,25.16,0
TWI,20171225,13.05,13.05,13.05,13.05,0
TWLO,20171225,24.81,24.81,24.81,24.81,0
TWN,20171225,21.24,21.24,21.24,21.24,0
TWO,20171225,16.3,16.3,16.3,16.3,0
TWO-A,20171225,26.91,26.91,26.91,26.91,0
TWO-B,20171225,26.21,26.21,26.21,26.21,0
TWO-C,20171225,24.98,24.98,24.98,24.98,0
TWTR,20171225,24.46,24.46,24.46,24.46,0
TX,20171225,31.36,31.36,31.36,31.36,0
TXT,20171225,56.76,56.76,56.76,56.76,0
TY,20171225,26.68,26.68,26.68,26.68,0
TY.P,20171225,50.57,50.57,50.57,50.57,0
TYG,20171225,26.99,26.99,26.99,26.99,0
TYL,20171225,177.36,177.36,177.36,177.36,0
UA,20171225,13.8,13.8,13.8,13.8,0
UAA,20171225,15.5,15.5,15.5,15.5,0
UAN,20171225,3.44,3.44,3.44,3.44,0
UBA,20171225,21.09,21.09,21.09,21.09,0
UBP,20171225,16.8,16.8,16.8,16.8,0
UBP-H,20171225,26,26,26,26,0
UBS,20171225,18.31,18.31,18.31,18.31,0
UDR,20171225,38.16,38.16,38.16,38.16,0
UE,20171225,25.19,25.19,25.19,25.19,0
UFI,20171225,35.21,35.21,35.21,35.21,0
UFS,20171225,49.65,49.65,49.65,49.65,0
UGI,20171225,47.02,47.02,47.02,47.02,0
UGP,20171225,11.1,11.1,11.1,11.1,0
UHS,20171225,115.06,115.06,115.06,115.06,0
UHT,20171225,73.65,73.65,73.65,73.65,0
UIS,20171225,8.3,8.3,8.3,8.3,0
UL,20171225,55.28,55.28,55.28,55.28,0
UMC,20171225,2.45,2.45,2.45,2.45,0
UMH,20171225,14.19,14.19,14.19,14.19,0
UMH-B,20171225,27.25,27.25,27.25,27.25,0
UMH-C,20171225,27.22,27.22,27.22,27.22,0
UN,20171225,56.38,56.38,56.38,56.38,0
UNF,20171225,166.55,166.55,166.55,166.55,0
UNH,20171225,220,220,220,220,0
UNM,20171225,54.79,54.79,54.79,54.79,0
UNP,20171225,134.47,134.47,134.47,134.47,0
UNT,20171225,21.77,21.77,21.77,21.77,0
UNVR,20171225,30.61,30.61,30.61,30.61,0
UPS,20171225,118.64,118.64,118.64,118.64,0
URI,20171225,169.49,169.49,169.49,169.49,0
USA,20171225,6.29,6.29,6.29,6.29,0
USAC,20171225,16.57,16.57,16.57,16.57,0
USB,20171225,54.46,54.46,54.46,54.46,0
USB-A,20171225,895.88,895.88,895.88,895.88,0
USB-H,20171225,22.73,22.73,22.73,22.73,0
USB-M,20171225,28.79,28.79,28.79,28.79,0
USB-O,20171225,25.86,25.86,25.86,25.86,0
USDP,20171225,10.725,10.725,10.725,10.725,0
USFD,20171225,31.27,31.27,31.27,31.27,0
USM,20171225,37.36,37.36,37.36,37.36,0
USNA,20171225,74.85,74.85,74.85,74.85,0
USPH,20171225,71.2,71.2,71.2,71.2,0
UTF,20171225,23.27,23.27,23.27,23.27,0
UTI,20171225,2.56,2.56,2.56,2.56,0
UTL,20171225,44.32,44.32,44.32,44.32,0
UTX,20171225,127.23,127.23,127.23,127.23,0
UVE,20171225,26.3,26.3,26.3,26.3,0
UVV,20171225,52.9,52.9,52.9,52.9,0
UZA,20171225,25.225,25.225,25.225,25.225,0
UZB,20171225,25.77,25.77,25.77,25.77,0
UZC,20171225,25.98,25.98,25.98,25.98,0
V,20171225,112.69,112.69,112.69,112.69,0
VAC,20171225,135.67,135.67,135.67,135.67,0
VALE,20171225,11.92,11.92,11.92,11.92,0
VAR,20171225,110.91,110.91,110.91,110.91,0
VBF,20171225,19.53,19.53,19.53,19.53,0
VCRA,20171225,29.65,29.65,29.65,29.65,0
VCV,20171225,12.45,12.45,12.45,12.45,0
VEC,20171225,32.5,32.5,32.5,32.5,0
VEDL,20171225,20.02,20.02,20.02,20.02,0
VEEV,20171225,56.07,56.07,56.07,56.07,0
VER,20171225,7.82,7.82,7.82,7.82,0
VER-F,20171225,25.97,25.97,25.97,25.97,0
VET,20171225,35.47,35.47,35.47,35.47,0
VFC,20171225,73.87,73.87,73.87,73.87,0
VGI,20171225,17.5,17.5,17.5,17.5,0
VGM,20171225,13.13,13.13,13.13,13.13,0
VGR,20171225,22.34,22.34,22.34,22.34,0
VHI,20171225,6.33,6.33,6.33,6.33,0
VIPS,20171225,12.21,12.21,12.21,12.21,0
VIV,20171225,14.93,14.93,14.93,14.93,0
VJET,20171225,4.94,4.94,4.94,4.94,0
VKQ,20171225,12.44,12.44,12.44,12.44,0
VLO,20171225,91.13,91.13,91.13,91.13,0
VLRS,20171225,8.19,8.19,8.19,8.19,0
VLT,20171225,14.64,14.64,14.64,14.64,0
VMC,20171225,124.23,124.23,124.23,124.23,0
VMI,20171225,165.6,165.6,165.6,165.6,0
VMO,20171225,12.34,12.34,12.34,12.34,0
VMW,20171225,127.69,127.69,127.69,127.69,0
VNCE,20171225,5.22,5.22,5.22,5.22,0
VNO,20171225,77.2,77.2,77.2,77.2,0
VNO-K,20171225,25.26,25.26,25.26,25.26,0
VNO-L,20171225,24.97,24.97,24.97,24.97,0
VNO-M,20171225,25.32,25.32,25.32,25.32,0
VNTR,20171225,21.73,21.73,21.73,21.73,0
VOC,20171225,5.065,5.065,5.065,5.065,0
VOYA,20171225,51.14,51.14,51.14,51.14,0
VPG,20171225,26.1,26.1,26.1,26.1,0
VPV,20171225,12.09,12.09,12.09,12.09,0
VRS,20171225,15.93,15.93,15.93,15.93,0
VRTV,20171225,28.5,28.5,28.5,28.5,0
VSH,20171225,21.45,21.45,21.45,21.45,0
VSLR,20171225,4,4,4,4,0
VST,20171225,17.98,17.98,17.98,17.98,0
VSTO,20171225,14.75,14.75,14.75,14.75,0
VTA,20171225,11.7,11.7,11.7,11.7,0
VTN,20171225,13.7,13.7,13.7,13.7,0
VTR,20171225,60.14,60.14,60.14,60.14,0
VVI,20171225,57.15,57.15,57.15,57.15,0
VVR,20171225,4.37,4.37,4.37,4.37,0
VVV,20171225,24.54,24.54,24.54,24.54,0
VZ,20171225,53.19,53.19,53.19,53.19,0
W,20171225,79.53,79.53,79.53,79.53,0
WAAS,20171225,15.93,15.93,15.93,15.93,0
WAB,20171225,79.63,79.63,79.63,79.63,0
WAL,20171225,58,58,58,58,0
WALA,20171225,26.15,26.15,26.15,26.15,0
WAT,20171225,193.79,193.79,193.79,193.79,0
WBAI,20171225,10.4,10.4,10.4,10.4,0
WBC,20171225,143.81,143.81,143.81,143.81,0
WBK,20171225,24.15,24.15,24.15,24.15,0
WBS,20171225,56.69,56.69,56.69,56.69,0
WBS-F,20171225,25.05,25.05,25.05,25.05,0
WBT,20171225,22.91,22.91,22.91,22.91,0
WCC,20171225,64.85,64.85,64.85,64.85,0
WCN,20171225,71.34,71.34,71.34,71.34,0
WD,20171225,47.22,47.22,47.22,47.22,0
WDR,20171225,22.49,22.49,22.49,22.49,0
WEA,20171225,13.56,13.56,13.56,13.56,0
WEC,20171225,65.72,65.72,65.72,65.72,0
WES,20171225,47.63,47.63,47.63,47.63,0
WEX,20171225,140.88,140.88,140.88,140.88,0
WF,20171225,45.72,45.72,45.72,45.72,0
WFC,20171225,61.55,61.55,61.55,61.55,0
WFC-L,20171225,1301.01,1301.01,1301.01,1301.01,0
WFC-N,20171225,25.08,25.08,25.08,25.08,0
WFC-O,20171225,25.02,25.02,25.02,25.02,0
WFC-P,20171225,25.18,25.18,25.18,25.18,0
WFC-Q,20171225,27.02,27.02,27.02,27.02,0
WFC-R,20171225,28.55,28.55,28.55,28.55,0
WFC-T,20171225,26.31,26.31,26.31,26.31,0
WFC-V,20171225,26.67,26.67,26.67,26.67,0
WFC-W,20171225,26,26,26,26,0
WFC-X,20171225,25.6,25.6,25.6,25.6,0
WFC-Y,20171225,26.01,26.01,26.01,26.01,0
WGO,20171225,56.45,56.45,56.45,56.45,0
WHG,20171225,66.06,66.06,66.06,66.06,0
WHR,20171225,171.68,171.68,171.68,171.68,0
WIA,20171225,11.66,11.66,11.66,11.66,0
WIT,20171225,4.125,4.125,4.125,4.125,0
WIW,20171225,11.37,11.37,11.37,11.37,0
WK,20171225,21.55,21.55,21.55,21.55,0
WLH,20171225,27.97,27.97,27.97,27.97,0
WLK,20171225,104.65,104.65,104.65,104.65,0
WLKP,20171225,23.5,23.5,23.5,23.5,0
WLL,20171225,25.14,25.14,25.14,25.14,0
WM,20171225,85.91,85.91,85.91,85.91,0
WMB,20171225,30.31,30.31,30.31,30.31,0
WMC,20171225,10.19,10.19,10.19,10.19,0
WMK,20171225,42.42,42.42,42.42,42.42,0
WMS,20171225,23.65,23.65,23.65,23.65,0
WMT,20171225,98.21,98.21,98.21,98.21,0
WNC,20171225,20.92,20.92,20.92,20.92,0
WNS,20171225,40.56,40.56,40.56,40.56,0
WOR,20171225,44.1,44.1,44.1,44.1,0
WOW,20171225,10.64,10.64,10.64,10.64,0
WPC,20171225,68.92,68.92,68.92,68.92,0
WPG,20171225,7.02,7.02,7.02,7.02,0
WPG-H,20171225,25.04,25.04,25.04,25.04,0
WPG-I,20171225,24.96,24.96,24.96,24.96,0
WPM,20171225,22.03,22.03,22.03,22.03,0
WPP,20171225,90.54,90.54,90.54,90.54,0
WPX,20171225,13.9,13.9,13.9,13.9,0
WRB,20171225,47.2667,47.2667,47.2667,47.2667,0
WRB-B,20171225,25.22,25.22,25.22,25.22,0
WRB-C,20171225,26.45,26.45,26.45,26.45,0
WRB-D,20171225,26.22,26.22,26.22,26.22,0
WRE,20171225,30.95,30.95,30.95,30.95,0
WRI,20171225,32.25,32.25,32.25,32.25,0
WRK,20171225,63.73,63.73,63.73,63.73,0
WSM,20171225,52.51,52.51,52.51,52.51,0
WSO,20171225,168.29,168.29,168.29,168.29,0
WSO.B,20171225,169.06,169.06,169.06,169.06,0
WSR,20171225,14.44,14.44,14.44,14.44,0
WST,20171225,99.54,99.54,99.54,99.54,0
WTI,20171225,3.04,3.04,3.04,3.04,0
WTM,20171225,846,846,846,846,0
WTS,20171225,76.15,76.15,76.15,76.15,0
WTTR,20171225,17.56,17.56,17.56,17.56,0
WU,20171225,19.08,19.08,19.08,19.08,0
WUBA,20171225,70.38,70.38,70.38,70.38,0
WWE,20171225,29.55,29.55,29.55,29.55,0
WWW,20171225,31.31,31.31,31.31,31.31,0
WY,20171225,34.94,34.94,34.94,34.94,0
X,20171225,35.11,35.11,35.11,35.11,0
XEC,20171225,119.95,119.95,119.95,119.95,0
XFLT,20171225,9.49,9.49,9.49,9.49,0
XHR,20171225,22.11,22.11,22.11,22.11,0
XIN,20171225,6.43,6.43,6.43,6.43,0
XOM,20171225,83.97,83.97,83.97,83.97,0
XPO,20171225,90.01,90.01,90.01,90.01,0
XRF,20171225,5.8,5.8,5.8,5.8,0
XRX,20171225,29.58,29.58,29.58,29.58,0
XYL,20171225,67.58,67.58,67.58,67.58,0
Y,20171225,589.86,589.86,589.86,589.86,0
YELP,20171225,41.91,41.91,41.91,41.91,0
YEXT,20171225,12.37,12.37,12.37,12.37,0
YPF,20171225,22.07,22.07,22.07,22.07,0
YRD,20171225,43.01,43.01,43.01,43.01,0
YUM,20171225,82.4,82.4,82.4,82.4,0
YUMC,20171225,40.87,40.87,40.87,40.87,0
ZAYO,20171225,36,36,36,36,0
ZBH,20171225,120.12,120.12,120.12,120.12,0
ZEN,20171225,33.67,33.67,33.67,33.67,0
ZNH,20171225,52.88,52.88,52.88,52.88,0
ZTO,20171225,15.92,15.92,15.92,15.92,0
ZTR,20171225,13.29,13.29,13.29,13.29,0
ZTS,20171225,71.99,71.99,71.99,71.99,0
ZYME,20171225,7.5,7.5,7.5,7.5,0
