A,20171123,68.69,68.69,68.69,68.69,0
AA,20171123,42.64,42.64,42.64,42.64,0
AAN,20171123,35.6,35.6,35.6,35.6,0
AAP,20171123,89.62,89.62,89.62,89.62,0
AAT,20171123,39.55,39.55,39.55,39.55,0
AB,20171123,25.5,25.5,25.5,25.5,0
ABB,20171123,25.4,25.4,25.4,25.4,0
ABBV,20171123,94.47,94.47,94.47,94.47,0
ABC,20171123,81.4,81.4,81.4,81.4,0
ABEV,20171123,6.4,6.4,6.4,6.4,0
ABG,20171123,64.25,64.25,64.25,64.25,0
ABM,20171123,40.94,40.94,40.94,40.94,0
ABR,20171123,8.72,8.72,8.72,8.72,0
ABR-A,20171123,25.28,25.28,25.28,25.28,0
ABR-B,20171123,25.52,25.52,25.52,25.52,0
ABR-C,20171123,26.4,26.4,26.4,26.4,0
ABT,20171123,55.8,55.8,55.8,55.8,0
AC,20171123,34.65,34.65,34.65,34.65,0
ACC,20171123,42.52,42.52,42.52,42.52,0
ACCO,20171123,13.05,13.05,13.05,13.05,0
ACH,20171123,16.68,16.68,16.68,16.68,0
ACM,20171123,36.33,36.33,36.33,36.33,0
ACN,20171123,147.11,147.11,147.11,147.11,0
ACP,20171123,13.96,13.96,13.96,13.96,0
ACRE,20171123,13.42,13.42,13.42,13.42,0
ACV,20171123,21.97,21.97,21.97,21.97,0
ADC,20171123,49.85,49.85,49.85,49.85,0
ADM,20171123,39.24,39.24,39.24,39.24,0
ADNT,20171123,77.65,77.65,77.65,77.65,0
ADS,20171123,221.81,221.81,221.81,221.81,0
ADSW,20171123,22.52,22.52,22.52,22.52,0
ADX,20171123,14.64,14.64,14.64,14.64,0
AEB,20171123,24.9,24.9,24.9,24.9,0
AEE,20171123,62.92,62.92,62.92,62.92,0
AEG,20171123,6.03,6.03,6.03,6.03,0
AEL,20171123,30.82,30.82,30.82,30.82,0
AEM,20171123,44.92,44.92,44.92,44.92,0
AEO,20171123,14.64,14.64,14.64,14.64,0
AEP,20171123,76.59,76.59,76.59,76.59,0
AER,20171123,50.81,50.81,50.81,50.81,0
AES,20171123,10.68,10.68,10.68,10.68,0
AFB,20171123,13.66,13.66,13.66,13.66,0
AFC,20171123,25.9,25.9,25.9,25.9,0
AFG,20171123,102.13,102.13,102.13,102.13,0
AFGH,20171123,26.82,26.82,26.82,26.82,0
AFI,20171123,17.03,17.03,17.03,17.03,0
AFL,20171123,42.525,42.525,42.525,42.525,0
AFT,20171123,16.19,16.19,16.19,16.19,0
AG,20171123,6.88,6.88,6.88,6.88,0
AGCO,20171123,70.4,70.4,70.4,70.4,0
AGD,20171123,10.56,10.56,10.56,10.56,0
AGI,20171123,6.96,6.96,6.96,6.96,0
AGM,20171123,72.44,72.44,72.44,72.44,0
AGM-A,20171123,25.25,25.25,25.25,25.25,0
AGM-C,20171123,27.42,27.42,27.42,27.42,0
AGM.A,20171123,72,72,72,72,0
AGN,20171123,174.83,174.83,174.83,174.83,0
AGO,20171123,36.27,36.27,36.27,36.27,0
AGO-B,20171123,26.15,26.15,26.15,26.15,0
AGO-E,20171123,26.63,26.63,26.63,26.63,0
AGO-F,20171123,25.18,25.18,25.18,25.18,0
AGR,20171123,51.73,51.73,51.73,51.73,0
AGRO,20171123,9.47,9.47,9.47,9.47,0
AGX,20171123,59.75,59.75,59.75,59.75,0
AHC,20171123,4.9,4.9,4.9,4.9,0
AHH,20171123,15.27,15.27,15.27,15.27,0
AHL-C,20171123,27.55,27.55,27.55,27.55,0
AHL-D,20171123,25.69,25.69,25.69,25.69,0
AHT,20171123,6.45,6.45,6.45,6.45,0
AHT-D,20171123,25.6,25.6,25.6,25.6,0
AHT-F,20171123,24.88,24.88,24.88,24.88,0
AHT-G,20171123,24.95,24.95,24.95,24.95,0
AHT-H,20171123,24.95,24.95,24.95,24.95,0
AHT-I,20171123,24.58,24.58,24.58,24.58,0
AI,20171123,11.77,11.77,11.77,11.77,0
AI-B,20171123,25,25,25,25,0
AIC,20171123,24.56,24.56,24.56,24.56,0
AIF,20171123,15.8,15.8,15.8,15.8,0
AIG,20171123,59.23,59.23,59.23,59.23,0
AIG.W,20171123,17.53,17.53,17.53,17.53,0
AIN,20171123,63.15,63.15,63.15,63.15,0
AIR,20171123,40.59,40.59,40.59,40.59,0
AIT,20171123,61.7,61.7,61.7,61.7,0
AIV,20171123,44.64,44.64,44.64,44.64,0
AIW,20171123,24.61,24.61,24.61,24.61,0
AIZ,20171123,98.41,98.41,98.41,98.41,0
AJG,20171123,66.62,66.62,66.62,66.62,0
AJRD,20171123,30.07,30.07,30.07,30.07,0
AJX,20171123,14.28,14.28,14.28,14.28,0
AJXA,20171123,25.735,25.735,25.735,25.735,0
AKO.A,20171123,24.37,24.37,24.37,24.37,0
AKO.B,20171123,27.21,27.21,27.21,27.21,0
AKR,20171123,28.55,28.55,28.55,28.55,0
AKS,20171123,4.88,4.88,4.88,4.88,0
AL,20171123,41.62,41.62,41.62,41.62,0
ALB,20171123,135.25,135.25,135.25,135.25,0
ALE,20171123,77.88,77.88,77.88,77.88,0
ALEX,20171123,44.84,44.84,44.84,44.84,0
ALG,20171123,116.36,116.36,116.36,116.36,0
ALK,20171123,65.58,65.58,65.58,65.58,0
ALL,20171123,99.3,99.3,99.3,99.3,0
ALL-B,20171123,26.96,26.96,26.96,26.96,0
ALL-Y,20171123,26.18,26.18,26.18,26.18,0
ALLE,20171123,83.16,83.16,83.16,83.16,0
ALLY,20171123,26.37,26.37,26.37,26.37,0
ALP-Q,20171123,26.88,26.88,26.88,26.88,0
ALSN,20171123,39.49,39.49,39.49,39.49,0
ALV,20171123,89.244,89.244,89.244,89.244,0
ALX,20171123,419.54,419.54,419.54,419.54,0
AM,20171123,26.32,26.32,26.32,26.32,0
AMC,20171123,13.2,13.2,13.2,13.2,0
AME,20171123,70.24,70.24,70.24,70.24,0
AMG,20171123,189.99,189.99,189.99,189.99,0
AMH,20171123,21.8,21.8,21.8,21.8,0
AMH-D,20171123,26.83,26.83,26.83,26.83,0
AMH-E,20171123,26.78,26.78,26.78,26.78,0
AMH-F,20171123,25.55,25.55,25.55,25.55,0
AMH-G,20171123,25.5,25.5,25.5,25.5,0
AMN,20171123,47.1,47.1,47.1,47.1,0
AMOV,20171123,17.48,17.48,17.48,17.48,0
AMP,20171123,159.58,159.58,159.58,159.58,0
AMRC,20171123,8.4,8.4,8.4,8.4,0
AMT,20171123,145.31,145.31,145.31,145.31,0
AMX,20171123,17.55,17.55,17.55,17.55,0
AN,20171123,52.09,52.09,52.09,52.09,0
ANET,20171123,239.01,239.01,239.01,239.01,0
ANF,20171123,16.62,16.62,16.62,16.62,0
ANH,20171123,5.68,5.68,5.68,5.68,0
ANH-A,20171123,26.08,26.08,26.08,26.08,0
ANH-B,20171123,28,28,28,28,0
ANH-C,20171123,25.25,25.25,25.25,25.25,0
ANTM,20171123,220.42,220.42,220.42,220.42,0
AOD,20171123,9.01,9.01,9.01,9.01,0
AON,20171123,139.24,139.24,139.24,139.24,0
AOS,20171123,60.86,60.86,60.86,60.86,0
AP,20171123,13.8,13.8,13.8,13.8,0
APA,20171123,41.54,41.54,41.54,41.54,0
APAM,20171123,38.55,38.55,38.55,38.55,0
APD,20171123,161.62,161.62,161.62,161.62,0
APH,20171123,89.9,89.9,89.9,89.9,0
APLE,20171123,19.42,19.42,19.42,19.42,0
APO,20171123,30.43,30.43,30.43,30.43,0
APO-A,20171123,26.4,26.4,26.4,26.4,0
APRN,20171123,44.55,44.55,44.55,44.55,0
APTS,20171123,21.72,21.72,21.72,21.72,0
AQN,20171123,11.25,11.25,11.25,11.25,0
AQUA,20171123,21.78,21.78,21.78,21.78,0
AR,20171123,18.89,18.89,18.89,18.89,0
ARA,20171123,13.1,13.1,13.1,13.1,0
ARC,20171123,2.95,2.95,2.95,2.95,0
ARCH,20171123,80.67,80.67,80.67,80.67,0
ARCO,20171123,10.4,10.4,10.4,10.4,0
ARD,20171123,19.75,19.75,19.75,19.75,0
ARDC,20171123,16.28,16.28,16.28,16.28,0
ARE,20171123,126.95,126.95,126.95,126.95,0
ARE-A,20171123,26.94,26.94,26.94,26.94,0
ARES,20171123,18.9,18.9,18.9,18.9,0
ARI,20171123,18.68,18.68,18.68,18.68,0
ARL,20171123,10.11,10.11,10.11,10.11,0
ARMK,20171123,41.07,41.07,41.07,41.07,0
ARNC,20171123,23.75,23.75,23.75,23.75,0
AROC,20171123,9.8,9.8,9.8,9.8,0
ARR,20171123,25.54,25.54,25.54,25.54,0
ARR-B,20171123,24.99,24.99,24.99,24.99,0
ARW,20171123,78.68,78.68,78.68,78.68,0
ASA,20171123,11.28,11.28,11.28,11.28,0
ASB,20171123,24.85,24.85,24.85,24.85,0
ASB-C,20171123,27.215,27.215,27.215,27.215,0
ASB-D,20171123,25.47,25.47,25.47,25.47,0
ASC,20171123,8.5,8.5,8.5,8.5,0
ASG,20171123,5.29,5.29,5.29,5.29,0
ASGN,20171123,62.86,62.86,62.86,62.86,0
ASH,20171123,70.16,70.16,70.16,70.16,0
ASIX,20171123,42.81,42.81,42.81,42.81,0
ASPN,20171123,4.79,4.79,4.79,4.79,0
ASR,20171123,174.7,174.7,174.7,174.7,0
ASX,20171123,6.31,6.31,6.31,6.31,0
AT,20171123,2.45,2.45,2.45,2.45,0
ATEN,20171123,8.11,8.11,8.11,8.11,0
ATGE,20171123,38.65,38.65,38.65,38.65,0
ATH,20171123,49.3,49.3,49.3,49.3,0
ATHM,20171123,64.83,64.83,64.83,64.83,0
ATI,20171123,22.47,22.47,22.47,22.47,0
ATKR,20171123,20,20,20,20,0
ATO,20171123,89.1,89.1,89.1,89.1,0
ATR,20171123,85.85,85.85,85.85,85.85,0
ATTO,20171123,9.7,9.7,9.7,9.7,0
ATUS,20171123,19.33,19.33,19.33,19.33,0
ATV,20171123,18.71,18.71,18.71,18.71,0
AU,20171123,10.18,10.18,10.18,10.18,0
AUY,20171123,2.71,2.71,2.71,2.71,0
AVA,20171123,51.69,51.69,51.69,51.69,0
AVAL,20171123,8.57,8.57,8.57,8.57,0
AVB,20171123,184.6,184.6,184.6,184.6,0
AVD,20171123,19.9,19.9,19.9,19.9,0
AVH,20171123,7.76,7.76,7.76,7.76,0
AVK,20171123,15.85,15.85,15.85,15.85,0
AVX,20171123,18.29,18.29,18.29,18.29,0
AVY,20171123,111.1,111.1,111.1,111.1,0
AWF,20171123,12.55,12.55,12.55,12.55,0
AWI,20171123,56.1,56.1,56.1,56.1,0
AWK,20171123,88.66,88.66,88.66,88.66,0
AWP,20171123,6.36,6.36,6.36,6.36,0
AWR,20171123,56.18,56.18,56.18,56.18,0
AXE,20171123,66,66,66,66,0
AXL,20171123,17.88,17.88,17.88,17.88,0
AXP,20171123,93.82,93.82,93.82,93.82,0
AXR,20171123,6.94,6.94,6.94,6.94,0
AXS,20171123,51.66,51.66,51.66,51.66,0
AXS-E,20171123,25.67,25.67,25.67,25.67,0
AXTA,20171123,35.5,35.5,35.5,35.5,0
AYI,20171123,161.49,161.49,161.49,161.49,0
AYR,20171123,23.35,23.35,23.35,23.35,0
AYX,20171123,27.17,27.17,27.17,27.17,0
AZN,20171123,33.83,33.83,33.83,33.83,0
AZO,20171123,638.24,638.24,638.24,638.24,0
AZRE,20171123,14.75,14.75,14.75,14.75,0
AZUL,20171123,26.01,26.01,26.01,26.01,0
AZZ,20171123,45.25,45.25,45.25,45.25,0
B,20171123,64.96,64.96,64.96,64.96,0
BA,20171123,265.15,265.15,265.15,265.15,0
BABA,20171123,189.84,189.84,189.84,189.84,0
BAC,20171123,26.66,26.66,26.66,26.66,0
BAC-A,20171123,27.05,27.05,27.05,27.05,0
BAC-C,20171123,27.18,27.18,27.18,27.18,0
BAC-E,20171123,23.905,23.905,23.905,23.905,0
BAC-L,20171123,1324,1324,1324,1324,0
BAF,20171123,14.97,14.97,14.97,14.97,0
BAH,20171123,37.45,37.45,37.45,37.45,0
BAK,20171123,29.39,29.39,29.39,29.39,0
BAM,20171123,41.45,41.45,41.45,41.45,0
BAN-D,20171123,26.52,26.52,26.52,26.52,0
BAN-E,20171123,26.74,26.74,26.74,26.74,0
BANC,20171123,21,21,21,21,0
BAP,20171123,212.31,212.31,212.31,212.31,0
BAX,20171123,64.04,64.04,64.04,64.04,0
BB,20171123,10.73,10.73,10.73,10.73,0
BBD,20171123,8.7417,8.7417,8.7417,8.7417,0
BBDO,20171123,7.8083,7.8083,7.8083,7.8083,0
BBF,20171123,14.8,14.8,14.8,14.8,0
BBK,20171123,15.03,15.03,15.03,15.03,0
BBL,20171123,37.27,37.27,37.27,37.27,0
BBN,20171123,23.12,23.12,23.12,23.12,0
BBU,20171123,31.06,31.06,31.06,31.06,0
BBVA,20171123,8.36,8.36,8.36,8.36,0
BBW,20171123,8.3,8.3,8.3,8.3,0
BBX,20171123,7.39,7.39,7.39,7.39,0
BBY,20171123,56.49,56.49,56.49,56.49,0
BC,20171123,52.59,52.59,52.59,52.59,0
BCC,20171123,37.2,37.2,37.2,37.2,0
BCE,20171123,48.48,48.48,48.48,48.48,0
BCEI,20171123,32.14,32.14,32.14,32.14,0
BCH,20171123,28.52,28.52,28.52,28.52,0
BCO,20171123,81.65,81.65,81.65,81.65,0
BCRH,20171123,12.1,12.1,12.1,12.1,0
BCS,20171123,10.04,10.04,10.04,10.04,0
BCX,20171123,8.96,8.96,8.96,8.96,0
BDC,20171123,83.56,83.56,83.56,83.56,0
BDJ,20171123,9,9,9,9,0
BDN,20171123,17.38,17.38,17.38,17.38,0
BDX,20171123,224.23,224.23,224.23,224.23,0
BDXA,20171123,59.75,59.75,59.75,59.75,0
BEDU,20171123,20.51,20.51,20.51,20.51,0
BEN,20171123,41.4,41.4,41.4,41.4,0
BEP,20171123,33.85,33.85,33.85,33.85,0
BERY,20171123,59.48,59.48,59.48,59.48,0
BF.A,20171123,47.016,47.016,47.016,47.016,0
BF.B,20171123,46.936,46.936,46.936,46.936,0
BFAM,20171123,88.08,88.08,88.08,88.08,0
BFK,20171123,14.06,14.06,14.06,14.06,0
BFO,20171123,14.95,14.95,14.95,14.95,0
BFS,20171123,63.61,63.61,63.61,63.61,0
BFZ,20171123,14.285,14.285,14.285,14.285,0
BG,20171123,65.48,65.48,65.48,65.48,0
BGB,20171123,15.75,15.75,15.75,15.75,0
BGG,20171123,24.66,24.66,24.66,24.66,0
BGH,20171123,19.59,19.59,19.59,19.59,0
BGIO,20171123,9.49,9.49,9.49,9.49,0
BGR,20171123,13.49,13.49,13.49,13.49,0
BGS,20171123,36.25,36.25,36.25,36.25,0
BGT,20171123,13.66,13.66,13.66,13.66,0
BGX,20171123,15.79,15.79,15.79,15.79,0
BGY,20171123,6.59,6.59,6.59,6.59,0
BH,20171123,329.88,329.88,329.88,329.88,0
BHE,20171123,30.8,30.8,30.8,30.8,0
BHK,20171123,14.08,14.08,14.08,14.08,0
BHLB,20171123,37.5,37.5,37.5,37.5,0
BHP,20171123,42.27,42.27,42.27,42.27,0
BHVN,20171123,25.51,25.51,25.51,25.51,0
BIF,20171123,10.45,10.45,10.45,10.45,0
BIG,20171123,54.83,54.83,54.83,54.83,0
BIO,20171123,258.69,258.69,258.69,258.69,0
BIO.B,20171123,255.6,255.6,255.6,255.6,0
BIP,20171123,43.33,43.33,43.33,43.33,0
BIT,20171123,18.16,18.16,18.16,18.16,0
BITA,20171123,33.96,33.96,33.96,33.96,0
BK,20171123,52.43,52.43,52.43,52.43,0
BK-C,20171123,25.85,25.85,25.85,25.85,0
BKD,20171123,10.61,10.61,10.61,10.61,0
BKE,20171123,21.35,21.35,21.35,21.35,0
BKH,20171123,57.97,57.97,57.97,57.97,0
BKI,20171123,45.95,45.95,45.95,45.95,0
BKK,20171123,15.22,15.22,15.22,15.22,0
BKN,20171123,14.59,14.59,14.59,14.59,0
BKT,20171123,6.13,6.13,6.13,6.13,0
BKU,20171123,35.79,35.79,35.79,35.79,0
BLD,20171123,65.6,65.6,65.6,65.6,0
BLK,20171123,478.94,478.94,478.94,478.94,0
BLL,20171123,39.52,39.52,39.52,39.52,0
BLW,20171123,15.76,15.76,15.76,15.76,0
BLX,20171123,29.1,29.1,29.1,29.1,0
BMA,20171123,99.68,99.68,99.68,99.68,0
BME,20171123,35.66,35.66,35.66,35.66,0
BMI,20171123,45.6,45.6,45.6,45.6,0
BML-G,20171123,21.8,21.8,21.8,21.8,0
BML-H,20171123,21.69,21.69,21.69,21.69,0
BML-J,20171123,23.55,23.55,23.55,23.55,0
BML-L,20171123,23.545,23.545,23.545,23.545,0
BMO,20171123,78.35,78.35,78.35,78.35,0
BMY,20171123,61.14,61.14,61.14,61.14,0
BNED,20171123,5.62,5.62,5.62,5.62,0
BNS,20171123,66.15,66.15,66.15,66.15,0
BNY,20171123,14.75,14.75,14.75,14.75,0
BOE,20171123,13.5,13.5,13.5,13.5,0
BOH,20171123,80.15,80.15,80.15,80.15,0
BOOT,20171123,13.49,13.49,13.49,13.49,0
BOX,20171123,23.52,23.52,23.52,23.52,0
BP,20171123,39.78,39.78,39.78,39.78,0
BPMP,20171123,17.85,17.85,17.85,17.85,0
BPT,20171123,19.95,19.95,19.95,19.95,0
BQH,20171123,14.4,14.4,14.4,14.4,0
BR,20171123,88.75,88.75,88.75,88.75,0
BRC,20171123,38.9,38.9,38.9,38.9,0
BRFS,20171123,12.77,12.77,12.77,12.77,0
BRK.A,20171123,275000,275000,275000,275000,0
BRK.B,20171123,182.56,182.56,182.56,182.56,0
BRO,20171123,25.18,25.18,25.18,25.18,0
BRT,20171123,10.95,10.95,10.95,10.95,0
BRX,20171123,18.44,18.44,18.44,18.44,0
BSAC,20171123,28.81,28.81,28.81,28.81,0
BSBR,20171123,9.39,9.39,9.39,9.39,0
BSD,20171123,13.88,13.88,13.88,13.88,0
BSE,20171123,13.11,13.11,13.11,13.11,0
BSL,20171123,17.04,17.04,17.04,17.04,0
BSM,20171123,17.01,17.01,17.01,17.01,0
BSMX,20171123,8.3,8.3,8.3,8.3,0
BST,20171123,27.14,27.14,27.14,27.14,0
BSX,20171123,28.47,28.47,28.47,28.47,0
BTA,20171123,11.96,11.96,11.96,11.96,0
BTE,20171123,3.12,3.12,3.12,3.12,0
BTI,20171123,66.8,66.8,66.8,66.8,0
BTO,20171123,35.88,35.88,35.88,35.88,0
BTT,20171123,22.39,22.39,22.39,22.39,0
BTU,20171123,32.11,32.11,32.11,32.11,0
BTZ,20171123,13.25,13.25,13.25,13.25,0
BUD,20171123,115.75,115.75,115.75,115.75,0
BUI,20171123,21.07,21.07,21.07,21.07,0
BURL,20171123,102.21,102.21,102.21,102.21,0
BVN,20171123,14.3,14.3,14.3,14.3,0
BW,20171123,49.2,49.2,49.2,49.2,0
BWA,20171123,52.89,52.89,52.89,52.89,0
BWG,20171123,12.83,12.83,12.83,12.83,0
BWXT,20171123,61.04,61.04,61.04,61.04,0
BX,20171123,31.85,31.85,31.85,31.85,0
BXC,20171123,9.29,9.29,9.29,9.29,0
BXG,20171123,14.22,14.22,14.22,14.22,0
BXMT,20171123,32.88,32.88,32.88,32.88,0
BXMX,20171123,14.14,14.14,14.14,14.14,0
BXP,20171123,125,125,125,125,0
BXP-B,20171123,25.315,25.315,25.315,25.315,0
BXS,20171123,31.6,31.6,31.6,31.6,0
BY,20171123,20.23,20.23,20.23,20.23,0
BYD,20171123,30.23,30.23,30.23,30.23,0
BYM,20171123,14.14,14.14,14.14,14.14,0
BZH,20171123,21.94,21.94,21.94,21.94,0
C,20171123,72.26,72.26,72.26,72.26,0
C-J,20171123,29.44,29.44,29.44,29.44,0
C-K,20171123,29.12,29.12,29.12,29.12,0
C-N,20171123,27.67,27.67,27.67,27.67,0
C-S,20171123,27.18,27.18,27.18,27.18,0
CABO,20171123,667.78,667.78,667.78,667.78,0
CACI,20171123,127.9,127.9,127.9,127.9,0
CADE,20171123,23.94,23.94,23.94,23.94,0
CAE,20171123,17.82,17.82,17.82,17.82,0
CAF,20171123,24.48,24.48,24.48,24.48,0
CAG,20171123,35.51,35.51,35.51,35.51,0
CAH,20171123,56.97,56.97,56.97,56.97,0
CAI,20171123,34.48,34.48,34.48,34.48,0
CAJ,20171123,38.51,38.51,38.51,38.51,0
CAL,20171123,30.41,30.41,30.41,30.41,0
CALX,20171123,6.95,6.95,6.95,6.95,0
CAPL,20171123,24.79,24.79,24.79,24.79,0
CARS,20171123,24.35,24.35,24.35,24.35,0
CAT,20171123,138.01,138.01,138.01,138.01,0
CATO,20171123,15.84,15.84,15.84,15.84,0
CB,20171123,148.25,148.25,148.25,148.25,0
CBB,20171123,20.7,20.7,20.7,20.7,0
CBB-B,20171123,50.98,50.98,50.98,50.98,0
CBD,20171123,23.03,23.03,23.03,23.03,0
CBH,20171123,9.08,9.08,9.08,9.08,0
CBL,20171123,5.75,5.75,5.75,5.75,0
CBL-D,20171123,22.47,22.47,22.47,22.47,0
CBL-E,20171123,21.24,21.24,21.24,21.24,0
CBT,20171123,60.67,60.67,60.67,60.67,0
CBU,20171123,53.41,53.41,53.41,53.41,0
CBZ,20171123,15.05,15.05,15.05,15.05,0
CC,20171123,52.86,52.86,52.86,52.86,0
CCC,20171123,21.6,21.6,21.6,21.6,0
CCI,20171123,111.84,111.84,111.84,111.84,0
CCI-A,20171123,1133.7,1133.7,1133.7,1133.7,0
CCJ,20171123,9.87,9.87,9.87,9.87,0
CCK,20171123,58.79,58.79,58.79,58.79,0
CCL,20171123,66.79,66.79,66.79,66.79,0
CCM,20171123,3.885,3.885,3.885,3.885,0
CCO,20171123,4.25,4.25,4.25,4.25,0
CCS,20171123,30.05,30.05,30.05,30.05,0
CCU,20171123,26.75,26.75,26.75,26.75,0
CCZ,20171123,51.6,51.6,51.6,51.6,0
CDE,20171123,7.67,7.67,7.67,7.67,0
CDR,20171123,5.97,5.97,5.97,5.97,0
CDR-B,20171123,25.185,25.185,25.185,25.185,0
CDR-C,20171123,24.82,24.82,24.82,24.82,0
CE,20171123,105.93,105.93,105.93,105.93,0
CEA,20171123,31.35,31.35,31.35,31.35,0
CEE,20171123,25.01,25.01,25.01,25.01,0
CEL,20171123,10,10,10,10,0
CELP,20171123,6.86,6.86,6.86,6.86,0
CEM,20171123,12.61,12.61,12.61,12.61,0
CEN,20171123,9.27,9.27,9.27,9.27,0
CEO,20171123,137.81,137.81,137.81,137.81,0
CEQP,20171123,23.3,23.3,23.3,23.3,0
CF,20171123,36.31,36.31,36.31,36.31,0
CFG,20171123,37.83,37.83,37.83,37.83,0
CFR,20171123,95.48,95.48,95.48,95.48,0
CFR-A,20171123,25.52,25.52,25.52,25.52,0
CFX,20171123,36.47,36.47,36.47,36.47,0
CGA,20171123,1.27,1.27,1.27,1.27,0
CHA,20171123,49.34,49.34,49.34,49.34,0
CHCT,20171123,28.23,28.23,28.23,28.23,0
CHD,20171123,44.76,44.76,44.76,44.76,0
CHE,20171123,238.16,238.16,238.16,238.16,0
CHGG,20171123,14.72,14.72,14.72,14.72,0
CHH,20171123,77.15,77.15,77.15,77.15,0
CHK,20171123,3.97,3.97,3.97,3.97,0
CHK-D,20171123,52.455,52.455,52.455,52.455,0
CHKR,20171123,2.15,2.15,2.15,2.15,0
CHL,20171123,50.59,50.59,50.59,50.59,0
CHM-A,20171123,25.58,25.58,25.58,25.58,0
CHMI,20171123,18.51,18.51,18.51,18.51,0
CHN,20171123,22.26,22.26,22.26,22.26,0
CHS,20171123,8.36,8.36,8.36,8.36,0
CHT,20171123,34.45,34.45,34.45,34.45,0
CHU,20171123,15.17,15.17,15.17,15.17,0
CI,20171123,200.72,200.72,200.72,200.72,0
CIA,20171123,8.3,8.3,8.3,8.3,0
CIB,20171123,39.5,39.5,39.5,39.5,0
CIEN,20171123,20.84,20.84,20.84,20.84,0
CIF,20171123,2.78,2.78,2.78,2.78,0
CIG,20171123,2.09,2.09,2.09,2.09,0
CIG.C,20171123,2.05,2.05,2.05,2.05,0
CII,20171123,15.85,15.85,15.85,15.85,0
CIM,20171123,18.75,18.75,18.75,18.75,0
CIM-A,20171123,26.45,26.45,26.45,26.45,0
CIM-B,20171123,26.15,26.15,26.15,26.15,0
CINR,20171123,25.5,25.5,25.5,25.5,0
CIO,20171123,12.99,12.99,12.99,12.99,0
CIO-A,20171123,25.25,25.25,25.25,25.25,0
CIR,20171123,46.31,46.31,46.31,46.31,0
CIT,20171123,47.94,47.94,47.94,47.94,0
CKH,20171123,48.11,48.11,48.11,48.11,0
CL,20171123,71.75,71.75,71.75,71.75,0
CLB,20171123,101.05,101.05,101.05,101.05,0
CLDR,20171123,15.94,15.94,15.94,15.94,0
CLDT,20171123,22.86,22.86,22.86,22.86,0
CLF,20171123,6.38,6.38,6.38,6.38,0
CLGX,20171123,44.73,44.73,44.73,44.73,0
CLH,20171123,52.65,52.65,52.65,52.65,0
CLI,20171123,22.41,22.41,22.41,22.41,0
CLN-G,20171123,25.56,25.56,25.56,25.56,0
CLN-H,20171123,25.4,25.4,25.4,25.4,0
CLN-I,20171123,25.48,25.48,25.48,25.48,0
CLN-J,20171123,25.43,25.43,25.43,25.43,0
CLPR,20171123,10.52,10.52,10.52,10.52,0
CLR,20171123,46.24,46.24,46.24,46.24,0
CLS,20171123,10.79,10.79,10.79,10.79,0
CLW,20171123,46.3,46.3,46.3,46.3,0
CLX,20171123,134.95,134.95,134.95,134.95,0
CM,20171123,90.29,90.29,90.29,90.29,0
CMA,20171123,79.34,79.34,79.34,79.34,0
CMC,20171123,19.01,19.01,19.01,19.01,0
CMCM,20171123,12.42,12.42,12.42,12.42,0
CMD,20171123,105.03,105.03,105.03,105.03,0
CMG,20171123,281.27,281.27,281.27,281.27,0
CMI,20171123,163.39,163.39,163.39,163.39,0
CMO,20171123,9.15,9.15,9.15,9.15,0
CMO-E,20171123,25.17,25.17,25.17,25.17,0
CMP,20171123,67.3,67.3,67.3,67.3,0
CMR-B,20171123,24.795,24.795,24.795,24.795,0
CMR-C,20171123,25.29,25.29,25.29,25.29,0
CMR-D,20171123,26.1,26.1,26.1,26.1,0
CMRE,20171123,5.79,5.79,5.79,5.79,0
CMS,20171123,49.4,49.4,49.4,49.4,0
CMS-B,20171123,104,104,104,104,0
CMU,20171123,4.83,4.83,4.83,4.83,0
CNA,20171123,53.37,53.37,53.37,53.37,0
CNC,20171123,48.475,48.475,48.475,48.475,0
CNHI,20171123,13.05,13.05,13.05,13.05,0
CNI,20171123,79.61,79.61,79.61,79.61,0
CNK,20171123,33.71,33.71,33.71,33.71,0
CNNE,20171123,17.68,17.68,17.68,17.68,0
CNO,20171123,24.39,24.39,24.39,24.39,0
CNP,20171123,29.15,29.15,29.15,29.15,0
CNQ,20171123,34.6,34.6,34.6,34.6,0
CNS,20171123,44.7,44.7,44.7,44.7,0
CNX,20171123,16.43,16.43,16.43,16.43,0
CO,20171123,11.6,11.6,11.6,11.6,0
COD-A,20171123,24.51,24.51,24.51,24.51,0
CODI,20171123,16.8,16.8,16.8,16.8,0
COE,20171123,11.8,11.8,11.8,11.8,0
COF,20171123,87.26,87.26,87.26,87.26,0
COF-F,20171123,26.93,26.93,26.93,26.93,0
COF-G,20171123,25.3,25.3,25.3,25.3,0
COF-H,20171123,27.07,27.07,27.07,27.07,0
COF-P,20171123,25.24,25.24,25.24,25.24,0
COG,20171123,29.44,29.44,29.44,29.44,0
COO,20171123,238.9,238.9,238.9,238.9,0
COP,20171123,50.22,50.22,50.22,50.22,0
COR,20171123,116.88,116.88,116.88,116.88,0
COR-Z,20171123,25.56,25.56,25.56,25.56,0
CORR,20171123,35.92,35.92,35.92,35.92,0
COT,20171123,17.17,17.17,17.17,17.17,0
COTY,20171123,16.98,16.98,16.98,16.98,0
CP,20171123,173.6,173.6,173.6,173.6,0
CPA,20171123,134.87,134.87,134.87,134.87,0
CPAC,20171123,12.63,12.63,12.63,12.63,0
CPB,20171123,46.77,46.77,46.77,46.77,0
CPE,20171123,10.63,10.63,10.63,10.63,0
CPF,20171123,30.79,30.79,30.79,30.79,0
CPG,20171123,7.41,7.41,7.41,7.41,0
CPK,20171123,82.7,82.7,82.7,82.7,0
CPS,20171123,122.62,122.62,122.62,122.62,0
CPT,20171123,93.18,93.18,93.18,93.18,0
CR,20171123,82.84,82.84,82.84,82.84,0
CRC,20171123,14.99,14.99,14.99,14.99,0
CRCM,20171123,18.45,18.45,18.45,18.45,0
CRD.A,20171123,8.31,8.31,8.31,8.31,0
CRD.B,20171123,9.86,9.86,9.86,9.86,0
CRH,20171123,35.12,35.12,35.12,35.12,0
CRI,20171123,106.5,106.5,106.5,106.5,0
CRK,20171123,6.03,6.03,6.03,6.03,0
CRL,20171123,102.29,102.29,102.29,102.29,0
CRM,20171123,106.83,106.83,106.83,106.83,0
CRS,20171123,48.25,48.25,48.25,48.25,0
CRT,20171123,15.37,15.37,15.37,15.37,0
CRY,20171123,19.55,19.55,19.55,19.55,0
CS,20171123,16.57,16.57,16.57,16.57,0
CSL,20171123,110.75,110.75,110.75,110.75,0
CSLT,20171123,3.95,3.95,3.95,3.95,0
CSS,20171123,27.31,27.31,27.31,27.31,0
CSTM,20171123,10.2,10.2,10.2,10.2,0
CSU,20171123,16.29,16.29,16.29,16.29,0
CSV,20171123,25.01,25.01,25.01,25.01,0
CTAA,20171123,24.2,24.2,24.2,24.2,0
CTB,20171123,34.3,34.3,34.3,34.3,0
CTBB,20171123,23.03,23.03,23.03,23.03,0
CTDD,20171123,23.01,23.01,23.01,23.01,0
CTL,20171123,14.34,14.34,14.34,14.34,0
CTLT,20171123,38.92,38.92,38.92,38.92,0
CTR,20171123,10.89,10.89,10.89,10.89,0
CTS,20171123,27.55,27.55,27.55,27.55,0
CTT,20171123,13.3,13.3,13.3,13.3,0
CTV,20171123,24.22,24.22,24.22,24.22,0
CTY,20171123,22.83,22.83,22.83,22.83,0
CTZ,20171123,23.15,23.15,23.15,23.15,0
CUB,20171123,62,62,62,62,0
CUB-C,20171123,27,27,27,27,0
CUB-D,20171123,26.78,26.78,26.78,26.78,0
CUB-E,20171123,26.9,26.9,26.9,26.9,0
CUB-F,20171123,26.41,26.41,26.41,26.41,0
CUBE,20171123,29.13,29.13,29.13,29.13,0
CUBI,20171123,26.89,26.89,26.89,26.89,0
CUK,20171123,67.06,67.06,67.06,67.06,0
CULP,20171123,31.25,31.25,31.25,31.25,0
CUZ,20171123,36.6,36.6,36.6,36.6,0
CVA,20171123,14.95,14.95,14.95,14.95,0
CVE,20171123,9.71,9.71,9.71,9.71,0
CVEO,20171123,1.99,1.99,1.99,1.99,0
CVI,20171123,31.39,31.39,31.39,31.39,0
CVNA,20171123,15.32,15.32,15.32,15.32,0
CVS,20171123,71.48,71.48,71.48,71.48,0
CVX,20171123,115.91,115.91,115.91,115.91,0
CW,20171123,120.59,120.59,120.59,120.59,0
CWH,20171123,42.83,42.83,42.83,42.83,0
CWT,20171123,44.45,44.45,44.45,44.45,0
CX,20171123,7.85,7.85,7.85,7.85,0
CXE,20171123,5.44,5.44,5.44,5.44,0
CXH,20171123,9.72,9.72,9.72,9.72,0
CXO,20171123,140.29,140.29,140.29,140.29,0
CXP,20171123,22.95,22.95,22.95,22.95,0
CXW,20171123,23.2,23.2,23.2,23.2,0
CYD,20171123,24.93,24.93,24.93,24.93,0
CYH,20171123,4.17,4.17,4.17,4.17,0
CZZ,20171123,9.34,9.34,9.34,9.34,0
D,20171123,82.16,82.16,82.16,82.16,0
DAC,20171123,22.4,22.4,22.4,22.4,0
DAL,20171123,50.41,50.41,50.41,50.41,0
DAN,20171123,31.82,31.82,31.82,31.82,0
DAR,20171123,17,17,17,17,0
DB,20171123,18.91,18.91,18.91,18.91,0
DBD,20171123,18.5,18.5,18.5,18.5,0
DBL,20171123,22.39,22.39,22.39,22.39,0
DCF,20171123,10,10,10,10,0
DCI,20171123,47.86,47.86,47.86,47.86,0
DCO,20171123,27.08,27.08,27.08,27.08,0
DCP,20171123,33.56,33.56,33.56,33.56,0
DDD,20171123,8.85,8.85,8.85,8.85,0
DDF,20171123,10.69,10.69,10.69,10.69,0
DDS,20171123,52.64,52.64,52.64,52.64,0
DDT,20171123,25.68,25.68,25.68,25.68,0
DE,20171123,145.25,145.25,145.25,145.25,0
DEA,20171123,21.06,21.06,21.06,21.06,0
DECK,20171123,74.31,74.31,74.31,74.31,0
DEI,20171123,40.67,40.67,40.67,40.67,0
DEO,20171123,137.62,137.62,137.62,137.62,0
DESP,20171123,26.91,26.91,26.91,26.91,0
DEX,20171123,11.76,11.76,11.76,11.76,0
DFIN,20171123,20.23,20.23,20.23,20.23,0
DFP,20171123,26.9,26.9,26.9,26.9,0
DFS,20171123,65.5,65.5,65.5,65.5,0
DG,20171123,87.23,87.23,87.23,87.23,0
DGX,20171123,92.52,92.52,92.52,92.52,0
DHF,20171123,3.34,3.34,3.34,3.34,0
DHI,20171123,49.58,49.58,49.58,49.58,0
DHR,20171123,93.76,93.76,93.76,93.76,0
DHT,20171123,3.89,3.89,3.89,3.89,0
DHX,20171123,1.95,1.95,1.95,1.95,0
DIAX,20171123,17.95,17.95,17.95,17.95,0
DIN,20171123,43.44,43.44,43.44,43.44,0
DIS,20171123,102.74,102.74,102.74,102.74,0
DK,20171123,32,32,32,32,0
DKL,20171123,29.35,29.35,29.35,29.35,0
DKS,20171123,28.38,28.38,28.38,28.38,0
DL,20171123,7.8,7.8,7.8,7.8,0
DLB,20171123,62.85,62.85,62.85,62.85,0
DLN-A,20171123,26.56,26.56,26.56,26.56,0
DLNG,20171123,12.92,12.92,12.92,12.92,0
DLPH,20171123,100.7801,100.7801,100.7801,100.7801,0
DLR,20171123,117.21,117.21,117.21,117.21,0
DLR-C,20171123,27.35,27.35,27.35,27.35,0
DLR-G,20171123,25.72,25.72,25.72,25.72,0
DLR-I,20171123,27.75,27.75,27.75,27.75,0
DLR-J,20171123,25.05,25.05,25.05,25.05,0
DLX,20171123,68.66,68.66,68.66,68.66,0
DMB,20171123,13.12,13.12,13.12,13.12,0
DMO,20171123,24.65,24.65,24.65,24.65,0
DNI,20171123,13.34,13.34,13.34,13.34,0
DNOW,20171123,10.45,10.45,10.45,10.45,0
DNP,20171123,11.37,11.37,11.37,11.37,0
DNR,20171123,1.77,1.77,1.77,1.77,0
DO,20171123,16.1,16.1,16.1,16.1,0
DOC,20171123,18.38,18.38,18.38,18.38,0
DOOR,20171123,72.35,72.35,72.35,72.35,0
DOV,20171123,76.5171,76.5171,76.5171,76.5171,0
DPG,20171123,15.49,15.49,15.49,15.49,0
DPLO,20171123,17.32,17.32,17.32,17.32,0
DPZ,20171123,176.55,176.55,176.55,176.55,0
DQ,20171123,49.45,49.45,49.45,49.45,0
DRD,20171123,3.53,3.53,3.53,3.53,0
DRE,20171123,29.22,29.22,29.22,29.22,0
DRH,20171123,11.18,11.18,11.18,11.18,0
DRI,20171123,79.76,79.76,79.76,79.76,0
DRQ,20171123,45.45,45.45,45.45,45.45,0
DRUA,20171123,25.46,25.46,25.46,25.46,0
DS,20171123,5.89,5.89,5.89,5.89,0
DS-B,20171123,25.9,25.9,25.9,25.9,0
DS-C,20171123,25.58,25.58,25.58,25.58,0
DS-D,20171123,25.65,25.65,25.65,25.65,0
DSE,20171123,5.21,5.21,5.21,5.21,0
DSL,20171123,20.04,20.04,20.04,20.04,0
DSM,20171123,8.47,8.47,8.47,8.47,0
DSU,20171123,11.62,11.62,11.62,11.62,0
DSX,20171123,3.89,3.89,3.89,3.89,0
DSX-B,20171123,24.08,24.08,24.08,24.08,0
DTE,20171123,112.62,112.62,112.62,112.62,0
DTF,20171123,14.25,14.25,14.25,14.25,0
DTJ,20171123,25.58,25.58,25.58,25.58,0
DTL.P,20171123,28.63,28.63,28.63,28.63,0
DTQ,20171123,25,25,25,25,0
DTW,20171123,25.07,25.07,25.07,25.07,0
DTY,20171123,27.46,27.46,27.46,27.46,0
DUC,20171123,8.96,8.96,8.96,8.96,0
DUK,20171123,88.63,88.63,88.63,88.63,0
DUKH,20171123,25.55,25.55,25.55,25.55,0
DVA,20171123,55.39,55.39,55.39,55.39,0
DVD,20171123,2,2,2,2,0
DVN,20171123,37.99,37.99,37.99,37.99,0
DX,20171123,21.66,21.66,21.66,21.66,0
DX-A,20171123,25.7,25.7,25.7,25.7,0
DX-B,20171123,24.98,24.98,24.98,24.98,0
DXB,20171123,25.53,25.53,25.53,25.53,0
DXC,20171123,97.79,97.79,97.79,97.79,0
DY,20171123,102.86,102.86,102.86,102.86,0
E,20171123,33,33,33,33,0
EAB,20171123,25.254,25.254,25.254,25.254,0
EAE,20171123,25.15,25.15,25.15,25.15,0
EAI,20171123,25.27,25.27,25.27,25.27,0
EARN,20171123,13.03,13.03,13.03,13.03,0
EAT,20171123,32.88,32.88,32.88,32.88,0
EBF,20171123,20.2,20.2,20.2,20.2,0
EBR,20171123,6.38,6.38,6.38,6.38,0
EBR.B,20171123,7.18,7.18,7.18,7.18,0
EBS,20171123,40.87,40.87,40.87,40.87,0
EC,20171123,11.89,11.89,11.89,11.89,0
ECC,20171123,19.03,19.03,19.03,19.03,0
ECCB,20171123,26.24,26.24,26.24,26.24,0
ECCY,20171123,25.61,25.61,25.61,25.61,0
ECL,20171123,132.99,132.99,132.99,132.99,0
ECOM,20171123,8.5,8.5,8.5,8.5,0
ECT,20171123,2.2,2.2,2.2,2.2,0
ED,20171123,86.66,86.66,86.66,86.66,0
EDD,20171123,7.72,7.72,7.72,7.72,0
EDF,20171123,15.84,15.84,15.84,15.84,0
EDI,20171123,15.36,15.36,15.36,15.36,0
EDN,20171123,44.2,44.2,44.2,44.2,0
EDU,20171123,89.31,89.31,89.31,89.31,0
EE,20171123,59.55,59.55,59.55,59.55,0
EEA,20171123,9.673,9.673,9.673,9.673,0
EEX,20171123,22.55,22.55,22.55,22.55,0
EFC,20171123,15.46,15.46,15.46,15.46,0
EFF,20171123,16.18,16.18,16.18,16.18,0
EFL,20171123,9.51,9.51,9.51,9.51,0
EFR,20171123,14.06,14.06,14.06,14.06,0
EFT,20171123,14.09,14.09,14.09,14.09,0
EFX,20171123,109.81,109.81,109.81,109.81,0
EGF,20171123,13.36,13.36,13.36,13.36,0
EGIF,20171123,16.1,16.1,16.1,16.1,0
EGO,20171123,1.25,1.25,1.25,1.25,0
EGP,20171123,94.38,94.38,94.38,94.38,0
EGY,20171123,0.86,0.86,0.86,0.86,0
EHI,20171123,9.98,9.98,9.98,9.98,0
EHT,20171123,10.1,10.1,10.1,10.1,0
EIG,20171123,48.9,48.9,48.9,48.9,0
EIX,20171123,80.15,80.15,80.15,80.15,0
EL,20171123,125.84,125.84,125.84,125.84,0
ELC,20171123,25.04,25.04,25.04,25.04,0
ELF,20171123,20.66,20.66,20.66,20.66,0
ELJ,20171123,25.2,25.2,25.2,25.2,0
ELP,20171123,7.53,7.53,7.53,7.53,0
ELS,20171123,89.81,89.81,89.81,89.81,0
ELU,20171123,25.4,25.4,25.4,25.4,0
ELVT,20171123,7.4,7.4,7.4,7.4,0
ELY,20171123,14.34,14.34,14.34,14.34,0
EMD,20171123,15.3,15.3,15.3,15.3,0
EME,20171123,79.11,79.11,79.11,79.11,0
EMF,20171123,17.76,17.76,17.76,17.76,0
EMN,20171123,90.9,90.9,90.9,90.9,0
EMO,20171123,10.33,10.33,10.33,10.33,0
EMP,20171123,25.06,25.06,25.06,25.06,0
EMR,20171123,61.88,61.88,61.88,61.88,0
ENB,20171123,36.98,36.98,36.98,36.98,0
ENBL,20171123,15.15,15.15,15.15,15.15,0
ENIA,20171123,10.01,10.01,10.01,10.01,0
ENIC,20171123,5.32,5.32,5.32,5.32,0
ENJ,20171123,25.19,25.19,25.19,25.19,0
ENLC,20171123,16.1,16.1,16.1,16.1,0
ENO,20171123,26.04,26.04,26.04,26.04,0
ENR,20171123,44.97,44.97,44.97,44.97,0
ENS,20171123,67.05,67.05,67.05,67.05,0
ENV,20171123,49.55,49.55,49.55,49.55,0
ENVA,20171123,14.85,14.85,14.85,14.85,0
ENZ,20171123,9.48,9.48,9.48,9.48,0
EOD,20171123,6.18,6.18,6.18,6.18,0
EOG,20171123,101.59,101.59,101.59,101.59,0
EOI,20171123,14.23,14.23,14.23,14.23,0
EOS,20171123,15.03,15.03,15.03,15.03,0
EOT,20171123,22.36,22.36,22.36,22.36,0
EP-C,20171123,48.25,48.25,48.25,48.25,0
EPAM,20171123,105.82,105.82,105.82,105.82,0
EPC,20171123,57,57,57,57,0
EPD,20171123,24.64,24.64,24.64,24.64,0
EPR,20171123,68.17,68.17,68.17,68.17,0
EPR-C,20171123,27.5,27.5,27.5,27.5,0
EPR-E,20171123,36.42,36.42,36.42,36.42,0
EQC,20171123,30.07,30.07,30.07,30.07,0
EQC-D,20171123,26.05,26.05,26.05,26.05,0
EQM,20171123,68.2,68.2,68.2,68.2,0
EQR,20171123,68.14,68.14,68.14,68.14,0
EQS,20171123,2.4,2.4,2.4,2.4,0
EQT,20171123,58.18,58.18,58.18,58.18,0
ERA,20171123,10.87,10.87,10.87,10.87,0
ERF,20171123,9.05,9.05,9.05,9.05,0
ERJ,20171123,19.35,19.35,19.35,19.35,0
EROS,20171123,13.25,13.25,13.25,13.25,0
ES,20171123,63.81,63.81,63.81,63.81,0
ESE,20171123,64.65,64.65,64.65,64.65,0
ESNT,20171123,44.7,44.7,44.7,44.7,0
ESRT,20171123,20.62,20.62,20.62,20.62,0
ESS,20171123,249.97,249.97,249.97,249.97,0
ESTE,20171123,8.79,8.79,8.79,8.79,0
ETB,20171123,16.6,16.6,16.6,16.6,0
ETG,20171123,17.02,17.02,17.02,17.02,0
ETH,20171123,28.35,28.35,28.35,28.35,0
ETJ,20171123,9.145,9.145,9.145,9.145,0
ETM,20171123,11.9,11.9,11.9,11.9,0
ETN,20171123,76.22,76.22,76.22,76.22,0
ETO,20171123,24.32,24.32,24.32,24.32,0
ETR,20171123,85.51,85.51,85.51,85.51,0
ETV,20171123,15.11,15.11,15.11,15.11,0
ETW,20171123,11.85,11.85,11.85,11.85,0
ETX,20171123,19.74,19.74,19.74,19.74,0
ETY,20171123,11.75,11.75,11.75,11.75,0
EURN,20171123,8.75,8.75,8.75,8.75,0
EV,20171123,52.98,52.98,52.98,52.98,0
EVA,20171123,28.1,28.1,28.1,28.1,0
EVC,20171123,6.45,6.45,6.45,6.45,0
EVF,20171123,6.43,6.43,6.43,6.43,0
EVG,20171123,13.79,13.79,13.79,13.79,0
EVH,20171123,12.15,12.15,12.15,12.15,0
EVN,20171123,12.49,12.49,12.49,12.49,0
EVR,20171123,85.4,85.4,85.4,85.4,0
EVRI,20171123,8.85,8.85,8.85,8.85,0
EVT,20171123,22.33,22.33,22.33,22.33,0
EVTC,20171123,13.85,13.85,13.85,13.85,0
EW,20171123,108.81,108.81,108.81,108.81,0
EXD,20171123,11.23,11.23,11.23,11.23,0
EXG,20171123,9.24,9.24,9.24,9.24,0
EXK,20171123,2.14,2.14,2.14,2.14,0
EXP,20171123,106.19,106.19,106.19,106.19,0
EXPR,20171123,7.83,7.83,7.83,7.83,0
EXR,20171123,87.42,87.42,87.42,87.42,0
EXTN,20171123,30.79,30.79,30.79,30.79,0
EZT,20171123,26.7,26.7,26.7,26.7,0
F,20171123,12.07,12.07,12.07,12.07,0
FAF,20171123,54.6,54.6,54.6,54.6,0
FAM,20171123,11.28,11.28,11.28,11.28,0
FBC,20171123,36.48,36.48,36.48,36.48,0
FBHS,20171123,64.85,64.85,64.85,64.85,0
FBK,20171123,39.98,39.98,39.98,39.98,0
FBM,20171123,14.43,14.43,14.43,14.43,0
FBP,20171123,5,5,5,5,0
FC,20171123,19.35,19.35,19.35,19.35,0
FCAU,20171123,17.6,17.6,17.6,17.6,0
FCF,20171123,14.46,14.46,14.46,14.46,0
FCN,20171123,41.78,41.78,41.78,41.78,0
FCPT,20171123,26.6,26.6,26.6,26.6,0
FCT,20171123,12.77,12.77,12.77,12.77,0
FCX,20171123,14.24,14.24,14.24,14.24,0
FDEU,20171123,18.56,18.56,18.56,18.56,0
FDP,20171123,46.01,46.01,46.01,46.01,0
FDS,20171123,197.59,197.59,197.59,197.59,0
FDX,20171123,217.83,217.83,217.83,217.83,0
FE,20171123,34.24,34.24,34.24,34.24,0
FEDU,20171123,9.72,9.72,9.72,9.72,0
FEI,20171123,14.16,14.16,14.16,14.16,0
FENG,20171123,7.64,7.64,7.64,7.64,0
FEO,20171123,15.9,15.9,15.9,15.9,0
FET,20171123,13.55,13.55,13.55,13.55,0
FF,20171123,15,15,15,15,0
FFA,20171123,15.63,15.63,15.63,15.63,0
FFC,20171123,20.9,20.9,20.9,20.9,0
FFG,20171123,74.3,74.3,74.3,74.3,0
FGB,20171123,6.35,6.35,6.35,6.35,0
FHN,20171123,18.61,18.61,18.61,18.61,0
FHN-A,20171123,25.46,25.46,25.46,25.46,0
FI,20171123,6.35,6.35,6.35,6.35,0
FICO,20171123,154,154,154,154,0
FIF,20171123,17.71,17.71,17.71,17.71,0
FIS,20171123,91.59,91.59,91.59,91.59,0
FIT,20171123,6.65,6.65,6.65,6.65,0
FIV,20171123,9.26,9.26,9.26,9.26,0
FIX,20171123,42,42,42,42,0
FL,20171123,40.54,40.54,40.54,40.54,0
FLC,20171123,21.47,21.47,21.47,21.47,0
FLO,20171123,19.39,19.39,19.39,19.39,0
FLOW,20171123,42.47,42.47,42.47,42.47,0
FLR,20171123,47.26,47.26,47.26,47.26,0
FLS,20171123,39.49,39.49,39.49,39.49,0
FLT,20171123,178.64,178.64,178.64,178.64,0
FLY,20171123,13.55,13.55,13.55,13.55,0
FMC,20171123,93.17,93.17,93.17,93.17,0
FMN,20171123,14.07,14.07,14.07,14.07,0
FMO,20171123,10.94,10.94,10.94,10.94,0
FMS,20171123,48.92,48.92,48.92,48.92,0
FMX,20171123,90.06,90.06,90.06,90.06,0
FMY,20171123,14.16,14.16,14.16,14.16,0
FN,20171123,32.76,32.76,32.76,32.76,0
FNB,20171123,13.45,13.45,13.45,13.45,0
FNB-E,20171123,29.2,29.2,29.2,29.2,0
FND,20171123,38.3,38.3,38.3,38.3,0
FNF,20171123,40.11,40.11,40.11,40.11,0
FNV,20171123,84.23,84.23,84.23,84.23,0
FOE,20171123,23.96,23.96,23.96,23.96,0
FOF,20171123,12.795,12.795,12.795,12.795,0
FOR,20171123,20.5,20.5,20.5,20.5,0
FPF,20171123,24.8,24.8,24.8,24.8,0
FPH,20171123,13.89,13.89,13.89,13.89,0
FPI,20171123,9.19,9.19,9.19,9.19,0
FPI-B,20171123,26.65,26.65,26.65,26.65,0
FPL,20171123,11.5,11.5,11.5,11.5,0
FR,20171123,32.49,32.49,32.49,32.49,0
FRA,20171123,13.71,13.71,13.71,13.71,0
FRC,20171123,92.98,92.98,92.98,92.98,0
FRC-F,20171123,26.14,26.14,26.14,26.14,0
FRC-G,20171123,26.07,26.07,26.07,26.07,0
FRC-H,20171123,25.68,25.68,25.68,25.68,0
FRO,20171123,5.72,5.72,5.72,5.72,0
FRT,20171123,131.75,131.75,131.75,131.75,0
FRT-C,20171123,24.77,24.77,24.77,24.77,0
FSB,20171123,34.2,34.2,34.2,34.2,0
FSD,20171123,16.34,16.34,16.34,16.34,0
FSM,20171123,4.42,4.42,4.42,4.42,0
FSS,20171123,20.92,20.92,20.92,20.92,0
FT,20171123,7.23,7.23,7.23,7.23,0
FTAI,20171123,18.22,18.22,18.22,18.22,0
FTI,20171123,27.06,27.06,27.06,27.06,0
FTK,20171123,4.81,4.81,4.81,4.81,0
FTS,20171123,37.74,37.74,37.74,37.74,0
FTV,20171123,72,72,72,72,0
FUL,20171123,56.11,56.11,56.11,56.11,0
FUN,20171123,66.55,66.55,66.55,66.55,0
G,20171123,31.56,31.56,31.56,31.56,0
GAB,20171123,6.14,6.14,6.14,6.14,0
GAB-G,20171123,24.76,24.76,24.76,24.76,0
GAB-H,20171123,25.1,25.1,25.1,25.1,0
GAB-J,20171123,25.67,25.67,25.67,25.67,0
GAM,20171123,33.27,33.27,33.27,33.27,0
GAM-B,20171123,26.54,26.54,26.54,26.54,0
GATX,20171123,59.05,59.05,59.05,59.05,0
GBAB,20171123,22.46,22.46,22.46,22.46,0
GBL,20171123,28.66,28.66,28.66,28.66,0
GBX,20171123,46.6,46.6,46.6,46.6,0
GCAP,20171123,7.3,7.3,7.3,7.3,0
GCI,20171123,11.6,11.6,11.6,11.6,0
GCO,20171123,28.95,28.95,28.95,28.95,0
GCP,20171123,29.9,29.9,29.9,29.9,0
GCV,20171123,5.73,5.73,5.73,5.73,0
GD,20171123,200.04,200.04,200.04,200.04,0
GDDY,20171123,50.43,50.43,50.43,50.43,0
GDI,20171123,30.98,30.98,30.98,30.98,0
GDL,20171123,9.88,9.88,9.88,9.88,0
GDO,20171123,18.09,18.09,18.09,18.09,0
GDOT,20171123,62.95,62.95,62.95,62.95,0
GDV,20171123,22.3,22.3,22.3,22.3,0
GDV-A,20171123,26.37,26.37,26.37,26.37,0
GDV-G,20171123,25.22,25.22,25.22,25.22,0
GE,20171123,18.15,18.15,18.15,18.15,0
GEF,20171123,52.14,52.14,52.14,52.14,0
GEF.B,20171123,61.5,61.5,61.5,61.5,0
GEL,20171123,21.69,21.69,21.69,21.69,0
GEN,20171123,0.874,0.874,0.874,0.874,0
GEO,20171123,26.06,26.06,26.06,26.06,0
GER,20171123,5.63,5.63,5.63,5.63,0
GES,20171123,15.62,15.62,15.62,15.62,0
GF,20171123,19.28,19.28,19.28,19.28,0
GFF,20171123,22.95,22.95,22.95,22.95,0
GFI,20171123,4.1,4.1,4.1,4.1,0
GFY,20171123,17.02,17.02,17.02,17.02,0
GGB,20171123,3.25,3.25,3.25,3.25,0
GGG,20171123,43.6233,43.6233,43.6233,43.6233,0
GGM,20171123,22.12,22.12,22.12,22.12,0
GGT,20171123,8.71,8.71,8.71,8.71,0
GGT-E,20171123,24.95,24.95,24.95,24.95,0
GGZ,20171123,12.58,12.58,12.58,12.58,0
GGZ-A,20171123,25.6,25.6,25.6,25.6,0
GHC,20171123,567.75,567.75,567.75,567.75,0
GHL,20171123,20.25,20.25,20.25,20.25,0
GHM,20171123,19.68,19.68,19.68,19.68,0
GHY,20171123,14.48,14.48,14.48,14.48,0
GIB,20171123,53.88,53.88,53.88,53.88,0
GIL,20171123,31.37,31.37,31.37,31.37,0
GIM,20171123,6.51,6.51,6.51,6.51,0
GIS,20171123,53.65,53.65,53.65,53.65,0
GJH,20171123,10.2,10.2,10.2,10.2,0
GJO,20171123,22.18,22.18,22.18,22.18,0
GJP,20171123,22.3,22.3,22.3,22.3,0
GJR,20171123,21.3,21.3,21.3,21.3,0
GJS,20171123,19.8,19.8,19.8,19.8,0
GJT,20171123,19.8,19.8,19.8,19.8,0
GKOS,20171123,24.5,24.5,24.5,24.5,0
GLO-A,20171123,26.5,26.5,26.5,26.5,0
GLO-G,20171123,26.53,26.53,26.53,26.53,0
GLOB,20171123,40.25,40.25,40.25,40.25,0
GLOG,20171123,17.95,17.95,17.95,17.95,0
GLOP,20171123,22.7,22.7,22.7,22.7,0
GLP,20171123,17.35,17.35,17.35,17.35,0
GLT,20171123,20.08,20.08,20.08,20.08,0
GLW,20171123,31.8,31.8,31.8,31.8,0
GM,20171123,44.29,44.29,44.29,44.29,0
GME,20171123,17.37,17.37,17.37,17.37,0
GMED,20171123,37.25,37.25,37.25,37.25,0
GMR-A,20171123,25.25,25.25,25.25,25.25,0
GMRE,20171123,9.59,9.59,9.59,9.59,0
GMS,20171123,35.14,35.14,35.14,35.14,0
GMTA,20171123,26.35,26.35,26.35,26.35,0
GMZ,20171123,8.31,8.31,8.31,8.31,0
GNC,20171123,5.45,5.45,5.45,5.45,0
GNE,20171123,4.46,4.46,4.46,4.46,0
GNE-A,20171123,7.495,7.495,7.495,7.495,0
GNK,20171123,11.27,11.27,11.27,11.27,0
GNL,20171123,21.8,21.8,21.8,21.8,0
GNL-A,20171123,25.4,25.4,25.4,25.4,0
GNRC,20171123,48.68,48.68,48.68,48.68,0
GNT,20171123,6.85,6.85,6.85,6.85,0
GNT-A,20171123,25.09,25.09,25.09,25.09,0
GNW,20171123,3.45,3.45,3.45,3.45,0
GOF,20171123,21.56,21.56,21.56,21.56,0
GOL,20171123,8.95,8.95,8.95,8.95,0
GOLF,20171123,19.21,19.21,19.21,19.21,0
GOOS,20171123,27.07,27.07,27.07,27.07,0
GPC,20171123,86.91,86.91,86.91,86.91,0
GPI,20171123,78.29,78.29,78.29,78.29,0
GPJA,20171123,25.25,25.25,25.25,25.25,0
GPK,20171123,14.9,14.9,14.9,14.9,0
GPM,20171123,8.74,8.74,8.74,8.74,0
GPMT,20171123,18.04,18.04,18.04,18.04,0
GPN,20171123,102.43,102.43,102.43,102.43,0
GPRK,20171123,8.82,8.82,8.82,8.82,0
GPS,20171123,29.17,29.17,29.17,29.17,0
GPX,20171123,23.5,23.5,23.5,23.5,0
GRA,20171123,73.45,73.45,73.45,73.45,0
GRAM,20171123,3.06,3.06,3.06,3.06,0
GRC,20171123,32.47,32.47,32.47,32.47,0
GRP.U,20171123,39.99,39.99,39.99,39.99,0
GRUB,20171123,67.7,67.7,67.7,67.7,0
GRX,20171123,9.82,9.82,9.82,9.82,0
GRX-A,20171123,25.91,25.91,25.91,25.91,0
GRX-B,20171123,26.5,26.5,26.5,26.5,0
GS,20171123,236.43,236.43,236.43,236.43,0
GS-A,20171123,23.06,23.06,23.06,23.06,0
GS-C,20171123,23.21,23.21,23.21,23.21,0
GS-D,20171123,23.2,23.2,23.2,23.2,0
GS-J,20171123,27.56,27.56,27.56,27.56,0
GS-K,20171123,29.15,29.15,29.15,29.15,0
GS-N,20171123,27.95,27.95,27.95,27.95,0
GSBD,20171123,22.14,22.14,22.14,22.14,0
GSH,20171123,27.29,27.29,27.29,27.29,0
GSK,20171123,35.06,35.06,35.06,35.06,0
GSL,20171123,9.6,9.6,9.6,9.6,0
GSL-B,20171123,22.854,22.854,22.854,22.854,0
GTN,20171123,16.05,16.05,16.05,16.05,0
GTN.A,20171123,13.2,13.2,13.2,13.2,0
GTS,20171123,27.81,27.81,27.81,27.81,0
GTT,20171123,40.3,40.3,40.3,40.3,0
GTY,20171123,28.6,28.6,28.6,28.6,0
GUT,20171123,7.09,7.09,7.09,7.09,0
GUT-A,20171123,26.48,26.48,26.48,26.48,0
GUT-C,20171123,25.55,25.55,25.55,25.55,0
GVA,20171123,65.06,65.06,65.06,65.06,0
GWB,20171123,40.49,40.49,40.49,40.49,0
GWRE,20171123,81.88,81.88,81.88,81.88,0
GWW,20171123,200.4,200.4,200.4,200.4,0
GYC,20171123,23.93,23.93,23.93,23.93,0
H,20171123,70.91,70.91,70.91,70.91,0
HAE,20171123,58.38,58.38,58.38,58.38,0
HAL,20171123,41.43,41.43,41.43,41.43,0
HASI,20171123,24.2,24.2,24.2,24.2,0
HBB,20171123,30.12,30.12,30.12,30.12,0
HBI,20171123,19.82,19.82,19.82,19.82,0
HBM,20171123,8,8,8,8,0
HCA,20171123,77.07,77.07,77.07,77.07,0
HCC,20171123,29.9,29.9,29.9,29.9,0
HCHC,20171123,5.5,5.5,5.5,5.5,0
HCI,20171123,30.2,30.2,30.2,30.2,0
HD,20171123,172.06,172.06,172.06,172.06,0
HDB,20171123,48.96,48.96,48.96,48.96,0
HE,20171123,36.67,36.67,36.67,36.67,0
HEI,20171123,59.0272,59.0272,59.0272,59.0272,0
HEI.A,20171123,49.344,49.344,49.344,49.344,0
HEP,20171123,32.07,32.07,32.07,32.07,0
HEQ,20171123,17.38,17.38,17.38,17.38,0
HES,20171123,43.45,43.45,43.45,43.45,0
HESM,20171123,18.95,18.95,18.95,18.95,0
HFC,20171123,44.39,44.39,44.39,44.39,0
HFRO,20171123,15.35,15.35,15.35,15.35,0
HGH,20171123,30.39,30.39,30.39,30.39,0
HGV,20171123,40.17,40.17,40.17,40.17,0
HHC,20171123,126.84,126.84,126.84,126.84,0
HHS,20171123,10.3,10.3,10.3,10.3,0
HI,20171123,43.65,43.65,43.65,43.65,0
HIE,20171123,12.53,12.53,12.53,12.53,0
HIG,20171123,55.78,55.78,55.78,55.78,0
HII,20171123,234.07,234.07,234.07,234.07,0
HIL,20171123,5.4,5.4,5.4,5.4,0
HIO,20171123,4.97,4.97,4.97,4.97,0
HIW,20171123,51.21,51.21,51.21,51.21,0
HIX,20171123,6.91,6.91,6.91,6.91,0
HJV,20171123,11.91,11.91,11.91,11.91,0
HL,20171123,3.88,3.88,3.88,3.88,0
HL-B,20171123,53.41,53.41,53.41,53.41,0
HLF,20171123,34.045,34.045,34.045,34.045,0
HLI,20171123,43.99,43.99,43.99,43.99,0
HLT,20171123,75.68,75.68,75.68,75.68,0
HLX,20171123,6.98,6.98,6.98,6.98,0
HMC,20171123,33.16,33.16,33.16,33.16,0
HML-A,20171123,25.8,25.8,25.8,25.8,0
HMLP,20171123,17.5,17.5,17.5,17.5,0
HMN,20171123,45.45,45.45,45.45,45.45,0
HMY,20171123,1.81,1.81,1.81,1.81,0
HNI,20171123,33.64,33.64,33.64,33.64,0
HNP,20171123,27,27,27,27,0
HOG,20171123,47.68,47.68,47.68,47.68,0
HOME,20171123,22.24,22.24,22.24,22.24,0
HON,20171123,148.99,148.99,148.99,148.99,0
HOV,20171123,68.75,68.75,68.75,68.75,0
HP,20171123,56.61,56.61,56.61,56.61,0
HPE,20171123,13.1,13.1,13.1,13.1,0
HPF,20171123,21.19,21.19,21.19,21.19,0
HPI,20171123,21.35,21.35,21.35,21.35,0
HPP,20171123,35.67,35.67,35.67,35.67,0
HPQ,20171123,21.34,21.34,21.34,21.34,0
HPS,20171123,18.29,18.29,18.29,18.29,0
HQH,20171123,22.72,22.72,22.72,22.72,0
HQL,20171123,19.38,19.38,19.38,19.38,0
HR,20171123,32.52,32.52,32.52,32.52,0
HRB,20171123,25.85,25.85,25.85,25.85,0
HRC,20171123,83.11,83.11,83.11,83.11,0
HRI,20171123,57.18,57.18,57.18,57.18,0
HRL,20171123,34.27,34.27,34.27,34.27,0
HRTG,20171123,17.48,17.48,17.48,17.48,0
HSB-A,20171123,26.27,26.27,26.27,26.27,0
HSBC,20171123,49.18,49.18,49.18,49.18,0
HSC,20171123,17.5,17.5,17.5,17.5,0
HST,20171123,19.78,19.78,19.78,19.78,0
HSY,20171123,108.12,108.12,108.12,108.12,0
HT,20171123,17.53,17.53,17.53,17.53,0
HT-C,20171123,25.21,25.21,25.21,25.21,0
HT-D,20171123,25.64,25.64,25.64,25.64,0
HT-E,20171123,25.25,25.25,25.25,25.25,0
HTA,20171123,30.81,30.81,30.81,30.81,0
HTD,20171123,25.55,25.55,25.55,25.55,0
HTFA,20171123,25.78,25.78,25.78,25.78,0
HTGC,20171123,13.68,13.68,13.68,13.68,0
HTH,20171123,23.16,23.16,23.16,23.16,0
HTY,20171123,8.72,8.72,8.72,8.72,0
HTZ,20171123,18.15,18.15,18.15,18.15,0
HUBB,20171123,121,121,121,121,0
HUBS,20171123,81.35,81.35,81.35,81.35,0
HUM,20171123,238.3,238.3,238.3,238.3,0
HUN,20171123,30.82,30.82,30.82,30.82,0
HVT,20171123,23.45,23.45,23.45,23.45,0
HVT.A,20171123,23.55,23.55,23.55,23.55,0
HXL,20171123,60.25,60.25,60.25,60.25,0
HY,20171123,84.13,84.13,84.13,84.13,0
HYB,20171123,9.74,9.74,9.74,9.74,0
HYI,20171123,15.1,15.1,15.1,15.1,0
HYT,20171123,11,11,11,11,0
HZN,20171123,14.28,14.28,14.28,14.28,0
HZO,20171123,21,21,21,21,0
I,20171123,4.17,4.17,4.17,4.17,0
IAE,20171123,10.77,10.77,10.77,10.77,0
IAG,20171123,5.62,5.62,5.62,5.62,0
IBA,20171123,57.98,57.98,57.98,57.98,0
IBM,20171123,151.77,151.77,151.77,151.77,0
IBN,20171123,9.75,9.75,9.75,9.75,0
IBP,20171123,73.65,73.65,73.65,73.65,0
ICD,20171123,3.78,3.78,3.78,3.78,0
ICE,20171123,67.66,67.66,67.66,67.66,0
ICL,20171123,3.88,3.88,3.88,3.88,0
IDA,20171123,96.36,96.36,96.36,96.36,0
IDE,20171123,16.04,16.04,16.04,16.04,0
IDT,20171123,15.19,15.19,15.19,15.19,0
IEX,20171123,130.31,130.31,130.31,130.31,0
IFF,20171123,150.98,150.98,150.98,150.98,0
IFN,20171123,27.3,27.3,27.3,27.3,0
IGA,20171123,11.46,11.46,11.46,11.46,0
IGD,20171123,7.87,7.87,7.87,7.87,0
IGI,20171123,21.58,21.58,21.58,21.58,0
IGR,20171123,7.74,7.74,7.74,7.74,0
IGT,20171123,27.97,27.97,27.97,27.97,0
IHC,20171123,29.15,29.15,29.15,29.15,0
IHD,20171123,9.03,9.03,9.03,9.03,0
IHG,20171123,57.54,57.54,57.54,57.54,0
IHIT,20171123,10.1,10.1,10.1,10.1,0
IID,20171123,7.75,7.75,7.75,7.75,0
IIF,20171123,35.53,35.53,35.53,35.53,0
IIM,20171123,14.68,14.68,14.68,14.68,0
IIP-A,20171123,25.63,25.63,25.63,25.63,0
IIPR,20171123,19.15,19.15,19.15,19.15,0
IMAX,20171123,24.65,24.65,24.65,24.65,0
INF,20171123,12.97,12.97,12.97,12.97,0
INFY,20171123,7.6,7.6,7.6,7.6,0
ING,20171123,17.91,17.91,17.91,17.91,0
INGR,20171123,135.01,135.01,135.01,135.01,0
INN,20171123,15.37,15.37,15.37,15.37,0
INN-D,20171123,25.06,25.06,25.06,25.06,0
INN-E,20171123,24.65,24.65,24.65,24.65,0
INSI,20171123,20.45,20.45,20.45,20.45,0
INST,20171123,35.15,35.15,35.15,35.15,0
INSW,20171123,17.25,17.25,17.25,17.25,0
INT,20171123,27.65,27.65,27.65,27.65,0
INVH,20171123,23.5,23.5,23.5,23.5,0
INXN,20171123,57.6,57.6,57.6,57.6,0
IO,20171123,13.1,13.1,13.1,13.1,0
IP,20171123,54.75,54.75,54.75,54.75,0
IPG,20171123,18.72,18.72,18.72,18.72,0
IPHI,20171123,42.68,42.68,42.68,42.68,0
IPI,20171123,3.74,3.74,3.74,3.74,0
IQI,20171123,12.36,12.36,12.36,12.36,0
IQV,20171123,103.95,103.95,103.95,103.95,0
IR,20171123,84.59,84.59,84.59,84.59,0
IRE-C,20171123,25.7,25.7,25.7,25.7,0
IRET,20171123,5.96,5.96,5.96,5.96,0
IRL,20171123,12.91,12.91,12.91,12.91,0
IRM,20171123,41.14,41.14,41.14,41.14,0
IRR,20171123,6.06,6.06,6.06,6.06,0
IRS,20171123,30.6,30.6,30.6,30.6,0
IRT,20171123,10.45,10.45,10.45,10.45,0
ISD,20171123,14.73,14.73,14.73,14.73,0
ISG,20171123,25.75,25.75,25.75,25.75,0
IT,20171123,115.99,115.99,115.99,115.99,0
ITCB,20171123,12.59,12.59,12.59,12.59,0
ITGR,20171123,49.1,49.1,49.1,49.1,0
ITT,20171123,52.09,52.09,52.09,52.09,0
ITUB,20171123,8.84,8.84,8.84,8.84,0
ITW,20171123,159.62,159.62,159.62,159.62,0
IVC,20171123,17.85,17.85,17.85,17.85,0
IVH,20171123,14.78,14.78,14.78,14.78,0
IVR,20171123,18.16,18.16,18.16,18.16,0
IVR-A,20171123,25.29,25.29,25.29,25.29,0
IVR-B,20171123,25.66,25.66,25.66,25.66,0
IVR-C,20171123,25.44,25.44,25.44,25.44,0
IVZ,20171123,35.23,35.23,35.23,35.23,0
IX,20171123,83.59,83.59,83.59,83.59,0
JAX,20171123,9.75,9.75,9.75,9.75,0
JBGS,20171123,33.09,33.09,33.09,33.09,0
JBK,20171123,25.2,25.2,25.2,25.2,0
JBL,20171123,29.77,29.77,29.77,29.77,0
JBN,20171123,11.97,11.97,11.97,11.97,0
JBR,20171123,12.2,12.2,12.2,12.2,0
JBT,20171123,115,115,115,115,0
JCAP,20171123,20.2,20.2,20.2,20.2,0
JCE,20171123,16.09,16.09,16.09,16.09,0
JCI,20171123,36.79,36.79,36.79,36.79,0
JCO,20171123,9.85,9.85,9.85,9.85,0
JCP,20171123,3.24,3.24,3.24,3.24,0
JDD,20171123,12.21,12.21,12.21,12.21,0
JE,20171123,4.44,4.44,4.44,4.44,0
JE-A,20171123,24.91,24.91,24.91,24.91,0
JELD,20171123,38.59,38.59,38.59,38.59,0
JEMD,20171123,9.9,9.9,9.9,9.9,0
JEQ,20171123,9.3,9.3,9.3,9.3,0
JFR,20171123,10.92,10.92,10.92,10.92,0
JGH,20171123,16.45,16.45,16.45,16.45,0
JHB,20171123,9.87,9.87,9.87,9.87,0
JHG,20171123,36.41,36.41,36.41,36.41,0
JHI,20171123,17.54,17.54,17.54,17.54,0
JHS,20171123,14.71,14.71,14.71,14.71,0
JHX,20171123,16.53,16.53,16.53,16.53,0
JHY,20171123,9.87,9.87,9.87,9.87,0
JILL,20171123,5.66,5.66,5.66,5.66,0
JKS,20171123,25.91,25.91,25.91,25.91,0
JLL,20171123,148.81,148.81,148.81,148.81,0
JLS,20171123,25.57,25.57,25.57,25.57,0
JMEI,20171123,2.93,2.93,2.93,2.93,0
JMF,20171123,10.28,10.28,10.28,10.28,0
JMLP,20171123,8.04,8.04,8.04,8.04,0
JMM,20171123,7.52,7.52,7.52,7.52,0
JMP,20171123,5.51,5.51,5.51,5.51,0
JNJ,20171123,137.29,137.29,137.29,137.29,0
JNPR,20171123,27.01,27.01,27.01,27.01,0
JOE,20171123,18.95,18.95,18.95,18.95,0
JOF,20171123,13.15,13.15,13.15,13.15,0
JP,20171123,20.33,20.33,20.33,20.33,0
JPC,20171123,10.43,10.43,10.43,10.43,0
JPI,20171123,25.26,25.26,25.26,25.26,0
JPM,20171123,98.64,98.64,98.64,98.64,0
JPM-F,20171123,27.07,27.07,27.07,27.07,0
JPM-G,20171123,27.29,27.29,27.29,27.29,0
JPM-H,20171123,27.15,27.15,27.15,27.15,0
JPS,20171123,10.27,10.27,10.27,10.27,0
JPT,20171123,25.13,25.13,25.13,25.13,0
JQC,20171123,8.09,8.09,8.09,8.09,0
JRI,20171123,17.56,17.56,17.56,17.56,0
JRO,20171123,10.79,10.79,10.79,10.79,0
JRS,20171123,11.06,11.06,11.06,11.06,0
JSD,20171123,16.85,16.85,16.85,16.85,0
JT,20171123,5.75,5.75,5.75,5.75,0
JTA,20171123,13.38,13.38,13.38,13.38,0
JTD,20171123,16.81,16.81,16.81,16.81,0
JW.A,20171123,57.05,57.05,57.05,57.05,0
JW.B,20171123,56.98,56.98,56.98,56.98,0
JWN,20171123,41.16,41.16,41.16,41.16,0
K,20171123,64.71,64.71,64.71,64.71,0
KAI,20171123,102.15,102.15,102.15,102.15,0
KAMN,20171123,57.71,57.71,57.71,57.71,0
KAR,20171123,18.4432,18.4432,18.4432,18.4432,0
KB,20171123,51.8,51.8,51.8,51.8,0
KBH,20171123,28.9,28.9,28.9,28.9,0
KBR,20171123,18.54,18.54,18.54,18.54,0
KDMN,20171123,3.52,3.52,3.52,3.52,0
KEM,20171123,16.32,16.32,16.32,16.32,0
KEN,20171123,18.235,18.235,18.235,18.235,0
KEP,20171123,17.2,17.2,17.2,17.2,0
KEX,20171123,64,64,64,64,0
KEY,20171123,18.16,18.16,18.16,18.16,0
KEY-I,20171123,29.6,29.6,29.6,29.6,0
KEYS,20171123,45.19,45.19,45.19,45.19,0
KF,20171123,44.62,44.62,44.62,44.62,0
KFS,20171123,5.5,5.5,5.5,5.5,0
KFY,20171123,43.5,43.5,43.5,43.5,0
KGC,20171123,4.32,4.32,4.32,4.32,0
KIM,20171123,18.78,18.78,18.78,18.78,0
KIM-L,20171123,24.89,24.89,24.89,24.89,0
KIO,20171123,16.19,16.19,16.19,16.19,0
KKR,20171123,19.52,19.52,19.52,19.52,0
KKR-A,20171123,27.39,27.39,27.39,27.39,0
KKR-B,20171123,26.82,26.82,26.82,26.82,0
KL,20171123,13.74,13.74,13.74,13.74,0
KMB,20171123,116.05,116.05,116.05,116.05,0
KMF,20171123,12.67,12.67,12.67,12.67,0
KMI,20171123,17.1,17.1,17.1,17.1,0
KMPR,20171123,68.6,68.6,68.6,68.6,0
KMT,20171123,44.37,44.37,44.37,44.37,0
KMX,20171123,67.99,67.99,67.99,67.99,0
KN,20171123,16.7,16.7,16.7,16.7,0
KNL,20171123,20.63,20.63,20.63,20.63,0
KNOP,20171123,20.65,20.65,20.65,20.65,0
KNX,20171123,39.92,39.92,39.92,39.92,0
KO,20171123,45.84,45.84,45.84,45.84,0
KODK,20171123,3.5,3.5,3.5,3.5,0
KOF,20171123,69.23,69.23,69.23,69.23,0
KOP,20171123,48.5,48.5,48.5,48.5,0
KOS,20171123,8.01,8.01,8.01,8.01,0
KR,20171123,23.14,23.14,23.14,23.14,0
KRA,20171123,48.22,48.22,48.22,48.22,0
KRC,20171123,75.29,75.29,75.29,75.29,0
KREF,20171123,20.71,20.71,20.71,20.71,0
KRG,20171123,19.43,19.43,19.43,19.43,0
KRO,20171123,28.81,28.81,28.81,28.81,0
KRP,20171123,16.8,16.8,16.8,16.8,0
KSM,20171123,11.975,11.975,11.975,11.975,0
KSS,20171123,44.63,44.63,44.63,44.63,0
KSU,20171123,105.95,105.95,105.95,105.95,0
KSU.P,20171123,27.11,27.11,27.11,27.11,0
KT,20171123,14.75,14.75,14.75,14.75,0
KTF,20171123,11.81,11.81,11.81,11.81,0
KTH,20171123,33,33,33,33,0
KTN,20171123,33.3,33.3,33.3,33.3,0
KTP,20171123,12.95,12.95,12.95,12.95,0
KW,20171123,19.45,19.45,19.45,19.45,0
KWR,20171123,161.77,161.77,161.77,161.77,0
KYN,20171123,14.93,14.93,14.93,14.93,0
KYN-F,20171123,25.52,25.52,25.52,25.52,0
L,20171123,49.36,49.36,49.36,49.36,0
LAD,20171123,114.01,114.01,114.01,114.01,0
LADR,20171123,13.87,13.87,13.87,13.87,0
LAZ,20171123,47.63,47.63,47.63,47.63,0
LB,20171123,48.8,48.8,48.8,48.8,0
LC,20171123,21.4,21.4,21.4,21.4,0
LCI,20171123,25.55,25.55,25.55,25.55,0
LCII,20171123,122.9,122.9,122.9,122.9,0
LDL,20171123,54.1,54.1,54.1,54.1,0
LDOS,20171123,61.1,61.1,61.1,61.1,0
LDP,20171123,26.16,26.16,26.16,26.16,0
LEA,20171123,176.2,176.2,176.2,176.2,0
LEE,20171123,2.4,2.4,2.4,2.4,0
LEG,20171123,46.65,46.65,46.65,46.65,0
LEJU,20171123,1.56,1.56,1.56,1.56,0
LEN,20171123,60.61,60.61,60.61,60.61,0
LEN.B,20171123,50.03,50.03,50.03,50.03,0
LEO,20171123,8.78,8.78,8.78,8.78,0
LFC,20171123,17.47,17.47,17.47,17.47,0
LGC.U,20171123,10,10,10,10,0
LGF.A,20171123,32.98,32.98,32.98,32.98,0
LGF.B,20171123,31.32,31.32,31.32,31.32,0
LGI,20171123,17.41,17.41,17.41,17.41,0
LH,20171123,151.91,151.91,151.91,151.91,0
LII,20171123,196.15,196.15,196.15,196.15,0
LITB,20171123,2.01,2.01,2.01,2.01,0
LL,20171123,28.16,28.16,28.16,28.16,0
LLY,20171123,83.68,83.68,83.68,83.68,0
LM,20171123,38.86,38.86,38.86,38.86,0
LMHA,20171123,26.94,26.94,26.94,26.94,0
LMHB,20171123,25.28,25.28,25.28,25.28,0
LMT,20171123,314.87,314.87,314.87,314.87,0
LN,20171123,43.87,43.87,43.87,43.87,0
LNC,20171123,73.59,73.59,73.59,73.59,0
LND,20171123,3.78,3.78,3.78,3.78,0
LNN,20171123,92.83,92.83,92.83,92.83,0
LOMA,20171123,23.52,23.52,23.52,23.52,0
LOW,20171123,79.56,79.56,79.56,79.56,0
LPG,20171123,7.69,7.69,7.69,7.69,0
LPI,20171123,10.16,10.16,10.16,10.16,0
LPL,20171123,14.47,14.47,14.47,14.47,0
LPT,20171123,45.16,45.16,45.16,45.16,0
LPX,20171123,27.11,27.11,27.11,27.11,0
LRN,20171123,16.01,16.01,16.01,16.01,0
LSI,20171123,89,89,89,89,0
LTC,20171123,46.47,46.47,46.47,46.47,0
LTM,20171123,13.74,13.74,13.74,13.74,0
LUB,20171123,2.65,2.65,2.65,2.65,0
LUV,20171123,55.09,55.09,55.09,55.09,0
LVS,20171123,67.7,67.7,67.7,67.7,0
LW,20171123,54.25,54.25,54.25,54.25,0
LXFR,20171123,14.23,14.23,14.23,14.23,0
LXP,20171123,10.56,10.56,10.56,10.56,0
LXP-C,20171123,52.555,52.555,52.555,52.555,0
LXU,20171123,8.73,8.73,8.73,8.73,0
LYB,20171123,103.42,103.42,103.42,103.42,0
LYG,20171123,3.53,3.53,3.53,3.53,0
LYV,20171123,44.42,44.42,44.42,44.42,0
LZB,20171123,27.95,27.95,27.95,27.95,0
M,20171123,20.63,20.63,20.63,20.63,0
MA,20171123,151.25,151.25,151.25,151.25,0
MAA,20171123,104.12,104.12,104.12,104.12,0
MAA-I,20171123,67,67,67,67,0
MAC,20171123,64.27,64.27,64.27,64.27,0
MAIN,20171123,40.39,40.39,40.39,40.39,0
MAN,20171123,127.55,127.55,127.55,127.55,0
MANU,20171123,21.15,21.15,21.15,21.15,0
MAS,20171123,39.94,39.94,39.94,39.94,0
MATX,20171123,27.99,27.99,27.99,27.99,0
MAV,20171123,11.45,11.45,11.45,11.45,0
MAXR,20171123,64.08,64.08,64.08,64.08,0
MBI,20171123,8.49,8.49,8.49,8.49,0
MBT,20171123,10.76,10.76,10.76,10.76,0
MC,20171123,46.9,46.9,46.9,46.9,0
MCA,20171123,14.8,14.8,14.8,14.8,0
MCB,20171123,41.94,41.94,41.94,41.94,0
MCC,20171123,5.79,5.79,5.79,5.79,0
MCD,20171123,169.05,169.05,169.05,169.05,0
MCI,20171123,15.39,15.39,15.39,15.39,0
MCK,20171123,145.8,145.8,145.8,145.8,0
MCN,20171123,7.59,7.59,7.59,7.59,0
MCO,20171123,149.4,149.4,149.4,149.4,0
MCR,20171123,8.47,8.47,8.47,8.47,0
MCS,20171123,28,28,28,28,0
MCV,20171123,25.15,25.15,25.15,25.15,0
MCX,20171123,25.8,25.8,25.8,25.8,0
MCY,20171123,54.84,54.84,54.84,54.84,0
MD,20171123,49.49,49.49,49.49,49.49,0
MDC,20171123,34.65,34.65,34.65,34.65,0
MDLQ,20171123,25.12,25.12,25.12,25.12,0
MDLX,20171123,24.21,24.21,24.21,24.21,0
MDLY,20171123,6.45,6.45,6.45,6.45,0
MDP,20171123,60.15,60.15,60.15,60.15,0
MDT,20171123,82.34,82.34,82.34,82.34,0
MDU,20171123,26.87,26.87,26.87,26.87,0
MED,20171123,68.48,68.48,68.48,68.48,0
MEI,20171123,46.85,46.85,46.85,46.85,0
MEN,20171123,12.21,12.21,12.21,12.21,0
MER-K,20171123,25.9,25.9,25.9,25.9,0
MET,20171123,51.71,51.71,51.71,51.71,0
MET-A,20171123,25.07,25.07,25.07,25.07,0
MFA,20171123,8.19,8.19,8.19,8.19,0
MFA-B,20171123,25.741,25.741,25.741,25.741,0
MFC,20171123,21.13,21.13,21.13,21.13,0
MFD,20171123,12.57,12.57,12.57,12.57,0
MFG,20171123,3.58,3.58,3.58,3.58,0
MFGP,20171123,35.88,35.88,35.88,35.88,0
MFL,20171123,15.11,15.11,15.11,15.11,0
MFM,20171123,6.87,6.87,6.87,6.87,0
MFO,20171123,25.9,25.9,25.9,25.9,0
MFT,20171123,13.96,13.96,13.96,13.96,0
MFV,20171123,6.48,6.48,6.48,6.48,0
MG,20171123,22.95,22.95,22.95,22.95,0
MGA,20171123,54.12,54.12,54.12,54.12,0
MGF,20171123,4.83,4.83,4.83,4.83,0
MGM,20171123,33.45,33.45,33.45,33.45,0
MGP,20171123,29.39,29.39,29.39,29.39,0
MGU,20171123,24.55,24.55,24.55,24.55,0
MH-A,20171123,25.31,25.31,25.31,25.31,0
MH-C,20171123,24.68,24.68,24.68,24.68,0
MH-D,20171123,24.42,24.42,24.42,24.42,0
MHD,20171123,16.76,16.76,16.76,16.76,0
MHF,20171123,7.41,7.41,7.41,7.41,0
MHI,20171123,11.88,11.88,11.88,11.88,0
MHK,20171123,274.01,274.01,274.01,274.01,0
MHLA,20171123,24.35,24.35,24.35,24.35,0
MHN,20171123,13.74,13.74,13.74,13.74,0
MHNC,20171123,24.59,24.59,24.59,24.59,0
MHO,20171123,35.69,35.69,35.69,35.69,0
MIC,20171123,65.24,65.24,65.24,65.24,0
MIE,20171123,9.17,9.17,9.17,9.17,0
MIN,20171123,4.18,4.18,4.18,4.18,0
MIT-A,20171123,25.77,25.77,25.77,25.77,0
MIT-B,20171123,25.55,25.55,25.55,25.55,0
MITT,20171123,19.42,19.42,19.42,19.42,0
MIXT,20171123,11.56,11.56,11.56,11.56,0
MIY,20171123,14.06,14.06,14.06,14.06,0
MKC,20171123,99.01,99.01,99.01,99.01,0
MKC.V,20171123,99.05,99.05,99.05,99.05,0
MKL,20171123,1080.12,1080.12,1080.12,1080.12,0
MLI,20171123,35.04,35.04,35.04,35.04,0
MLM,20171123,207.13,207.13,207.13,207.13,0
MLP,20171123,16.6,16.6,16.6,16.6,0
MLR,20171123,27.4,27.4,27.4,27.4,0
MMC,20171123,82.65,82.65,82.65,82.65,0
MMD,20171123,19.48,19.48,19.48,19.48,0
MMI,20171123,30.87,30.87,30.87,30.87,0
MMM,20171123,231.58,231.58,231.58,231.58,0
MMP,20171123,65.99,65.99,65.99,65.99,0
MMS,20171123,67.14,67.14,67.14,67.14,0
MMT,20171123,6.06,6.06,6.06,6.06,0
MMU,20171123,14.2,14.2,14.2,14.2,0
MN,20171123,3.75,3.75,3.75,3.75,0
MNE,20171123,13.47,13.47,13.47,13.47,0
MNK,20171123,21.37,21.37,21.37,21.37,0
MNP,20171123,15.24,15.24,15.24,15.24,0
MNR,20171123,17.65,17.65,17.65,17.65,0
MNR-C,20171123,25,25,25,25,0
MO,20171123,65.49,65.49,65.49,65.49,0
MOD,20171123,22.85,22.85,22.85,22.85,0
MODN,20171123,15.9,15.9,15.9,15.9,0
MOG.A,20171123,80.29,80.29,80.29,80.29,0
MOG.B,20171123,79.93,79.93,79.93,79.93,0
MOH,20171123,75.46,75.46,75.46,75.46,0
MOS,20171123,23.89,23.89,23.89,23.89,0
MOV,20171123,29.55,29.55,29.55,29.55,0
MPA,20171123,14.26,14.26,14.26,14.26,0
MPC,20171123,62.01,62.01,62.01,62.01,0
MPLX,20171123,34.86,34.86,34.86,34.86,0
MPV,20171123,14.49,14.49,14.49,14.49,0
MPW,20171123,13.83,13.83,13.83,13.83,0
MPX,20171123,14.69,14.69,14.69,14.69,0
MQT,20171123,13.05,13.05,13.05,13.05,0
MQY,20171123,15.58,15.58,15.58,15.58,0
MRC,20171123,15.22,15.22,15.22,15.22,0
MRK,20171123,54.37,54.37,54.37,54.37,0
MRO,20171123,14.88,14.88,14.88,14.88,0
MS,20171123,49.09,49.09,49.09,49.09,0
MS-A,20171123,22.93,22.93,22.93,22.93,0
MS-E,20171123,29.47,29.47,29.47,29.47,0
MS-F,20171123,29.29,29.29,29.29,29.29,0
MS-I,20171123,28.56,28.56,28.56,28.56,0
MS-K,20171123,27.25,27.25,27.25,27.25,0
MSA,20171123,79.79,79.79,79.79,79.79,0
MSB,20171123,23.35,23.35,23.35,23.35,0
MSCI,20171123,127.5,127.5,127.5,127.5,0
MSD,20171123,9.99,9.99,9.99,9.99,0
MSG,20171123,214.15,214.15,214.15,214.15,0
MSGN,20171123,17.5,17.5,17.5,17.5,0
MSI,20171123,91.83,91.83,91.83,91.83,0
MSM,20171123,81.49,81.49,81.49,81.49,0
MT,20171123,29.19,29.19,29.19,29.19,0
MTB,20171123,159.92,159.92,159.92,159.92,0
MTD,20171123,626.35,626.35,626.35,626.35,0
MTDR,20171123,28.07,28.07,28.07,28.07,0
MTG,20171123,14.47,14.47,14.47,14.47,0
MTH,20171123,51.3,51.3,51.3,51.3,0
MTL,20171123,4.87,4.87,4.87,4.87,0
MTL.P,20171123,0.88,0.88,0.88,0.88,0
MTN,20171123,230.01,230.01,230.01,230.01,0
MTOR,20171123,24.03,24.03,24.03,24.03,0
MTR,20171123,17.15,17.15,17.15,17.15,0
MTRN,20171123,49.45,49.45,49.45,49.45,0
MTT,20171123,21.9,21.9,21.9,21.9,0
MTW,20171123,39.05,39.05,39.05,39.05,0
MTX,20171123,71.9,71.9,71.9,71.9,0
MTZ,20171123,42.25,42.25,42.25,42.25,0
MUA,20171123,15.12,15.12,15.12,15.12,0
MUC,20171123,14.7,14.7,14.7,14.7,0
MUE,20171123,13.91,13.91,13.91,13.91,0
MUH,20171123,14.93,14.93,14.93,14.93,0
MUI,20171123,14,14,14,14,0
MUJ,20171123,14.38,14.38,14.38,14.38,0
MUR,20171123,28.2,28.2,28.2,28.2,0
MUS,20171123,13.28,13.28,13.28,13.28,0
MUSA,20171123,76.06,76.06,76.06,76.06,0
MUX,20171123,2.05,2.05,2.05,2.05,0
MVC,20171123,10.71,10.71,10.71,10.71,0
MVCD,20171123,25.4,25.4,25.4,25.4,0
MVO,20171123,5.84,5.84,5.84,5.84,0
MVT,20171123,15.5,15.5,15.5,15.5,0
MWA,20171123,12.26,12.26,12.26,12.26,0
MX,20171123,12.75,12.75,12.75,12.75,0
MXE,20171123,10.65,10.65,10.65,10.65,0
MXF,20171123,16.02,16.02,16.02,16.02,0
MXL,20171123,26.82,26.82,26.82,26.82,0
MYC,20171123,15.05,15.05,15.05,15.05,0
MYD,20171123,14.44,14.44,14.44,14.44,0
MYE,20171123,21.2,21.2,21.2,21.2,0
MYF,20171123,15.5,15.5,15.5,15.5,0
MYI,20171123,14.04,14.04,14.04,14.04,0
MYJ,20171123,15.83,15.83,15.83,15.83,0
MYN,20171123,12.99,12.99,12.99,12.99,0
MYOV,20171123,12.74,12.74,12.74,12.74,0
NAC,20171123,14.47,14.47,14.47,14.47,0
NAD,20171123,13.99,13.99,13.99,13.99,0
NAN,20171123,13.95,13.95,13.95,13.95,0
NAT,20171123,4.03,4.03,4.03,4.03,0
NAV,20171123,38.59,38.59,38.59,38.59,0
NAV-D,20171123,18,18,18,18,0
NAZ,20171123,14.64,14.64,14.64,14.64,0
NBB,20171123,21.68,21.68,21.68,21.68,0
NBHC,20171123,32.52,32.52,32.52,32.52,0
NBR,20171123,5.83,5.83,5.83,5.83,0
NC,20171123,46.7,46.7,46.7,46.7,0
NCA,20171123,10.55,10.55,10.55,10.55,0
NCB,20171123,17.82,17.82,17.82,17.82,0
NCR,20171123,30.5,30.5,30.5,30.5,0
NCV,20171123,7,7,7,7,0
NCZ,20171123,6.19,6.19,6.19,6.19,0
NDP,20171123,12.48,12.48,12.48,12.48,0
NE,20171123,4.13,4.13,4.13,4.13,0
NEA,20171123,13.66,13.66,13.66,13.66,0
NEE,20171123,155.18,155.18,155.18,155.18,0
NEE-I,20171123,25.11,25.11,25.11,25.11,0
NEE-J,20171123,25.39,25.39,25.39,25.39,0
NEE-K,20171123,25.93,25.93,25.93,25.93,0
NEM,20171123,36.71,36.71,36.71,36.71,0
NEP,20171123,38.62,38.62,38.62,38.62,0
NEU,20171123,391.8,391.8,391.8,391.8,0
NEV,20171123,14.33,14.33,14.33,14.33,0
NEWR,20171123,57.47,57.47,57.47,57.47,0
NEXA,20171123,16.28,16.28,16.28,16.28,0
NFG,20171123,57.56,57.56,57.56,57.56,0
NFJ,20171123,13.39,13.39,13.39,13.39,0
NGG,20171123,58.68,58.68,58.68,58.68,0
NGL,20171123,12.35,12.35,12.35,12.35,0
NGL-A,20171123,26.9,26.9,26.9,26.9,0
NGL-B,20171123,24.32,24.32,24.32,24.32,0
NGS,20171123,25.65,25.65,25.65,25.65,0
NGVC,20171123,7.05,7.05,7.05,7.05,0
NGVT,20171123,75.16,75.16,75.16,75.16,0
NHA,20171123,9.43,9.43,9.43,9.43,0
NHF,20171123,23.87,23.87,23.87,23.87,0
NHI,20171123,78.11,78.11,78.11,78.11,0
NI,20171123,27.04,27.04,27.04,27.04,0
NID,20171123,13.16,13.16,13.16,13.16,0
NIE,20171123,21.11,21.11,21.11,21.11,0
NIM,20171123,10.24,10.24,10.24,10.24,0
NIQ,20171123,12.99,12.99,12.99,12.99,0
NJR,20171123,43.6,43.6,43.6,43.6,0
NJV,20171123,14.33,14.33,14.33,14.33,0
NKE,20171123,59.07,59.07,59.07,59.07,0
NKG,20171123,13.12,13.12,13.12,13.12,0
NKX,20171123,15.4,15.4,15.4,15.4,0
NL,20171123,13.85,13.85,13.85,13.85,0
NLS,20171123,13.25,13.25,13.25,13.25,0
NLSN,20171123,36.59,36.59,36.59,36.59,0
NLY,20171123,11.88,11.88,11.88,11.88,0
NLY-D,20171123,25.66,25.66,25.66,25.66,0
NLY-F,20171123,26.45,26.45,26.45,26.45,0
NM,20171123,13.2,13.2,13.2,13.2,0
NM-G,20171123,16.23,16.23,16.23,16.23,0
NM-H,20171123,16.01,16.01,16.01,16.01,0
NMFC,20171123,14.3,14.3,14.3,14.3,0
NMI,20171123,11.52,11.52,11.52,11.52,0
NMK-B,20171123,97.51,97.51,97.51,97.51,0
NMK-C,20171123,107,107,107,107,0
NMM,20171123,28.5,28.5,28.5,28.5,0
NMR,20171123,5.71,5.71,5.71,5.71,0
NMS,20171123,14.8,14.8,14.8,14.8,0
NMT,20171123,14.22,14.22,14.22,14.22,0
NMY,20171123,12.66,12.66,12.66,12.66,0
NMZ,20171123,13.66,13.66,13.66,13.66,0
NNA,20171123,19.5,19.5,19.5,19.5,0
NNI,20171123,52.7,52.7,52.7,52.7,0
NNN,20171123,42.55,42.55,42.55,42.55,0
NNN-F,20171123,25.4,25.4,25.4,25.4,0
NNY,20171123,9.75,9.75,9.75,9.75,0
NOA,20171123,4.5,4.5,4.5,4.5,0
NOAH,20171123,47.04,47.04,47.04,47.04,0
NOC,20171123,302.02,302.02,302.02,302.02,0
NOK,20171123,5.05,5.05,5.05,5.05,0
NOM,20171123,15.2,15.2,15.2,15.2,0
NOMD,20171123,15.39,15.39,15.39,15.39,0
NOV,20171123,31.94,31.94,31.94,31.94,0
NOW,20171123,127.45,127.45,127.45,127.45,0
NP,20171123,88.1,88.1,88.1,88.1,0
NPK,20171123,117.75,117.75,117.75,117.75,0
NPN,20171123,15.43,15.43,15.43,15.43,0
NPO,20171123,83.96,83.96,83.96,83.96,0
NPTN,20171123,7.27,7.27,7.27,7.27,0
NPV,20171123,12.99,12.99,12.99,12.99,0
NQP,20171123,13.39,13.39,13.39,13.39,0
NR,20171123,8.95,8.95,8.95,8.95,0
NRG,20171123,29.22,29.22,29.22,29.22,0
NRK,20171123,12.97,12.97,12.97,12.97,0
NRP,20171123,25.45,25.45,25.45,25.45,0
NRT,20171123,6.72,6.72,6.72,6.72,0
NRZ,20171123,17.94,17.94,17.94,17.94,0
NS,20171123,27.84,27.84,27.84,27.84,0
NS-A,20171123,25.22,25.22,25.22,25.22,0
NS-B,20171123,23.56,23.56,23.56,23.56,0
NSA,20171123,26.41,26.41,26.41,26.41,0
NSA-A,20171123,25.48,25.48,25.48,25.48,0
NSC,20171123,129.23,129.23,129.23,129.23,0
NSL,20171123,6.42,6.42,6.42,6.42,0
NSP,20171123,56.825,56.825,56.825,56.825,0
NSS,20171123,25.21,25.21,25.21,25.21,0
NTB,20171123,38.15,38.15,38.15,38.15,0
NTG,20171123,15.96,15.96,15.96,15.96,0
NTP,20171123,11.85,11.85,11.85,11.85,0
NTX,20171123,14.78,14.78,14.78,14.78,0
NTZ,20171123,9.4,9.4,9.4,9.4,0
NUE,20171123,56.15,56.15,56.15,56.15,0
NUM,20171123,13.32,13.32,13.32,13.32,0
NUO,20171123,14.73,14.73,14.73,14.73,0
NUS,20171123,66.02,66.02,66.02,66.02,0
NUV,20171123,10.1,10.1,10.1,10.1,0
NUW,20171123,17.16,17.16,17.16,17.16,0
NVG,20171123,15.43,15.43,15.43,15.43,0
NVGS,20171123,10.2,10.2,10.2,10.2,0
NVO,20171123,51.84,51.84,51.84,51.84,0
NVR,20171123,3417.22,3417.22,3417.22,3417.22,0
NVRO,20171123,78.06,78.06,78.06,78.06,0
NVS,20171123,74.3111,74.3111,74.3111,74.3111,0
NVTA,20171123,8.65,8.65,8.65,8.65,0
NWE,20171123,62,62,62,62,0
NWHM,20171123,11.9,11.9,11.9,11.9,0
NWN,20171123,66.75,66.75,66.75,66.75,0
NX,20171123,21.1,21.1,21.1,21.1,0
NXC,20171123,15.15,15.15,15.15,15.15,0
NXJ,20171123,13.59,13.59,13.59,13.59,0
NXN,20171123,13.51,13.51,13.51,13.51,0
NXP,20171123,14.84,14.84,14.84,14.84,0
NXQ,20171123,14.3,14.3,14.3,14.3,0
NXR,20171123,15.15,15.15,15.15,15.15,0
NXRT,20171123,28.75,28.75,28.75,28.75,0
NYC-A,20171123,28.9,28.9,28.9,28.9,0
NYC-U,20171123,50.44,50.44,50.44,50.44,0
NYCB,20171123,12.84,12.84,12.84,12.84,0
NYT,20171123,18.2,18.2,18.2,18.2,0
NYV,20171123,14.21,14.21,14.21,14.21,0
NZF,20171123,15.23,15.23,15.23,15.23,0
O,20171123,56.29,56.29,56.29,56.29,0
OAK-A,20171123,25.15,25.15,25.15,25.15,0
OBE,20171123,9.66,9.66,9.66,9.66,0
OC,20171123,87.29,87.29,87.29,87.29,0
OCN,20171123,3.16,3.16,3.16,3.16,0
ODC,20171123,44.49,44.49,44.49,44.49,0
OEC,20171123,23.95,23.95,23.95,23.95,0
OFC,20171123,30.9,30.9,30.9,30.9,0
OFG,20171123,9.35,9.35,9.35,9.35,0
OFG-A,20171123,24.68,24.68,24.68,24.68,0
OFG-B,20171123,23.15,23.15,23.15,23.15,0
OFG-D,20171123,23.47,23.47,23.47,23.47,0
OGE,20171123,34.91,34.91,34.91,34.91,0
OGS,20171123,76.74,76.74,76.74,76.74,0
OHI,20171123,27.21,27.21,27.21,27.21,0
OI,20171123,23.33,23.33,23.33,23.33,0
OIA,20171123,7.92,7.92,7.92,7.92,0
OIB.C,20171123,7.165,7.165,7.165,7.165,0
OII,20171123,18.81,18.81,18.81,18.81,0
OIS,20171123,22.65,22.65,22.65,22.65,0
OKE,20171123,50.58,50.58,50.58,50.58,0
OLN,20171123,36.92,36.92,36.92,36.92,0
OLP,20171123,26.65,26.65,26.65,26.65,0
OMC,20171123,68.87,68.87,68.87,68.87,0
OMF,20171123,24.87,24.87,24.87,24.87,0
OMI,20171123,19,19,19,19,0
OMN,20171123,10.9,10.9,10.9,10.9,0
ONDK,20171123,4.98,4.98,4.98,4.98,0
OOMA,20171123,9.85,9.85,9.85,9.85,0
OPP,20171123,18.22,18.22,18.22,18.22,0
OPY,20171123,26.55,26.55,26.55,26.55,0
OR,20171123,12.17,12.17,12.17,12.17,0
ORA,20171123,63.39,63.39,63.39,63.39,0
ORAN,20171123,16.74,16.74,16.74,16.74,0
ORC,20171123,9.91,9.91,9.91,9.91,0
ORCL,20171123,48.58,48.58,48.58,48.58,0
ORI,20171123,20.83,20.83,20.83,20.83,0
ORN,20171123,7.77,7.77,7.77,7.77,0
OSB,20171123,35.07,35.07,35.07,35.07,0
OSG,20171123,2.84,2.84,2.84,2.84,0
OSK,20171123,85.9,85.9,85.9,85.9,0
OSLE,20171123,25.17,25.17,25.17,25.17,0
OUT,20171123,24.14,24.14,24.14,24.14,0
OXM,20171123,65.49,65.49,65.49,65.49,0
OXY,20171123,68.23,68.23,68.23,68.23,0
PAA,20171123,19.57,19.57,19.57,19.57,0
PAC,20171123,96.15,96.15,96.15,96.15,0
PAG,20171123,46.24,46.24,46.24,46.24,0
PAGP,20171123,20.61,20.61,20.61,20.61,0
PAI,20171123,15.718,15.718,15.718,15.718,0
PAM,20171123,67.4,67.4,67.4,67.4,0
PANW,20171123,151.39,151.39,151.39,151.39,0
PAR,20171123,7.88,7.88,7.88,7.88,0
PAYC,20171123,84.78,84.78,84.78,84.78,0
PB,20171123,65.65,65.65,65.65,65.65,0
PBA,20171123,34.86,34.86,34.86,34.86,0
PBB,20171123,25.71,25.71,25.71,25.71,0
PBF,20171123,33.61,33.61,33.61,33.61,0
PBFX,20171123,19.9,19.9,19.9,19.9,0
PBH,20171123,42.94,42.94,42.94,42.94,0
PBI,20171123,9.83,9.83,9.83,9.83,0
PBI-B,20171123,23.47,23.47,23.47,23.47,0
PBR,20171123,10.26,10.26,10.26,10.26,0
PBR.A,20171123,9.97,9.97,9.97,9.97,0
PBT,20171123,9.2,9.2,9.2,9.2,0
PCF,20171123,9.1,9.1,9.1,9.1,0
PCG,20171123,53.89,53.89,53.89,53.89,0
PCI,20171123,22.38,22.38,22.38,22.38,0
PCK,20171123,10.11,10.11,10.11,10.11,0
PCM,20171123,11.38,11.38,11.38,11.38,0
PCN,20171123,16.79,16.79,16.79,16.79,0
PCQ,20171123,17.18,17.18,17.18,17.18,0
PDI,20171123,30.22,30.22,30.22,30.22,0
PDM,20171123,19.97,19.97,19.97,19.97,0
PDS,20171123,2.63,2.63,2.63,2.63,0
PDT,20171123,16.85,16.85,16.85,16.85,0
PE,20171123,26.54,26.54,26.54,26.54,0
PEB,20171123,37.54,37.54,37.54,37.54,0
PEB-C,20171123,25.58,25.58,25.58,25.58,0
PEB-D,20171123,25.55,25.55,25.55,25.55,0
PEG,20171123,51.43,51.43,51.43,51.43,0
PEI,20171123,11.52,11.52,11.52,11.52,0
PEI-B,20171123,25.39,25.39,25.39,25.39,0
PEI-C,20171123,26.1,26.1,26.1,26.1,0
PEI-D,20171123,25.5,25.5,25.5,25.5,0
PEN,20171123,105.2,105.2,105.2,105.2,0
PEO,20171123,18.65,18.65,18.65,18.65,0
PER,20171123,2.7,2.7,2.7,2.7,0
PFD,20171123,15.37,15.37,15.37,15.37,0
PFE,20171123,35.43,35.43,35.43,35.43,0
PFGC,20171123,28.25,28.25,28.25,28.25,0
PFH,20171123,12.91,12.91,12.91,12.91,0
PFL,20171123,11.63,11.63,11.63,11.63,0
PFN,20171123,10.35,10.35,10.35,10.35,0
PFO,20171123,12.06,12.06,12.06,12.06,0
PFS,20171123,26.9,26.9,26.9,26.9,0
PFSI,20171123,19.85,19.85,19.85,19.85,0
PG,20171123,88.33,88.33,88.33,88.33,0
PGP,20171123,16.1,16.1,16.1,16.1,0
PGR,20171123,51.68,51.68,51.68,51.68,0
PGRE,20171123,16.39,16.39,16.39,16.39,0
PGTI,20171123,15.9,15.9,15.9,15.9,0
PGZ,20171123,17.17,17.17,17.17,17.17,0
PH,20171123,184.61,184.61,184.61,184.61,0
PHD,20171123,11.44,11.44,11.44,11.44,0
PHG,20171123,39.18,39.18,39.18,39.18,0
PHI,20171123,32.56,32.56,32.56,32.56,0
PHK,20171123,7.51,7.51,7.51,7.51,0
PHM,20171123,32.84,32.84,32.84,32.84,0
PHT,20171123,9.71,9.71,9.71,9.71,0
PHX,20171123,20.45,20.45,20.45,20.45,0
PII,20171123,123.58,123.58,123.58,123.58,0
PIM,20171123,4.75,4.75,4.75,4.75,0
PIR,20171123,91.4,91.4,91.4,91.4,0
PIY,20171123,16.64,16.64,16.64,16.64,0
PJH,20171123,25.68,25.68,25.68,25.68,0
PJT,20171123,41.56,41.56,41.56,41.56,0
PK,20171123,29.08,29.08,29.08,29.08,0
PKD,20171123,16.5,16.5,16.5,16.5,0
PKE,20171123,19.58,19.58,19.58,19.58,0
PKG,20171123,112.07,112.07,112.07,112.07,0
PKI,20171123,73.04,73.04,73.04,73.04,0
PKO,20171123,26.02,26.02,26.02,26.02,0
PKX,20171123,72.04,72.04,72.04,72.04,0
PLD,20171123,66.89,66.89,66.89,66.89,0
PLNT,20171123,31.19,31.19,31.19,31.19,0
PLOW,20171123,41.05,41.05,41.05,41.05,0
PLT,20171123,51.83,51.83,51.83,51.83,0
PM,20171123,103.54,103.54,103.54,103.54,0
PMF,20171123,13.02,13.02,13.02,13.02,0
PML,20171123,13.28,13.28,13.28,13.28,0
PMM,20171123,7.56,7.56,7.56,7.56,0
PMO,20171123,12.65,12.65,12.65,12.65,0
PMT,20171123,15.92,15.92,15.92,15.92,0
PMT-A,20171123,25.68,25.68,25.68,25.68,0
PMT-B,20171123,25.45,25.45,25.45,25.45,0
PMX,20171123,11.71,11.71,11.71,11.71,0
PNC,20171123,133.04,133.04,133.04,133.04,0
PNC-P,20171123,29.1,29.1,29.1,29.1,0
PNC-Q,20171123,25.23,25.23,25.23,25.23,0
PNF,20171123,12.6,12.6,12.6,12.6,0
PNI,20171123,11.76,11.76,11.76,11.76,0
PNM,20171123,44.45,44.45,44.45,44.45,0
PNR,20171123,46.671,46.671,46.671,46.671,0
PNW,20171123,89.28,89.28,89.28,89.28,0
POL,20171123,45.14,45.14,45.14,45.14,0
POR,20171123,48.47,48.47,48.47,48.47,0
POST,20171123,79.66,79.66,79.66,79.66,0
PPG,20171123,115.27,115.27,115.27,115.27,0
PPL,20171123,36.06,36.06,36.06,36.06,0
PPR,20171123,5.06,5.06,5.06,5.06,0
PPT,20171123,5.23,5.23,5.23,5.23,0
PPX,20171123,25.57,25.57,25.57,25.57,0
PQG,20171123,15.32,15.32,15.32,15.32,0
PRA,20171123,59.45,59.45,59.45,59.45,0
PRE-F,20171123,25.44,25.44,25.44,25.44,0
PRE-G,20171123,27.1,27.1,27.1,27.1,0
PRE-H,20171123,29.22,29.22,29.22,29.22,0
PRE-I,20171123,26.57,26.57,26.57,26.57,0
PRGO,20171123,86.7,86.7,86.7,86.7,0
PRH,20171123,25.79,25.79,25.79,25.79,0
PRI,20171123,98.85,98.85,98.85,98.85,0
PRLB,20171123,92.3,92.3,92.3,92.3,0
PRO,20171123,25.82,25.82,25.82,25.82,0
PRTY,20171123,12.55,12.55,12.55,12.55,0
PRU,20171123,109.7,109.7,109.7,109.7,0
PSA,20171123,211.29,211.29,211.29,211.29,0
PSA-B,20171123,26.07,26.07,26.07,26.07,0
PSA-C,20171123,25.62,25.62,25.62,25.62,0
PSA-D,20171123,25.16,25.16,25.16,25.16,0
PSA-E,20171123,25,25,25,25,0
PSA-F,20171123,25.35,25.35,25.35,25.35,0
PSA-G,20171123,25.26,25.26,25.26,25.26,0
PSA-V,20171123,25.33,25.33,25.33,25.33,0
PSA-W,20171123,25.34,25.34,25.34,25.34,0
PSA-X,20171123,25.24,25.24,25.24,25.24,0
PSB,20171123,133.99,133.99,133.99,133.99,0
PSB-W,20171123,25.55,25.55,25.55,25.55,0
PSB-X,20171123,25.4,25.4,25.4,25.4,0
PSF,20171123,27.86,27.86,27.86,27.86,0
PSO,20171123,9.33,9.33,9.33,9.33,0
PSTG,20171123,18.34,18.34,18.34,18.34,0
PSX,20171123,93.29,93.29,93.29,93.29,0
PSXP,20171123,46.56,46.56,46.56,46.56,0
PTR,20171123,68.47,68.47,68.47,68.47,0
PTY,20171123,16.45,16.45,16.45,16.45,0
PUK,20171123,50.01,50.01,50.01,50.01,0
PUK-A,20171123,26.61,26.61,26.61,26.61,0
PUK.P,20171123,26.59,26.59,26.59,26.59,0
PUMP,20171123,17.65,17.65,17.65,17.65,0
PVG,20171123,11.26,11.26,11.26,11.26,0
PVH,20171123,135.27,135.27,135.27,135.27,0
PWR,20171123,36.47,36.47,36.47,36.47,0
PXD,20171123,154.08,154.08,154.08,154.08,0
PYN,20171123,9.7,9.7,9.7,9.7,0
PYS,20171123,21.9,21.9,21.9,21.9,0
PYT,20171123,20.76,20.76,20.76,20.76,0
PZC,20171123,10.26,10.26,10.26,10.26,0
PZN,20171123,11.45,11.45,11.45,11.45,0
QD,20171123,16.15,16.15,16.15,16.15,0
QEP,20171123,9.38,9.38,9.38,9.38,0
QHC,20171123,4.64,4.64,4.64,4.64,0
QSR,20171123,65.86,65.86,65.86,65.86,0
QTS,20171123,58.26,58.26,58.26,58.26,0
QTWO,20171123,42.4,42.4,42.4,42.4,0
QUAD,20171123,21.75,21.75,21.75,21.75,0
QUOT,20171123,12.15,12.15,12.15,12.15,0
R,20171123,77.53,77.53,77.53,77.53,0
RA,20171123,23.52,23.52,23.52,23.52,0
RACE,20171123,111.82,111.82,111.82,111.82,0
RAD,20171123,33.8,33.8,33.8,33.8,0
RBA,20171123,25.57,25.57,25.57,25.57,0
RBC,20171123,76.1,76.1,76.1,76.1,0
RBS,20171123,7.3,7.3,7.3,7.3,0
RCI,20171123,53.93,53.93,53.93,53.93,0
RCL,20171123,125.45,125.45,125.45,125.45,0
RCS,20171123,8.8,8.8,8.8,8.8,0
RDN,20171123,20.78,20.78,20.78,20.78,0
RDS.A,20171123,62.15,62.15,62.15,62.15,0
RDS.B,20171123,64.25,64.25,64.25,64.25,0
RDY,20171123,35.87,35.87,35.87,35.87,0
RE,20171123,219.24,219.24,219.24,219.24,0
RELX,20171123,23.74,23.74,23.74,23.74,0
RENN,20171123,9.98,9.98,9.98,9.98,0
RES,20171123,23.09,23.09,23.09,23.09,0
RESI,20171123,11.15,11.15,11.15,11.15,0
REV,20171123,20.9,20.9,20.9,20.9,0
REVG,20171123,26.62,26.62,26.62,26.62,0
REX,20171123,89.23,89.23,89.23,89.23,0
REX-A,20171123,25.21,25.21,25.21,25.21,0
REX-B,20171123,24.98,24.98,24.98,24.98,0
REXR,20171123,30.99,30.99,30.99,30.99,0
RF,20171123,15.56,15.56,15.56,15.56,0
RF-A,20171123,25.73,25.73,25.73,25.73,0
RF-B,20171123,29.37,29.37,29.37,29.37,0
RFI,20171123,12.67,12.67,12.67,12.67,0
RFP,20171123,9.25,9.25,9.25,9.25,0
RGA,20171123,152.34,152.34,152.34,152.34,0
RGR,20171123,50.35,50.35,50.35,50.35,0
RGS,20171123,16.12,16.12,16.12,16.12,0
RGT,20171123,10.555,10.555,10.555,10.555,0
RH,20171123,99.37,99.37,99.37,99.37,0
RHI,20171123,54.59,54.59,54.59,54.59,0
RHP,20171123,68.79,68.79,68.79,68.79,0
RIG,20171123,10.24,10.24,10.24,10.24,0
RIO,20171123,49.01,49.01,49.01,49.01,0
RIV,20171123,19.64,19.64,19.64,19.64,0
RJF,20171123,84.97,84.97,84.97,84.97,0
RL,20171123,91.94,91.94,91.94,91.94,0
RLGY,20171123,26.39,26.39,26.39,26.39,0
RLH,20171123,8.6,8.6,8.6,8.6,0
RLI,20171123,59.62,59.62,59.62,59.62,0
RLJ,20171123,21.26,21.26,21.26,21.26,0
RLJ-A,20171123,27.53,27.53,27.53,27.53,0
RM,20171123,23.57,23.57,23.57,23.57,0
RMAX,20171123,52.65,52.65,52.65,52.65,0
RMD,20171123,85.27,85.27,85.27,85.27,0
RMP.P,20171123,25.5,25.5,25.5,25.5,0
RMT,20171123,9.28,9.28,9.28,9.28,0
RNG,20171123,48.3,48.3,48.3,48.3,0
RNGR,20171123,9.16,9.16,9.16,9.16,0
RNP,20171123,20.79,20.79,20.79,20.79,0
RNR,20171123,133.11,133.11,133.11,133.11,0
RNR-C,20171123,25.7,25.7,25.7,25.7,0
RNR-E,20171123,25.63,25.63,25.63,25.63,0
ROG,20171123,163.04,163.04,163.04,163.04,0
ROK,20171123,191.02,191.02,191.02,191.02,0
ROL,20171123,30.2133,30.2133,30.2133,30.2133,0
ROP,20171123,260.58,260.58,260.58,260.58,0
ROYT,20171123,1.62,1.62,1.62,1.62,0
RPAI,20171123,13.14,13.14,13.14,13.14,0
RPM,20171123,52.23,52.23,52.23,52.23,0
RPT,20171123,14.4,14.4,14.4,14.4,0
RPT-D,20171123,57.515,57.515,57.515,57.515,0
RQI,20171123,12.6,12.6,12.6,12.6,0
RRC,20171123,17.69,17.69,17.69,17.69,0
RRD,20171123,8.37,8.37,8.37,8.37,0
RRTS,20171123,206.75,206.75,206.75,206.75,0
RS,20171123,76.27,76.27,76.27,76.27,0
RSG,20171123,62.35,62.35,62.35,62.35,0
RST,20171123,11.64,11.64,11.64,11.64,0
RTN,20171123,185.46,185.46,185.46,185.46,0
RUBI,20171123,1.8,1.8,1.8,1.8,0
RVT,20171123,15.99,15.99,15.99,15.99,0
RWT,20171123,15.1,15.1,15.1,15.1,0
RXN,20171123,24.11,24.11,24.11,24.11,0
RY,20171123,79.79,79.79,79.79,79.79,0
RY-T,20171123,29.1,29.1,29.1,29.1,0
RYAM,20171123,18.13,18.13,18.13,18.13,0
RYB,20171123,26.71,26.71,26.71,26.71,0
RYI,20171123,9.1,9.1,9.1,9.1,0
RYN,20171123,31.58,31.58,31.58,31.58,0
RZA,20171123,28.63,28.63,28.63,28.63,0
RZB,20171123,28.67,28.67,28.67,28.67,0
S,20171123,6.15,6.15,6.15,6.15,0
SA,20171123,11.2,11.2,11.2,11.2,0
SAB,20171123,26.11,26.11,26.11,26.11,0
SAFE,20171123,18.47,18.47,18.47,18.47,0
SAH,20171123,19.95,19.95,19.95,19.95,0
SAIC,20171123,70.94,70.94,70.94,70.94,0
SAIL,20171123,15.1,15.1,15.1,15.1,0
SALT,20171123,7.65,7.65,7.65,7.65,0
SAM,20171123,177.15,177.15,177.15,177.15,0
SAN,20171123,6.46,6.46,6.46,6.46,0
SAN-B,20171123,24.05,24.05,24.05,24.05,0
SAP,20171123,113.85,113.85,113.85,113.85,0
SAR,20171123,22.44,22.44,22.44,22.44,0
SB,20171123,3.19,3.19,3.19,3.19,0
SB-C,20171123,22.53,22.53,22.53,22.53,0
SB-D,20171123,22.61,22.61,22.61,22.61,0
SBGL,20171123,5.41,5.41,5.41,5.41,0
SBH,20171123,15.96,15.96,15.96,15.96,0
SBI,20171123,9.44,9.44,9.44,9.44,0
SBNA,20171123,24.2,24.2,24.2,24.2,0
SBOW,20171123,22.3,22.3,22.3,22.3,0
SBR,20171123,43.05,43.05,43.05,43.05,0
SBS,20171123,10.53,10.53,10.53,10.53,0
SC,20171123,16.95,16.95,16.95,16.95,0
SCA,20171123,25.44,25.44,25.44,25.44,0
SCCO,20171123,43.81,43.81,43.81,43.81,0
SCD,20171123,13.78,13.78,13.78,13.78,0
SCE-G,20171123,25.75,25.75,25.75,25.75,0
SCE-H,20171123,28.42,28.42,28.42,28.42,0
SCE-J,20171123,27.63,27.63,27.63,27.63,0
SCE-K,20171123,28.6,28.6,28.6,28.6,0
SCE-L,20171123,25.35,25.35,25.35,25.35,0
SCH-C,20171123,27.33,27.33,27.33,27.33,0
SCH-D,20171123,27.48,27.48,27.48,27.48,0
SCHW,20171123,45.8,45.8,45.8,45.8,0
SCI,20171123,35.88,35.88,35.88,35.88,0
SCL,20171123,83.36,83.36,83.36,83.36,0
SCM,20171123,13.02,13.02,13.02,13.02,0
SCS,20171123,14.45,14.45,14.45,14.45,0
SCX,20171123,8.15,8.15,8.15,8.15,0
SD,20171123,17.5,17.5,17.5,17.5,0
SDRL,20171123,87.0253,87.0253,87.0253,87.0253,0
SE,20171123,13.85,13.85,13.85,13.85,0
SEAS,20171123,10.61,10.61,10.61,10.61,0
SEE,20171123,45.31,45.31,45.31,45.31,0
SEM,20171123,17.4,17.4,17.4,17.4,0
SERV,20171123,47.16,47.16,47.16,47.16,0
SF,20171123,52.99,52.99,52.99,52.99,0
SF-A,20171123,27.35,27.35,27.35,27.35,0
SFB,20171123,25.155,25.155,25.155,25.155,0
SFE,20171123,12.75,12.75,12.75,12.75,0
SFL,20171123,15.2,15.2,15.2,15.2,0
SFUN,20171123,23.8,23.8,23.8,23.8,0
SGU,20171123,10.52,10.52,10.52,10.52,0
SHAK,20171123,37.28,37.28,37.28,37.28,0
SHG,20171123,44.26,44.26,44.26,44.26,0
SHI,20171123,60.4,60.4,60.4,60.4,0
SHLX,20171123,25.84,25.84,25.84,25.84,0
SHO,20171123,16.48,16.48,16.48,16.48,0
SHO-E,20171123,26.41,26.41,26.41,26.41,0
SHO-F,20171123,25.35,25.35,25.35,25.35,0
SHOP,20171123,110.41,110.41,110.41,110.41,0
SHW,20171123,390.56,390.56,390.56,390.56,0
SID,20171123,2.39,2.39,2.39,2.39,0
SIG,20171123,53.01,53.01,53.01,53.01,0
SITE,20171123,71.63,71.63,71.63,71.63,0
SIX,20171123,64.59,64.59,64.59,64.59,0
SJI,20171123,32.78,32.78,32.78,32.78,0
SJM,20171123,112.7,112.7,112.7,112.7,0
SJR,20171123,22.22,22.22,22.22,22.22,0
SJT,20171123,8.04,8.04,8.04,8.04,0
SJW,20171123,66.25,66.25,66.25,66.25,0
SKM,20171123,26.72,26.72,26.72,26.72,0
SKT,20171123,24.4,24.4,24.4,24.4,0
SKX,20171123,33.67,33.67,33.67,33.67,0
SLB,20171123,62.14,62.14,62.14,62.14,0
SLCA,20171123,34.17,34.17,34.17,34.17,0
SLF,20171123,39.63,39.63,39.63,39.63,0
SLG,20171123,100.75,100.75,100.75,100.75,0
SLG-I,20171123,25.4,25.4,25.4,25.4,0
SM,20171123,21.05,21.05,21.05,21.05,0
SMFG,20171123,7.98,7.98,7.98,7.98,0
SMG,20171123,97.06,97.06,97.06,97.06,0
SMHI,20171123,12.5,12.5,12.5,12.5,0
SMLP,20171123,19.15,19.15,19.15,19.15,0
SMM,20171123,9.93,9.93,9.93,9.93,0
SMP,20171123,43.56,43.56,43.56,43.56,0
SNA,20171123,161.37,161.37,161.37,161.37,0
SNAP,20171123,12.62,12.62,12.62,12.62,0
SNDR,20171123,24.87,24.87,24.87,24.87,0
SNE,20171123,47.22,47.22,47.22,47.22,0
SNN,20171123,35.79,35.79,35.79,35.79,0
SNP,20171123,71.98,71.98,71.98,71.98,0
SNR,20171123,8.07,8.07,8.07,8.07,0
SNV,20171123,46.75,46.75,46.75,46.75,0
SNX,20171123,131.39,131.39,131.39,131.39,0
SO,20171123,51.36,51.36,51.36,51.36,0
SOGO,20171123,13.55,13.55,13.55,13.55,0
SOI,20171123,16.76,16.76,16.76,16.76,0
SOJA,20171123,27.03,27.03,27.03,27.03,0
SOJB,20171123,25.8,25.8,25.8,25.8,0
SOL,20171123,3.2,3.2,3.2,3.2,0
SON,20171123,51.19,51.19,51.19,51.19,0
SOR,20171123,40.03,40.03,40.03,40.03,0
SPB,20171123,114.28,114.28,114.28,114.28,0
SPE,20171123,15.84,15.84,15.84,15.84,0
SPE-B,20171123,25.85,25.85,25.85,25.85,0
SPG,20171123,158.33,158.33,158.33,158.33,0
SPG-J,20171123,73.51,73.51,73.51,73.51,0
SPGI,20171123,163.22,163.22,163.22,163.22,0
SPH,20171123,24.12,24.12,24.12,24.12,0
SPL-A,20171123,21.48,21.48,21.48,21.48,0
SPLP,20171123,19,19,19,19,0
SPN,20171123,9.18,9.18,9.18,9.18,0
SPR,20171123,82.87,82.87,82.87,82.87,0
SPXC,20171123,30.82,30.82,30.82,30.82,0
SPXX,20171123,16.3,16.3,16.3,16.3,0
SQ,20171123,48.81,48.81,48.81,48.81,0
SQM,20171123,56.52,56.52,56.52,56.52,0
SQNS,20171123,1.92,1.92,1.92,1.92,0
SR,20171123,78.15,78.15,78.15,78.15,0
SRC,20171123,42.8,42.8,42.8,42.8,0
SRC-A,20171123,24.58,24.58,24.58,24.58,0
SRE,20171123,118.66,118.66,118.66,118.66,0
SRF,20171123,8.5,8.5,8.5,8.5,0
SRG,20171123,40.77,40.77,40.77,40.77,0
SRI,20171123,22.34,22.34,22.34,22.34,0
SRLP,20171123,24.85,24.85,24.85,24.85,0
SRT,20171123,10.21,10.21,10.21,10.21,0
SRV,20171123,10.41,10.41,10.41,10.41,0
SSD,20171123,57.94,57.94,57.94,57.94,0
SSI,20171123,2.01,2.01,2.01,2.01,0
SSL,20171123,31.22,31.22,31.22,31.22,0
SSTK,20171123,41.55,41.55,41.55,41.55,0
SSW,20171123,5.98,5.98,5.98,5.98,0
SSW-D,20171123,24.24,24.24,24.24,24.24,0
SSW-E,20171123,24.5,24.5,24.5,24.5,0
SSW-G,20171123,24.22,24.22,24.22,24.22,0
SSW-H,20171123,23.95,23.95,23.95,23.95,0
SSWA,20171123,24.29,24.29,24.29,24.29,0
ST,20171123,48.93,48.93,48.93,48.93,0
STA-C,20171123,26.59,26.59,26.59,26.59,0
STA-D,20171123,25.85,25.85,25.85,25.85,0
STA-G,20171123,25.5,25.5,25.5,25.5,0
STA-I,20171123,25.35,25.35,25.35,25.35,0
STAG,20171123,28.54,28.54,28.54,28.54,0
STAR,20171123,11.31,11.31,11.31,11.31,0
STC,20171123,39.14,39.14,39.14,39.14,0
STE,20171123,87.9,87.9,87.9,87.9,0
STK,20171123,23.76,23.76,23.76,23.76,0
STL,20171123,24.4,24.4,24.4,24.4,0
STL-A,20171123,26.23,26.23,26.23,26.23,0
STM,20171123,24.1,24.1,24.1,24.1,0
STN,20171123,27.85,27.85,27.85,27.85,0
STNG,20171123,33.1,33.1,33.1,33.1,0
STON,20171123,7.04,7.04,7.04,7.04,0
STOR,20171123,26.37,26.37,26.37,26.37,0
STT,20171123,92.67,92.67,92.67,92.67,0
STT-C,20171123,25.33,25.33,25.33,25.33,0
STT-D,20171123,28.72,28.72,28.72,28.72,0
STT-G,20171123,28.1,28.1,28.1,28.1,0
STWD,20171123,21.78,21.78,21.78,21.78,0
STZ,20171123,220.45,220.45,220.45,220.45,0
STZ.B,20171123,217.18,217.18,217.18,217.18,0
SU,20171123,35.42,35.42,35.42,35.42,0
SUI,20171123,93.17,93.17,93.17,93.17,0
SUM,20171123,29.75,29.75,29.75,29.75,0
SUN,20171123,30.25,30.25,30.25,30.25,0
SUP,20171123,15.95,15.95,15.95,15.95,0
SUPV,20171123,27.21,27.21,27.21,27.21,0
SWCH,20171123,17.95,17.95,17.95,17.95,0
SWK,20171123,165.99,165.99,165.99,165.99,0
SWM,20171123,43.79,43.79,43.79,43.79,0
SWN,20171123,6.34,6.34,6.34,6.34,0
SWP,20171123,120.9,120.9,120.9,120.9,0
SWX,20171123,82.26,82.26,82.26,82.26,0
SWZ,20171123,12.61,12.61,12.61,12.61,0
SXC,20171123,11.26,11.26,11.26,11.26,0
SXI,20171123,105,105,105,105,0
SXT,20171123,75.87,75.87,75.87,75.87,0
SYF,20171123,33.67,33.67,33.67,33.67,0
SYK,20171123,154.79,154.79,154.79,154.79,0
SYX,20171123,28.52,28.52,28.52,28.52,0
SYY,20171123,54.9,54.9,54.9,54.9,0
SZC,20171123,18.11,18.11,18.11,18.11,0
T,20171123,34.87,34.87,34.87,34.87,0
TAC,20171123,5.95,5.95,5.95,5.95,0
TAL,20171123,27.8,27.8,27.8,27.8,0
TAP,20171123,79.54,79.54,79.54,79.54,0
TAP.A,20171123,83.2,83.2,83.2,83.2,0
TARO,20171123,110.06,110.06,110.06,110.06,0
TBB,20171123,25.73,25.73,25.73,25.73,0
TBI,20171123,28.45,28.45,28.45,28.45,0
TCI,20171123,29.22,29.22,29.22,29.22,0
TCO,20171123,56.31,56.31,56.31,56.31,0
TCO-J,20171123,25.37,25.37,25.37,25.37,0
TCO-K,20171123,25.4,25.4,25.4,25.4,0
TCP,20171123,50.45,50.45,50.45,50.45,0
TCRZ,20171123,25.88,25.88,25.88,25.88,0
TCS,20171123,5.18,5.18,5.18,5.18,0
TD,20171123,58.67,58.67,58.67,58.67,0
TDA,20171123,25.55,25.55,25.55,25.55,0
TDC,20171123,36.41,36.41,36.41,36.41,0
TDE,20171123,25.34,25.34,25.34,25.34,0
TDF,20171123,22.02,22.02,22.02,22.02,0
TDG,20171123,268.99,268.99,268.99,268.99,0
TDI,20171123,25.77,25.77,25.77,25.77,0
TDJ,20171123,25.34,25.34,25.34,25.34,0
TDOC,20171123,34,34,34,34,0
TDS,20171123,26.82,26.82,26.82,26.82,0
TDW,20171123,24.68,24.68,24.68,24.68,0
TDW.A,20171123,2,2,2,2,0
TDW.B,20171123,2,2,2,2,0
TDY,20171123,183.81,183.81,183.81,183.81,0
TECK,20171123,23.05,23.05,23.05,23.05,0
TEF,20171123,10.02,10.02,10.02,10.02,0
TEI,20171123,11.49,11.49,11.49,11.49,0
TEL,20171123,94.51,94.51,94.51,94.51,0
TEN,20171123,56.91,56.91,56.91,56.91,0
TEO,20171123,34.97,34.97,34.97,34.97,0
TEVA,20171123,13.48,13.48,13.48,13.48,0
TEX,20171123,45.29,45.29,45.29,45.29,0
TFX,20171123,266.55,266.55,266.55,266.55,0
TG,20171123,19.65,19.65,19.65,19.65,0
TGH,20171123,22.85,22.85,22.85,22.85,0
TGI,20171123,30,30,30,30,0
TGNA,20171123,12.98,12.98,12.98,12.98,0
TGP,20171123,17.2,17.2,17.2,17.2,0
TGP-A,20171123,25.46,25.46,25.46,25.46,0
TGP-B,20171123,24.46,24.46,24.46,24.46,0
TGS,20171123,21,21,21,21,0
TGT,20171123,57.49,57.49,57.49,57.49,0
THC,20171123,13.5,13.5,13.5,13.5,0
THG,20171123,104.46,104.46,104.46,104.46,0
THGA,20171123,25.71,25.71,25.71,25.71,0
THO,20171123,136.9,136.9,136.9,136.9,0
THQ,20171123,17.43,17.43,17.43,17.43,0
THR,20171123,21.56,21.56,21.56,21.56,0
THS,20171123,44.29,44.29,44.29,44.29,0
THW,20171123,13.48,13.48,13.48,13.48,0
TIF,20171123,94.09,94.09,94.09,94.09,0
TISI,20171123,14,14,14,14,0
TJX,20171123,35.285,35.285,35.285,35.285,0
TK,20171123,8.46,8.46,8.46,8.46,0
TKC,20171123,9.18,9.18,9.18,9.18,0
TKR,20171123,47,47,47,47,0
TLI,20171123,10.33,10.33,10.33,10.33,0
TLK,20171123,31.07,31.07,31.07,31.07,0
TLRA,20171123,3.99,3.99,3.99,3.99,0
TLRD,20171123,16.26,16.26,16.26,16.26,0
TLYS,20171123,13.1,13.1,13.1,13.1,0
TM,20171123,126.08,126.08,126.08,126.08,0
TMHC,20171123,23.88,23.88,23.88,23.88,0
TMO,20171123,192.75,192.75,192.75,192.75,0
TMST,20171123,14.63,14.63,14.63,14.63,0
TNC,20171123,62.8,62.8,62.8,62.8,0
TNET,20171123,44.04,44.04,44.04,44.04,0
TNK,20171123,1.52,1.52,1.52,1.52,0
TNP,20171123,4.17,4.17,4.17,4.17,0
TNP-C,20171123,25.8,25.8,25.8,25.8,0
TNP-D,20171123,25.15,25.15,25.15,25.15,0
TNP-E,20171123,25.41,25.41,25.41,25.41,0
TOL,20171123,48.07,48.07,48.07,48.07,0
TOO-A,20171123,23.12,23.12,23.12,23.12,0
TOO-B,20171123,24.65,24.65,24.65,24.65,0
TOT,20171123,56.11,56.11,56.11,56.11,0
TPB,20171123,17.5,17.5,17.5,17.5,0
TPC,20171123,24.4,24.4,24.4,24.4,0
TPH,20171123,17.93,17.93,17.93,17.93,0
TPL,20171123,409.97,409.97,409.97,409.97,0
TPR,20171123,41.03,41.03,41.03,41.03,0
TPRE,20171123,16.75,16.75,16.75,16.75,0
TPVG,20171123,13.6,13.6,13.6,13.6,0
TPVY,20171123,25.6,25.6,25.6,25.6,0
TPX,20171123,57.63,57.63,57.63,57.63,0
TPZ,20171123,19.96,19.96,19.96,19.96,0
TR,20171123,36.45,36.45,36.45,36.45,0
TRC,20171123,22.4,22.4,22.4,22.4,0
TREC,20171123,12,12,12,12,0
TREX,20171123,55.775,55.775,55.775,55.775,0
TRGP,20171123,43.28,43.28,43.28,43.28,0
TRI,20171123,44.08,44.08,44.08,44.08,0
TRN,20171123,34.04,34.04,34.04,34.04,0
TRNO,20171123,37.97,37.97,37.97,37.97,0
TROX,20171123,26.79,26.79,26.79,26.79,0
TRP,20171123,49.58,49.58,49.58,49.58,0
TRQ,20171123,3.1,3.1,3.1,3.1,0
TRTN,20171123,39.78,39.78,39.78,39.78,0
TRTX,20171123,19.5,19.5,19.5,19.5,0
TRU,20171123,55.22,55.22,55.22,55.22,0
TRV,20171123,130.01,130.01,130.01,130.01,0
TS,20171123,29.36,29.36,29.36,29.36,0
TSE,20171123,72.25,72.25,72.25,72.25,0
TSI,20171123,5.59,5.59,5.59,5.59,0
TSLF,20171123,16.62,16.62,16.62,16.62,0
TSLX,20171123,20.81,20.81,20.81,20.81,0
TSM,20171123,42.41,42.41,42.41,42.41,0
TSN,20171123,79.63,79.63,79.63,79.63,0
TSQ,20171123,7.67,7.67,7.67,7.67,0
TSU,20171123,18.75,18.75,18.75,18.75,0
TTC,20171123,62.72,62.72,62.72,62.72,0
TTI,20171123,4.03,4.03,4.03,4.03,0
TTM,20171123,32.89,32.89,32.89,32.89,0
TTP,20171123,16.71,16.71,16.71,16.71,0
TU,20171123,38.11,38.11,38.11,38.11,0
TUP,20171123,60.87,60.87,60.87,60.87,0
TV,20171123,18.59,18.59,18.59,18.59,0
TVC,20171123,25.44,25.44,25.44,25.44,0
TVE,20171123,25.01,25.01,25.01,25.01,0
TWI,20171123,11.63,11.63,11.63,11.63,0
TWLO,20171123,26.13,26.13,26.13,26.13,0
TWN,20171123,21.6,21.6,21.6,21.6,0
TWO,20171123,16.2,16.2,16.2,16.2,0
TWO-A,20171123,27.06,27.06,27.06,27.06,0
TWO-B,20171123,26.14,26.14,26.14,26.14,0
TWTR,20171123,22.27,22.27,22.27,22.27,0
TX,20171123,28.12,28.12,28.12,28.12,0
TXT,20171123,53.53,53.53,53.53,53.53,0
TY,20171123,26.17,26.17,26.17,26.17,0
TY.P,20171123,50.98,50.98,50.98,50.98,0
TYG,20171123,25.64,25.64,25.64,25.64,0
TYL,20171123,176.63,176.63,176.63,176.63,0
UA,20171123,11.67,11.67,11.67,11.67,0
UAA,20171123,13.09,13.09,13.09,13.09,0
UAN,20171123,3.05,3.05,3.05,3.05,0
UBA,20171123,23.37,23.37,23.37,23.37,0
UBP,20171123,18.48,18.48,18.48,18.48,0
UBP-H,20171123,26.44,26.44,26.44,26.44,0
UBS,20171123,17.2,17.2,17.2,17.2,0
UDR,20171123,39.66,39.66,39.66,39.66,0
UE,20171123,25.18,25.18,25.18,25.18,0
UFI,20171123,36.49,36.49,36.49,36.49,0
UFS,20171123,47.19,47.19,47.19,47.19,0
UGI,20171123,47.73,47.73,47.73,47.73,0
UGP,20171123,11.375,11.375,11.375,11.375,0
UHS,20171123,100.58,100.58,100.58,100.58,0
UHT,20171123,74.41,74.41,74.41,74.41,0
UIS,20171123,7.75,7.75,7.75,7.75,0
UL,20171123,55.84,55.84,55.84,55.84,0
UMC,20171123,2.67,2.67,2.67,2.67,0
UMH,20171123,15.44,15.44,15.44,15.44,0
UMH-B,20171123,27.27,27.27,27.27,27.27,0
UMH-C,20171123,27.33,27.33,27.33,27.33,0
UN,20171123,56.93,56.93,56.93,56.93,0
UNF,20171123,156.5,156.5,156.5,156.5,0
UNH,20171123,211.22,211.22,211.22,211.22,0
UNM,20171123,53.9,53.9,53.9,53.9,0
UNP,20171123,117.86,117.86,117.86,117.86,0
UNT,20171123,21.29,21.29,21.29,21.29,0
UNVR,20171123,29.2,29.2,29.2,29.2,0
UPS,20171123,113.77,113.77,113.77,113.77,0
URI,20171123,153.27,153.27,153.27,153.27,0
USA,20171123,6.02,6.02,6.02,6.02,0
USAC,20171123,16.45,16.45,16.45,16.45,0
USB,20171123,51.91,51.91,51.91,51.91,0
USB-A,20171123,902,902,902,902,0
USB-H,20171123,23.39,23.39,23.39,23.39,0
USB-M,20171123,28.97,28.97,28.97,28.97,0
USB-O,20171123,25.99,25.99,25.99,25.99,0
USDP,20171123,10.05,10.05,10.05,10.05,0
USFD,20171123,27.39,27.39,27.39,27.39,0
USM,20171123,36.24,36.24,36.24,36.24,0
USNA,20171123,67.2,67.2,67.2,67.2,0
USPH,20171123,70,70,70,70,0
UTF,20171123,22.89,22.89,22.89,22.89,0
UTI,20171123,3.51,3.51,3.51,3.51,0
UTL,20171123,50.25,50.25,50.25,50.25,0
UTX,20171123,116.73,116.73,116.73,116.73,0
UVE,20171123,26.6,26.6,26.6,26.6,0
UVV,20171123,53.4,53.4,53.4,53.4,0
UZA,20171123,25.282,25.282,25.282,25.282,0
UZB,20171123,26.24,26.24,26.24,26.24,0
UZC,20171123,26.29,26.29,26.29,26.29,0
V,20171123,110.82,110.82,110.82,110.82,0
VAC,20171123,134.04,134.04,134.04,134.04,0
VALE,20171123,10.77,10.77,10.77,10.77,0
VAR,20171123,108.79,108.79,108.79,108.79,0
VBF,20171123,19.87,19.87,19.87,19.87,0
VCRA,20171123,26.92,26.92,26.92,26.92,0
VCV,20171123,12.67,12.67,12.67,12.67,0
VEC,20171123,32.4,32.4,32.4,32.4,0
VEDL,20171123,19.16,19.16,19.16,19.16,0
VEEV,20171123,62.63,62.63,62.63,62.63,0
VER,20171123,8.05,8.05,8.05,8.05,0
VER-F,20171123,25.71,25.71,25.71,25.71,0
VET,20171123,35.22,35.22,35.22,35.22,0
VFC,20171123,73.35,73.35,73.35,73.35,0
VGI,20171123,18.37,18.37,18.37,18.37,0
VGM,20171123,13.17,13.17,13.17,13.17,0
VGR,20171123,22.25,22.25,22.25,22.25,0
VHI,20171123,5.87,5.87,5.87,5.87,0
VIPS,20171123,8.44,8.44,8.44,8.44,0
VIV,20171123,15.24,15.24,15.24,15.24,0
VJET,20171123,5.25,5.25,5.25,5.25,0
VKQ,20171123,12.43,12.43,12.43,12.43,0
VLO,20171123,82.35,82.35,82.35,82.35,0
VLRS,20171123,9.86,9.86,9.86,9.86,0
VLT,20171123,14.63,14.63,14.63,14.63,0
VMC,20171123,122.85,122.85,122.85,122.85,0
VMI,20171123,165.25,165.25,165.25,165.25,0
VMO,20171123,12.4,12.4,12.4,12.4,0
VMW,20171123,123.59,123.59,123.59,123.59,0
VNCE,20171123,4.05,4.05,4.05,4.05,0
VNO,20171123,76.75,76.75,76.75,76.75,0
VNO-K,20171123,25.6,25.6,25.6,25.6,0
VNO-L,20171123,25.47,25.47,25.47,25.47,0
VNTR,20171123,23.61,23.61,23.61,23.61,0
VOC,20171123,4.143,4.143,4.143,4.143,0
VOYA,20171123,42.31,42.31,42.31,42.31,0
VPG,20171123,25.95,25.95,25.95,25.95,0
VPV,20171123,12.06,12.06,12.06,12.06,0
VRS,20171123,10.67,10.67,10.67,10.67,0
VRTV,20171123,26.35,26.35,26.35,26.35,0
VSH,20171123,23.05,23.05,23.05,23.05,0
VSLR,20171123,3.6,3.6,3.6,3.6,0
VST,20171123,19.44,19.44,19.44,19.44,0
VSTO,20171123,14.19,14.19,14.19,14.19,0
VTA,20171123,11.46,11.46,11.46,11.46,0
VTN,20171123,13.67,13.67,13.67,13.67,0
VTR,20171123,64.24,64.24,64.24,64.24,0
VVI,20171123,56.75,56.75,56.75,56.75,0
VVR,20171123,4.33,4.33,4.33,4.33,0
VVV,20171123,24.51,24.51,24.51,24.51,0
VZ,20171123,47.1,47.1,47.1,47.1,0
W,20171123,68.25,68.25,68.25,68.25,0
WAAS,20171123,15.58,15.58,15.58,15.58,0
WAB,20171123,73.08,73.08,73.08,73.08,0
WAL,20171123,55.05,55.05,55.05,55.05,0
WALA,20171123,26.64,26.64,26.64,26.64,0
WAT,20171123,196.57,196.57,196.57,196.57,0
WBAI,20171123,10.68,10.68,10.68,10.68,0
WBC,20171123,144.19,144.19,144.19,144.19,0
WBK,20171123,24.23,24.23,24.23,24.23,0
WBS,20171123,53.6,53.6,53.6,53.6,0
WBT,20171123,22.22,22.22,22.22,22.22,0
WCC,20171123,62.95,62.95,62.95,62.95,0
WCN,20171123,68.54,68.54,68.54,68.54,0
WD,20171123,49.68,49.68,49.68,49.68,0
WDR,20171123,19.34,19.34,19.34,19.34,0
WEA,20171123,13.68,13.68,13.68,13.68,0
WEC,20171123,68.27,68.27,68.27,68.27,0
WES,20171123,45.46,45.46,45.46,45.46,0
WEX,20171123,122.36,122.36,122.36,122.36,0
WF,20171123,44,44,44,44,0
WFC,20171123,54.06,54.06,54.06,54.06,0
WFC-L,20171123,1349.01,1349.01,1349.01,1349.01,0
WFC-N,20171123,25.35,25.35,25.35,25.35,0
WFC-O,20171123,25.17,25.17,25.17,25.17,0
WFC-P,20171123,25.28,25.28,25.28,25.28,0
WFC-Q,20171123,27.78,27.78,27.78,27.78,0
WFC-R,20171123,29.19,29.19,29.19,29.19,0
WFC-T,20171123,26.69,26.69,26.69,26.69,0
WFC-V,20171123,26.74,26.74,26.74,26.74,0
WFC-W,20171123,26.44,26.44,26.44,26.44,0
WFC-X,20171123,26,26,26,26,0
WFC-Y,20171123,26.39,26.39,26.39,26.39,0
WGO,20171123,51.25,51.25,51.25,51.25,0
WHG,20171123,67.2,67.2,67.2,67.2,0
WHR,20171123,166.64,166.64,166.64,166.64,0
WIA,20171123,11.58,11.58,11.58,11.58,0
WIT,20171123,3.96,3.96,3.96,3.96,0
WIW,20171123,11.28,11.28,11.28,11.28,0
WK,20171123,22.5,22.5,22.5,22.5,0
WLH,20171123,29.88,29.88,29.88,29.88,0
WLK,20171123,94.79,94.79,94.79,94.79,0
WLKP,20171123,21.7,21.7,21.7,21.7,0
WLL,20171123,23.12,23.12,23.12,23.12,0
WM,20171123,80.26,80.26,80.26,80.26,0
WMB,20171123,27.75,27.75,27.75,27.75,0
WMC,20171123,10.15,10.15,10.15,10.15,0
WMK,20171123,38.22,38.22,38.22,38.22,0
WMS,20171123,23.45,23.45,23.45,23.45,0
WMT,20171123,96.41,96.41,96.41,96.41,0
WNC,20171123,19.25,19.25,19.25,19.25,0
WNS,20171123,41.11,41.11,41.11,41.11,0
WOR,20171123,40.49,40.49,40.49,40.49,0
WOW,20171123,9.84,9.84,9.84,9.84,0
WPC,20171123,71.48,71.48,71.48,71.48,0
WPG,20171123,7.28,7.28,7.28,7.28,0
WPG-H,20171123,25,25,25,25,0
WPG-I,20171123,24.76,24.76,24.76,24.76,0
WPM,20171123,21.34,21.34,21.34,21.34,0
WPX,20171123,12.52,12.52,12.52,12.52,0
WRB,20171123,44.28,44.28,44.28,44.28,0
WRB-B,20171123,25.32,25.32,25.32,25.32,0
WRB-C,20171123,26.16,26.16,26.16,26.16,0
WRB-D,20171123,26.05,26.05,26.05,26.05,0
WRE,20171123,32.58,32.58,32.58,32.58,0
WRI,20171123,33.36,33.36,33.36,33.36,0
WRK,20171123,58.79,58.79,58.79,58.79,0
WSM,20171123,46.28,46.28,46.28,46.28,0
WSO,20171123,164.1,164.1,164.1,164.1,0
WSO.B,20171123,166.62,166.62,166.62,166.62,0
WSR,20171123,14.8,14.8,14.8,14.8,0
WST,20171123,98.58,98.58,98.58,98.58,0
WTI,20171123,3.09,3.09,3.09,3.09,0
WTM,20171123,875.65,875.65,875.65,875.65,0
WTS,20171123,72.5,72.5,72.5,72.5,0
WTTR,20171123,15.28,15.28,15.28,15.28,0
WU,20171123,19.55,19.55,19.55,19.55,0
WUBA,20171123,79.2,79.2,79.2,79.2,0
WWE,20171123,27.56,27.56,27.56,27.56,0
WWW,20171123,28.14,28.14,28.14,28.14,0
WY,20171123,36.19,36.19,36.19,36.19,0
X,20171123,28.51,28.51,28.51,28.51,0
XEC,20171123,115.41,115.41,115.41,115.41,0
XFLT,20171123,9.99,9.99,9.99,9.99,0
XHR,20171123,21.83,21.83,21.83,21.83,0
XIN,20171123,5.94,5.94,5.94,5.94,0
XOM,20171123,81.1,81.1,81.1,81.1,0
XPO,20171123,76.65,76.65,76.65,76.65,0
XRF,20171123,8.86,8.86,8.86,8.86,0
XRX,20171123,28.29,28.29,28.29,28.29,0
XYL,20171123,67.35,67.35,67.35,67.35,0
Y,20171123,553,553,553,553,0
YELP,20171123,47.18,47.18,47.18,47.18,0
YEXT,20171123,13.05,13.05,13.05,13.05,0
YPF,20171123,23.17,23.17,23.17,23.17,0
YRD,20171123,42.71,42.71,42.71,42.71,0
YUM,20171123,79.23,79.23,79.23,79.23,0
YUMC,20171123,40.63,40.63,40.63,40.63,0
ZAYO,20171123,35.7,35.7,35.7,35.7,0
ZBH,20171123,113.07,113.07,113.07,113.07,0
ZEN,20171123,35.17,35.17,35.17,35.17,0
ZNH,20171123,47.27,47.27,47.27,47.27,0
ZTO,20171123,17.01,17.01,17.01,17.01,0
ZTR,20171123,13.37,13.37,13.37,13.37,0
ZTS,20171123,71.07,71.07,71.07,71.07,0
ZYME,20171123,8.27,8.27,8.27,8.27,0
