A,20170220,51.63,51.63,51.63,51.63,0
AA,20170220,36.21,36.21,36.21,36.21,0
AAN,20170220,26.93,26.93,26.93,26.93,0
AAP,20170220,161.58,161.58,161.58,161.58,0
AAT,20170220,43.2,43.2,43.2,43.2,0
AB,20170220,24.2,24.2,24.2,24.2,0
ABB,20170220,22.82,22.82,22.82,22.82,0
ABBV,20170220,61.77,61.77,61.77,61.77,0
ABC,20170220,90.76,90.76,90.76,90.76,0
ABEV,20170220,5.72,5.72,5.72,5.72,0
ABG,20170220,67.55,67.55,67.55,67.55,0
ABM,20170220,40.39,40.39,40.39,40.39,0
ABR,20170220,7.32,7.32,7.32,7.32,0
ABR-A,20170220,25.29,25.29,25.29,25.29,0
ABR-B,20170220,25.27,25.27,25.27,25.27,0
ABR-C,20170220,25.5,25.5,25.5,25.5,0
ABT,20170220,44.69,44.69,44.69,44.69,0
AC,20170220,37.55,37.55,37.55,37.55,0
ACC,20170220,49.61,49.61,49.61,49.61,0
ACCO,20170220,12.7,12.7,12.7,12.7,0
ACH,20170220,13.14,13.14,13.14,13.14,0
ACM,20170220,37.75,37.75,37.75,37.75,0
ACN,20170220,121.23,121.23,121.23,121.23,0
ACP,20170220,14.09,14.09,14.09,14.09,0
ACRE,20170220,13.51,13.51,13.51,13.51,0
ACV,20170220,20.02,20.02,20.02,20.02,0
ADC,20170220,48.68,48.68,48.68,48.68,0
ADM,20170220,44.69,44.69,44.69,44.69,0
ADNT,20170220,64.01,64.01,64.01,64.01,0
ADS,20170220,235.04,235.04,235.04,235.04,0
ADSW,20170220,22.02,22.02,22.02,22.02,0
ADX,20170220,13.53,13.53,13.53,13.53,0
AEB,20170220,24.6,24.6,24.6,24.6,0
AEE,20170220,53.37,53.37,53.37,53.37,0
AEG,20170220,5.38,5.38,5.38,5.38,0
AEL,20170220,27.23,27.23,27.23,27.23,0
AEM,20170220,46.82,46.82,46.82,46.82,0
AEO,20170220,15.29,15.29,15.29,15.29,0
AEP,20170220,64.11,64.11,64.11,64.11,0
AER,20170220,46.65,46.65,46.65,46.65,0
AES,20170220,11.46,11.46,11.46,11.46,0
AFB,20170220,13.43,13.43,13.43,13.43,0
AFC,20170220,25.45,25.45,25.45,25.45,0
AFG,20170220,93.42,93.42,93.42,93.42,0
AFGH,20170220,25.59,25.59,25.59,25.59,0
AFI,20170220,21.89,21.89,21.89,21.89,0
AFL,20170220,35.55,35.55,35.55,35.55,0
AFT,20170220,17.55,17.55,17.55,17.55,0
AG,20170220,10.06,10.06,10.06,10.06,0
AGCO,20170220,63.99,63.99,63.99,63.99,0
AGD,20170220,9.56,9.56,9.56,9.56,0
AGI,20170220,8.33,8.33,8.33,8.33,0
AGM,20170220,58.36,58.36,58.36,58.36,0
AGM-A,20170220,25.38,25.38,25.38,25.38,0
AGM-C,20170220,26.81,26.81,26.81,26.81,0
AGM.A,20170220,59.5,59.5,59.5,59.5,0
AGN,20170220,247.35,247.35,247.35,247.35,0
AGO,20170220,41.01,41.01,41.01,41.01,0
AGO-B,20170220,26.25,26.25,26.25,26.25,0
AGO-E,20170220,25.36,25.36,25.36,25.36,0
AGO-F,20170220,24.91,24.91,24.91,24.91,0
AGR,20170220,40.91,40.91,40.91,40.91,0
AGRO,20170220,12.65,12.65,12.65,12.65,0
AGX,20170220,71.2,71.2,71.2,71.2,0
AHC,20170220,6.45,6.45,6.45,6.45,0
AHH,20170220,13.8,13.8,13.8,13.8,0
AHL-C,20170220,26.65,26.65,26.65,26.65,0
AHL-D,20170220,23.67,23.67,23.67,23.67,0
AHT,20170220,7.65,7.65,7.65,7.65,0
AHT-D,20170220,25.49,25.49,25.49,25.49,0
AHT-F,20170220,24.52,24.52,24.52,24.52,0
AHT-G,20170220,24.23,24.23,24.23,24.23,0
AI,20170220,14.94,14.94,14.94,14.94,0
AIC,20170220,23.48,23.48,23.48,23.48,0
AIF,20170220,15.73,15.73,15.73,15.73,0
AIG,20170220,62.5,62.5,62.5,62.5,0
AIG.W,20170220,21.4,21.4,21.4,21.4,0
AIN,20170220,47.4,47.4,47.4,47.4,0
AIR,20170220,33.98,33.98,33.98,33.98,0
AIT,20170220,62.65,62.65,62.65,62.65,0
AIV,20170220,45.01,45.01,45.01,45.01,0
AIW,20170220,23.95,23.95,23.95,23.95,0
AIZ,20170220,96.75,96.75,96.75,96.75,0
AJG,20170220,56.94,56.94,56.94,56.94,0
AJRD,20170220,19.34,19.34,19.34,19.34,0
AJX,20170220,13.27,13.27,13.27,13.27,0
AKO.A,20170220,20.28,20.28,20.28,20.28,0
AKO.B,20170220,22.36,22.36,22.36,22.36,0
AKR,20170220,31.76,31.76,31.76,31.76,0
AKS,20170220,8.84,8.84,8.84,8.84,0
AL,20170220,38.95,38.95,38.95,38.95,0
ALB,20170220,91.92,91.92,91.92,91.92,0
ALE,20170220,66.59,66.59,66.59,66.59,0
ALEX,20170220,44.9,44.9,44.9,44.9,0
ALG,20170220,77.17,77.17,77.17,77.17,0
ALK,20170220,96.6,96.6,96.6,96.6,0
ALL,20170220,80.44,80.44,80.44,80.44,0
ALL-B,20170220,26.82,26.82,26.82,26.82,0
ALL-Y,20170220,25.87,25.87,25.87,25.87,0
ALLE,20170220,73.27,73.27,73.27,73.27,0
ALLY,20170220,23.21,23.21,23.21,23.21,0
ALSN,20170220,37.21,37.21,37.21,37.21,0
ALV,20170220,76.2264,76.2264,76.2264,76.2264,0
ALX,20170220,436.72,436.72,436.72,436.72,0
AM,20170220,35.16,35.16,35.16,35.16,0
AMC,20170220,31.2,31.2,31.2,31.2,0
AME,20170220,54.5,54.5,54.5,54.5,0
AMG,20170220,168.42,168.42,168.42,168.42,0
AMH,20170220,22.98,22.98,22.98,22.98,0
AMH-D,20170220,25,25,25,25,0
AMH-E,20170220,24.8,24.8,24.8,24.8,0
AMN,20170220,40.7,40.7,40.7,40.7,0
AMOV,20170220,12.59,12.59,12.59,12.59,0
AMP,20170220,128.99,128.99,128.99,128.99,0
AMRC,20170220,5.5,5.5,5.5,5.5,0
AMT,20170220,108.11,108.11,108.11,108.11,0
AMX,20170220,12.71,12.71,12.71,12.71,0
AN,20170220,47.77,47.77,47.77,47.77,0
ANET,20170220,119.06,119.06,119.06,119.06,0
ANF,20170220,12.2,12.2,12.2,12.2,0
ANH,20170220,5.35,5.35,5.35,5.35,0
ANH-A,20170220,25.71,25.71,25.71,25.71,0
ANH-B,20170220,26.39,26.39,26.39,26.39,0
ANH-C,20170220,24.8,24.8,24.8,24.8,0
ANTM,20170220,160.25,160.25,160.25,160.25,0
AOD,20170220,8.08,8.08,8.08,8.08,0
AON,20170220,117.53,117.53,117.53,117.53,0
AOS,20170220,49.59,49.59,49.59,49.59,0
AP,20170220,15.15,15.15,15.15,15.15,0
APA,20170220,55.44,55.44,55.44,55.44,0
APAM,20170220,29.85,29.85,29.85,29.85,0
APD,20170220,141.5,141.5,141.5,141.5,0
APH,20170220,69.46,69.46,69.46,69.46,0
APLE,20170220,20.24,20.24,20.24,20.24,0
APO,20170220,22.1,22.1,22.1,22.1,0
APTS,20170220,14.07,14.07,14.07,14.07,0
AQN,20170220,9.02,9.02,9.02,9.02,0
AR,20170220,25.07,25.07,25.07,25.07,0
ARA,20170220,22.92,22.92,22.92,22.92,0
ARC,20170220,4.73,4.73,4.73,4.73,0
ARCH,20170220,76.09,76.09,76.09,76.09,0
ARCO,20170220,6.4,6.4,6.4,6.4,0
ARDC,20170220,15.87,15.87,15.87,15.87,0
ARE,20170220,116.38,116.38,116.38,116.38,0
ARE-A,20170220,26.19,26.19,26.19,26.19,0
ARES,20170220,21.05,21.05,21.05,21.05,0
ARI,20170220,17.8,17.8,17.8,17.8,0
ARL,20170220,9.11,9.11,9.11,9.11,0
ARMK,20170220,35.75,35.75,35.75,35.75,0
ARNC,20170220,29.91,29.91,29.91,29.91,0
AROC,20170220,15.8,15.8,15.8,15.8,0
ARR,20170220,21.71,21.71,21.71,21.71,0
ARR-B,20170220,23.17,23.17,23.17,23.17,0
ARW,20170220,73.5,73.5,73.5,73.5,0
ASA,20170220,13.2,13.2,13.2,13.2,0
ASB,20170220,26.2,26.2,26.2,26.2,0
ASB-C,20170220,25.58,25.58,25.58,25.58,0
ASB-D,20170220,23.67,23.67,23.67,23.67,0
ASC,20170220,7.05,7.05,7.05,7.05,0
ASG,20170220,4.49,4.49,4.49,4.49,0
ASGN,20170220,48.7,48.7,48.7,48.7,0
ASH,20170220,60.905,60.905,60.905,60.905,0
ASIX,20170220,29.23,29.23,29.23,29.23,0
ASPN,20170220,4.39,4.39,4.39,4.39,0
ASR,20170220,157.05,157.05,157.05,157.05,0
ASX,20170220,6.08,6.08,6.08,6.08,0
AT,20170220,2.35,2.35,2.35,2.35,0
ATEN,20170220,9.5,9.5,9.5,9.5,0
ATH,20170220,50.46,50.46,50.46,50.46,0
ATHM,20170220,33.01,33.01,33.01,33.01,0
ATI,20170220,20.14,20.14,20.14,20.14,0
ATKR,20170220,25.6,25.6,25.6,25.6,0
ATO,20170220,76.04,76.04,76.04,76.04,0
ATR,20170220,73.9,73.9,73.9,73.9,0
ATTO,20170220,8.75,8.75,8.75,8.75,0
ATV,20170220,8.92,8.92,8.92,8.92,0
AU,20170220,12.9,12.9,12.9,12.9,0
AUY,20170220,3.09,3.09,3.09,3.09,0
AVA,20170220,39.34,39.34,39.34,39.34,0
AVAL,20170220,8.12,8.12,8.12,8.12,0
AVB,20170220,178.54,178.54,178.54,178.54,0
AVD,20170220,16.65,16.65,16.65,16.65,0
AVH,20170220,7.78,7.78,7.78,7.78,0
AVK,20170220,15.94,15.94,15.94,15.94,0
AVX,20170220,16.02,16.02,16.02,16.02,0
AVY,20170220,79.41,79.41,79.41,79.41,0
AWF,20170220,12.8,12.8,12.8,12.8,0
AWI,20170220,40.4,40.4,40.4,40.4,0
AWK,20170220,73.81,73.81,73.81,73.81,0
AWP,20170220,5.67,5.67,5.67,5.67,0
AWR,20170220,44.2,44.2,44.2,44.2,0
AXE,20170220,84.85,84.85,84.85,84.85,0
AXL,20170220,20.19,20.19,20.19,20.19,0
AXP,20170220,79.71,79.71,79.71,79.71,0
AXR,20170220,6.3,6.3,6.3,6.3,0
AXS,20170220,68.56,68.56,68.56,68.56,0
AXS-E,20170220,22.97,22.97,22.97,22.97,0
AXTA,20170220,29.65,29.65,29.65,29.65,0
AYI,20170220,220.29,220.29,220.29,220.29,0
AYR,20170220,24.58,24.58,24.58,24.58,0
AZN,20170220,29.16,29.16,29.16,29.16,0
AZO,20170220,741.05,741.05,741.05,741.05,0
AZRE,20170220,16.82,16.82,16.82,16.82,0
AZZ,20170220,58.75,58.75,58.75,58.75,0
B,20170220,50.25,50.25,50.25,50.25,0
BA,20170220,172.71,172.71,172.71,172.71,0
BABA,20170220,100.52,100.52,100.52,100.52,0
BAC,20170220,24.52,24.52,24.52,24.52,0
BAC-A,20170220,25.42,25.42,25.42,25.42,0
BAC-C,20170220,25.68,25.68,25.68,25.68,0
BAC-E,20170220,22.21,22.21,22.21,22.21,0
BAC-L,20170220,1186,1186,1186,1186,0
BAF,20170220,14.45,14.45,14.45,14.45,0
BAH,20170220,34.71,34.71,34.71,34.71,0
BAK,20170220,21.4,21.4,21.4,21.4,0
BAM,20170220,37.37,37.37,37.37,37.37,0
BAN-D,20170220,26.16,26.16,26.16,26.16,0
BAN-E,20170220,25.9,25.9,25.9,25.9,0
BANC,20170220,19.85,19.85,19.85,19.85,0
BAP,20170220,166.24,166.24,166.24,166.24,0
BAX,20170220,49.73,49.73,49.73,49.73,0
BBD,20170220,8.0454,8.0454,8.0454,8.0454,0
BBDO,20170220,8.5583,8.5583,8.5583,8.5583,0
BBF,20170220,14.46,14.46,14.46,14.46,0
BBK,20170220,15.42,15.42,15.42,15.42,0
BBL,20170220,34.92,34.92,34.92,34.92,0
BBN,20170220,22.16,22.16,22.16,22.16,0
BBU,20170220,26.26,26.26,26.26,26.26,0
BBVA,20170220,6.67,6.67,6.67,6.67,0
BBW,20170220,10,10,10,10,0
BBY,20170220,45.24,45.24,45.24,45.24,0
BC,20170220,60,60,60,60,0
BCC,20170220,27.1,27.1,27.1,27.1,0
BCE,20170220,44.87,44.87,44.87,44.87,0
BCEI,20170220,1.97,1.97,1.97,1.97,0
BCH,20170220,24.0067,24.0067,24.0067,24.0067,0
BCO,20170220,52.75,52.75,52.75,52.75,0
BCRH,20170220,20.6,20.6,20.6,20.6,0
BCS,20170220,11.77,11.77,11.77,11.77,0
BCX,20170220,8.71,8.71,8.71,8.71,0
BDC,20170220,73.31,73.31,73.31,73.31,0
BDJ,20170220,8.35,8.35,8.35,8.35,0
BDN,20170220,16.31,16.31,16.31,16.31,0
BDX,20170220,180.9,180.9,180.9,180.9,0
BEN,20170220,42.53,42.53,42.53,42.53,0
BEP,20170220,29.41,29.41,29.41,29.41,0
BERY,20170220,50.7,50.7,50.7,50.7,0
BF.A,20170220,39.28,39.28,39.28,39.28,0
BF.B,20170220,38.56,38.56,38.56,38.56,0
BFAM,20170220,69.37,69.37,69.37,69.37,0
BFK,20170220,14.05,14.05,14.05,14.05,0
BFO,20170220,15.06,15.06,15.06,15.06,0
BFS,20170220,65.23,65.23,65.23,65.23,0
BFZ,20170220,14.67,14.67,14.67,14.67,0
BG,20170220,77.78,77.78,77.78,77.78,0
BGB,20170220,15.9,15.9,15.9,15.9,0
BGG,20170220,21.76,21.76,21.76,21.76,0
BGH,20170220,20,20,20,20,0
BGR,20170220,14.08,14.08,14.08,14.08,0
BGS,20170220,46.8,46.8,46.8,46.8,0
BGT,20170220,14.49,14.49,14.49,14.49,0
BGX,20170220,16.17,16.17,16.17,16.17,0
BGY,20170220,5.76,5.76,5.76,5.76,0
BH,20170220,439.99,439.99,439.99,439.99,0
BHE,20170220,32.6,32.6,32.6,32.6,0
BHK,20170220,13.31,13.31,13.31,13.31,0
BHLB,20170220,35.75,35.75,35.75,35.75,0
BHP,20170220,40.28,40.28,40.28,40.28,0
BIF,20170220,9.27,9.27,9.27,9.27,0
BIG,20170220,52.11,52.11,52.11,52.11,0
BIO,20170220,193.27,193.27,193.27,193.27,0
BIO.B,20170220,190.75,190.75,190.75,190.75,0
BIP,20170220,36.27,36.27,36.27,36.27,0
BIT,20170220,17.19,17.19,17.19,17.19,0
BITA,20170220,18.75,18.75,18.75,18.75,0
BK,20170220,47.14,47.14,47.14,47.14,0
BK-C,20170220,25.1,25.1,25.1,25.1,0
BKD,20170220,14.37,14.37,14.37,14.37,0
BKE,20170220,20.85,20.85,20.85,20.85,0
BKH,20170220,62.64,62.64,62.64,62.64,0
BKK,20170220,15.7,15.7,15.7,15.7,0
BKN,20170220,14.55,14.55,14.55,14.55,0
BKT,20170220,6.26,6.26,6.26,6.26,0
BKU,20170220,39.77,39.77,39.77,39.77,0
BLD,20170220,37.92,37.92,37.92,37.92,0
BLK,20170220,388.76,388.76,388.76,388.76,0
BLL,20170220,36.635,36.635,36.635,36.635,0
BLW,20170220,15.74,15.74,15.74,15.74,0
BLX,20170220,27.04,27.04,27.04,27.04,0
BMA,20170220,80.61,80.61,80.61,80.61,0
BME,20170220,33.7,33.7,33.7,33.7,0
BMI,20170220,35.85,35.85,35.85,35.85,0
BML-G,20170220,20.44,20.44,20.44,20.44,0
BML-H,20170220,20.25,20.25,20.25,20.25,0
BML-J,20170220,23.46,23.46,23.46,23.46,0
BML-L,20170220,23.5,23.5,23.5,23.5,0
BMO,20170220,77.47,77.47,77.47,77.47,0
BMY,20170220,54.59,54.59,54.59,54.59,0
BNED,20170220,10.15,10.15,10.15,10.15,0
BNS,20170220,62.47,62.47,62.47,62.47,0
BNY,20170220,14.33,14.33,14.33,14.33,0
BOE,20170220,12.29,12.29,12.29,12.29,0
BOH,20170220,84.71,84.71,84.71,84.71,0
BOOT,20170220,10.94,10.94,10.94,10.94,0
BOX,20170220,18.13,18.13,18.13,18.13,0
BP,20170220,33.42,33.42,33.42,33.42,0
BPT,20170220,29.55,29.55,29.55,29.55,0
BQH,20170220,14.02,14.02,14.02,14.02,0
BR,20170220,68.58,68.58,68.58,68.58,0
BRC,20170220,39.5,39.5,39.5,39.5,0
BRFS,20170220,13.8,13.8,13.8,13.8,0
BRK.A,20170220,252838,252838,252838,252838,0
BRK.B,20170220,168.57,168.57,168.57,168.57,0
BRO,20170220,21.935,21.935,21.935,21.935,0
BRT,20170220,8.53,8.53,8.53,8.53,0
BRX,20170220,23.44,23.44,23.44,23.44,0
BSAC,20170220,21.78,21.78,21.78,21.78,0
BSBR,20170220,11.13,11.13,11.13,11.13,0
BSD,20170220,13.38,13.38,13.38,13.38,0
BSE,20170220,13.05,13.05,13.05,13.05,0
BSL,20170220,18.23,18.23,18.23,18.23,0
BSM,20170220,17.72,17.72,17.72,17.72,0
BSMX,20170220,7.41,7.41,7.41,7.41,0
BST,20170220,19.66,19.66,19.66,19.66,0
BSX,20170220,25.39,25.39,25.39,25.39,0
BTA,20170220,11.34,11.34,11.34,11.34,0
BTE,20170220,3.9,3.9,3.9,3.9,0
BTO,20170220,36.9,36.9,36.9,36.9,0
BTT,20170220,22.42,22.42,22.42,22.42,0
BTZ,20170220,13.1,13.1,13.1,13.1,0
BUD,20170220,108.82,108.82,108.82,108.82,0
BUI,20170220,19.57,19.57,19.57,19.57,0
BURL,20170220,85.92,85.92,85.92,85.92,0
BVN,20170220,13.13,13.13,13.13,13.13,0
BW,20170220,170.2,170.2,170.2,170.2,0
BWA,20170220,42.38,42.38,42.38,42.38,0
BWG,20170220,12.4,12.4,12.4,12.4,0
BWXT,20170220,42.24,42.24,42.24,42.24,0
BX,20170220,30.22,30.22,30.22,30.22,0
BXC,20170220,6.64,6.64,6.64,6.64,0
BXMT,20170220,30.54,30.54,30.54,30.54,0
BXMX,20170220,13.24,13.24,13.24,13.24,0
BXP,20170220,137.19,137.19,137.19,137.19,0
BXP-B,20170220,24.8,24.8,24.8,24.8,0
BXS,20170220,31.4,31.4,31.4,31.4,0
BYD,20170220,20.35,20.35,20.35,20.35,0
BYM,20170220,13.88,13.88,13.88,13.88,0
BZH,20170220,12.8,12.8,12.8,12.8,0
C,20170220,60.17,60.17,60.17,60.17,0
C-J,20170220,28.78,28.78,28.78,28.78,0
C-K,20170220,28.06,28.06,28.06,28.06,0
C-N,20170220,26,26,26,26,0
C-S,20170220,26.03,26.03,26.03,26.03,0
CABO,20170220,635.69,635.69,635.69,635.69,0
CACI,20170220,126.7,126.7,126.7,126.7,0
CAE,20170220,15.59,15.59,15.59,15.59,0
CAF,20170220,18.32,18.32,18.32,18.32,0
CAG,20170220,39.61,39.61,39.61,39.61,0
CAH,20170220,80.71,80.71,80.71,80.71,0
CAI,20170220,17.17,17.17,17.17,17.17,0
CAJ,20170220,29.23,29.23,29.23,29.23,0
CAL,20170220,30.48,30.48,30.48,30.48,0
CALX,20170220,6.8,6.8,6.8,6.8,0
CAPL,20170220,26.79,26.79,26.79,26.79,0
CAT,20170220,98.85,98.85,98.85,98.85,0
CATO,20170220,26.55,26.55,26.55,26.55,0
CB,20170220,136.19,136.19,136.19,136.19,0
CBB,20170220,19.85,19.85,19.85,19.85,0
CBB-B,20170220,49.72,49.72,49.72,49.72,0
CBD,20170220,18.73,18.73,18.73,18.73,0
CBL,20170220,10.33,10.33,10.33,10.33,0
CBL-D,20170220,24.7,24.7,24.7,24.7,0
CBL-E,20170220,24.94,24.94,24.94,24.94,0
CBT,20170220,58.02,58.02,58.02,58.02,0
CBU,20170220,60.05,60.05,60.05,60.05,0
CBZ,20170220,13.55,13.55,13.55,13.55,0
CC,20170220,33.06,33.06,33.06,33.06,0
CCC,20170220,16.05,16.05,16.05,16.05,0
CCI,20170220,89.23,89.23,89.23,89.23,0
CCJ,20170220,11.72,11.72,11.72,11.72,0
CCK,20170220,52.78,52.78,52.78,52.78,0
CCL,20170220,55.4,55.4,55.4,55.4,0
CCM,20170220,4.88,4.88,4.88,4.88,0
CCO,20170220,5.2,5.2,5.2,5.2,0
CCS,20170220,22.95,22.95,22.95,22.95,0
CCU,20170220,23.2,23.2,23.2,23.2,0
CCZ,20170220,46.68,46.68,46.68,46.68,0
CDE,20170220,8.88,8.88,8.88,8.88,0
CDR,20170220,6.06,6.06,6.06,6.06,0
CDR-B,20170220,24.51,24.51,24.51,24.51,0
CE,20170220,89.64,89.64,89.64,89.64,0
CEA,20170220,26.98,26.98,26.98,26.98,0
CEE,20170220,21.14,21.14,21.14,21.14,0
CEL,20170220,10.47,10.47,10.47,10.47,0
CELP,20170220,12.82,12.82,12.82,12.82,0
CEM,20170220,17.15,17.15,17.15,17.15,0
CEN,20170220,13.01,13.01,13.01,13.01,0
CEO,20170220,121.62,121.62,121.62,121.62,0
CEQP,20170220,26.4,26.4,26.4,26.4,0
CF,20170220,34.11,34.11,34.11,34.11,0
CFG,20170220,37.84,37.84,37.84,37.84,0
CFR,20170220,94.12,94.12,94.12,94.12,0
CFR-A,20170220,25.3,25.3,25.3,25.3,0
CFX,20170220,39.69,39.69,39.69,39.69,0
CGA,20170220,1.41,1.41,1.41,1.41,0
CHA,20170220,47.83,47.83,47.83,47.83,0
CHCT,20170220,22.79,22.79,22.79,22.79,0
CHD,20170220,49.7,49.7,49.7,49.7,0
CHE,20170220,173.89,173.89,173.89,173.89,0
CHGG,20170220,8.04,8.04,8.04,8.04,0
CHH,20170220,62.3,62.3,62.3,62.3,0
CHK,20170220,6.1,6.1,6.1,6.1,0
CHK-D,20170220,62.5,62.5,62.5,62.5,0
CHKR,20170220,3,3,3,3,0
CHL,20170220,56.11,56.11,56.11,56.11,0
CHMI,20170220,17.98,17.98,17.98,17.98,0
CHN,20170220,16.21,16.21,16.21,16.21,0
CHS,20170220,14.02,14.02,14.02,14.02,0
CHT,20170220,32.75,32.75,32.75,32.75,0
CHU,20170220,12.17,12.17,12.17,12.17,0
CI,20170220,143.56,143.56,143.56,143.56,0
CIA,20170220,8.86,8.86,8.86,8.86,0
CIB,20170220,37.79,37.79,37.79,37.79,0
CIEN,20170220,25.6,25.6,25.6,25.6,0
CIF,20170220,2.59,2.59,2.59,2.59,0
CIG,20170220,3.3,3.3,3.3,3.3,0
CIG.C,20170220,3.7,3.7,3.7,3.7,0
CII,20170220,14.19,14.19,14.19,14.19,0
CIM,20170220,18.7,18.7,18.7,18.7,0
CIM-A,20170220,25.48,25.48,25.48,25.48,0
CINR,20170220,29.86,29.86,29.86,29.86,0
CIO,20170220,13,13,13,13,0
CIO-A,20170220,24.98,24.98,24.98,24.98,0
CIR,20170220,61.55,61.55,61.55,61.55,0
CIT,20170220,43.72,43.72,43.72,43.72,0
CKH,20170220,70.53,70.53,70.53,70.53,0
CL,20170220,71.98,71.98,71.98,71.98,0
CLB,20170220,114.12,114.12,114.12,114.12,0
CLDT,20170220,20.2,20.2,20.2,20.2,0
CLF,20170220,11.49,11.49,11.49,11.49,0
CLGX,20170220,39.23,39.23,39.23,39.23,0
CLH,20170220,55.41,55.41,55.41,55.41,0
CLI,20170220,28.28,28.28,28.28,28.28,0
CLN-G,20170220,24.99,24.99,24.99,24.99,0
CLN-H,20170220,24.35,24.35,24.35,24.35,0
CLPR,20170220,13.51,13.51,13.51,13.51,0
CLR,20170220,45.97,45.97,45.97,45.97,0
CLS,20170220,13.89,13.89,13.89,13.89,0
CLW,20170220,57.9,57.9,57.9,57.9,0
CLX,20170220,133.71,133.71,133.71,133.71,0
CM,20170220,88.96,88.96,88.96,88.96,0
CMA,20170220,72.37,72.37,72.37,72.37,0
CMC,20170220,22.62,22.62,22.62,22.62,0
CMCM,20170220,10.03,10.03,10.03,10.03,0
CMD,20170220,83.19,83.19,83.19,83.19,0
CMG,20170220,427.61,427.61,427.61,427.61,0
CMI,20170220,152.91,152.91,152.91,152.91,0
CMO,20170220,10.49,10.49,10.49,10.49,0
CMO-E,20170220,24.22,24.22,24.22,24.22,0
CMP,20170220,77.95,77.95,77.95,77.95,0
CMR-B,20170220,21.95,21.95,21.95,21.95,0
CMR-C,20170220,22.36,22.36,22.36,22.36,0
CMR-D,20170220,22.88,22.88,22.88,22.88,0
CMRE,20170220,6.05,6.05,6.05,6.05,0
CMS,20170220,43.22,43.22,43.22,43.22,0
CMS-B,20170220,103.86,103.86,103.86,103.86,0
CMU,20170220,4.57,4.57,4.57,4.57,0
CNA,20170220,41.6,41.6,41.6,41.6,0
CNC,20170220,33.805,33.805,33.805,33.805,0
CNHI,20170220,9.43,9.43,9.43,9.43,0
CNI,20170220,71.66,71.66,71.66,71.66,0
CNK,20170220,42.45,42.45,42.45,42.45,0
CNO,20170220,20.92,20.92,20.92,20.92,0
CNP,20170220,26.51,26.51,26.51,26.51,0
CNQ,20170220,30.07,30.07,30.07,30.07,0
CNS,20170220,36,36,36,36,0
CNX,20170220,16.94,16.94,16.94,16.94,0
CO,20170220,6.06,6.06,6.06,6.06,0
CODI,20170220,16.6,16.6,16.6,16.6,0
COE,20170220,13.74,13.74,13.74,13.74,0
COF,20170220,91.81,91.81,91.81,91.81,0
COF-F,20170220,25.83,25.83,25.83,25.83,0
COF-G,20170220,22.54,22.54,22.54,22.54,0
COF-H,20170220,25.46,25.46,25.46,25.46,0
COF-P,20170220,25.13,25.13,25.13,25.13,0
COG,20170220,23.11,23.11,23.11,23.11,0
COO,20170220,195.91,195.91,195.91,195.91,0
COP,20170220,47.51,47.51,47.51,47.51,0
COR,20170220,86.37,86.37,86.37,86.37,0
COR-Z,20170220,25.32,25.32,25.32,25.32,0
CORR,20170220,35.69,35.69,35.69,35.69,0
COT,20170220,11.08,11.08,11.08,11.08,0
COTY,20170220,18.89,18.89,18.89,18.89,0
CP,20170220,149.67,149.67,149.67,149.67,0
CPA,20170220,103.41,103.41,103.41,103.41,0
CPAC,20170220,9.2,9.2,9.2,9.2,0
CPB,20170220,58.48,58.48,58.48,58.48,0
CPE,20170220,14.28,14.28,14.28,14.28,0
CPF,20170220,32.04,32.04,32.04,32.04,0
CPG,20170220,12.41,12.41,12.41,12.41,0
CPK,20170220,65.7,65.7,65.7,65.7,0
CPS,20170220,112.81,112.81,112.81,112.81,0
CPT,20170220,82.07,82.07,82.07,82.07,0
CR,20170220,73.79,73.79,73.79,73.79,0
CRC,20170220,17.67,17.67,17.67,17.67,0
CRCM,20170220,10.14,10.14,10.14,10.14,0
CRD.A,20170220,9.22,9.22,9.22,9.22,0
CRD.B,20170220,11.65,11.65,11.65,11.65,0
CRH,20170220,34.22,34.22,34.22,34.22,0
CRI,20170220,83.72,83.72,83.72,83.72,0
CRK,20170220,10.1,10.1,10.1,10.1,0
CRL,20170220,88.5,88.5,88.5,88.5,0
CRM,20170220,81.47,81.47,81.47,81.47,0
CRS,20170220,41.11,41.11,41.11,41.11,0
CRT,20170220,16.75,16.75,16.75,16.75,0
CRY,20170220,17.25,17.25,17.25,17.25,0
CS,20170220,15.42,15.42,15.42,15.42,0
CSL,20170220,105.87,105.87,105.87,105.87,0
CSLT,20170220,3.6,3.6,3.6,3.6,0
CSS,20170220,26.04,26.04,26.04,26.04,0
CSTM,20170220,8.2,8.2,8.2,8.2,0
CSU,20170220,17.06,17.06,17.06,17.06,0
CSV,20170220,26.52,26.52,26.52,26.52,0
CTAA,20170220,26.03,26.03,26.03,26.03,0
CTB,20170220,40.6,40.6,40.6,40.6,0
CTBB,20170220,24.69,24.69,24.69,24.69,0
CTL,20170220,24.28,24.28,24.28,24.28,0
CTLT,20170220,29.06,29.06,29.06,29.06,0
CTR,20170220,13.51,13.51,13.51,13.51,0
CTS,20170220,23.3,23.3,23.3,23.3,0
CTT,20170220,10.84,10.84,10.84,10.84,0
CTV,20170220,25.67,25.67,25.67,25.67,0
CTY,20170220,24.64,24.64,24.64,24.64,0
CTZ,20170220,25.08,25.08,25.08,25.08,0
CUB,20170220,52.5,52.5,52.5,52.5,0
CUB-C,20170220,27.2,27.2,27.2,27.2,0
CUB-D,20170220,26.9,26.9,26.9,26.9,0
CUB-E,20170220,26.55,26.55,26.55,26.55,0
CUB-F,20170220,25.68,25.68,25.68,25.68,0
CUBE,20170220,27.03,27.03,27.03,27.03,0
CUBI,20170220,34.99,34.99,34.99,34.99,0
CUK,20170220,54.3,54.3,54.3,54.3,0
CUZ,20170220,34.6,34.6,34.6,34.6,0
CVA,20170220,16,16,16,16,0
CVE,20170220,13.66,13.66,13.66,13.66,0
CVEO,20170220,3.19,3.19,3.19,3.19,0
CVI,20170220,23.74,23.74,23.74,23.74,0
CVS,20170220,79.69,79.69,79.69,79.69,0
CVX,20170220,110.33,110.33,110.33,110.33,0
CW,20170220,97.35,97.35,97.35,97.35,0
CWH,20170220,32.96,32.96,32.96,32.96,0
CWT,20170220,34.9,34.9,34.9,34.9,0
CX,20170220,8.68,8.68,8.68,8.68,0
CXE,20170220,4.93,4.93,4.93,4.93,0
CXH,20170220,9.49,9.49,9.49,9.49,0
CXO,20170220,140.06,140.06,140.06,140.06,0
CXP,20170220,22.97,22.97,22.97,22.97,0
CXW,20170220,32.77,32.77,32.77,32.77,0
CYD,20170220,13.77,13.77,13.77,13.77,0
CYH,20170220,6.9,6.9,6.9,6.9,0
CZZ,20170220,9.03,9.03,9.03,9.03,0
D,20170220,73.77,73.77,73.77,73.77,0
DAC,20170220,37.1,37.1,37.1,37.1,0
DAL,20170220,51.23,51.23,51.23,51.23,0
DAN,20170220,19.33,19.33,19.33,19.33,0
DAR,20170220,12.71,12.71,12.71,12.71,0
DB,20170220,19.41,19.41,19.41,19.41,0
DBD,20170220,30.1,30.1,30.1,30.1,0
DBL,20170220,23.3,23.3,23.3,23.3,0
DCI,20170220,42.24,42.24,42.24,42.24,0
DCO,20170220,30.74,30.74,30.74,30.74,0
DCP,20170220,40.49,40.49,40.49,40.49,0
DD,20170220,77.49,77.49,77.49,77.49,0
DDD,20170220,17.12,17.12,17.12,17.12,0
DDF,20170220,10.22,10.22,10.22,10.22,0
DDS,20170220,58.39,58.39,58.39,58.39,0
DDT,20170220,25.81,25.81,25.81,25.81,0
DE,20170220,110.27,110.27,110.27,110.27,0
DEA,20170220,20.36,20.36,20.36,20.36,0
DECK,20170220,52.42,52.42,52.42,52.42,0
DEI,20170220,39.12,39.12,39.12,39.12,0
DEO,20170220,114.83,114.83,114.83,114.83,0
DEX,20170220,10.58,10.58,10.58,10.58,0
DFIN,20170220,24.67,24.67,24.67,24.67,0
DFP,20170220,24.74,24.74,24.74,24.74,0
DFS,20170220,71.3,71.3,71.3,71.3,0
DG,20170220,77.67,77.67,77.67,77.67,0
DGX,20170220,95.64,95.64,95.64,95.64,0
DHF,20170220,3.42,3.42,3.42,3.42,0
DHI,20170220,30.49,30.49,30.49,30.49,0
DHR,20170220,84.05,84.05,84.05,84.05,0
DHT,20170220,4.79,4.79,4.79,4.79,0
DHX,20170220,5.4,5.4,5.4,5.4,0
DIAX,20170220,15.76,15.76,15.76,15.76,0
DIN,20170220,60.14,60.14,60.14,60.14,0
DIS,20170220,110.06,110.06,110.06,110.06,0
DK,20170220,22.77,22.77,22.77,22.77,0
DKL,20170220,32.75,32.75,32.75,32.75,0
DKS,20170220,49.79,49.79,49.79,49.79,0
DL,20170220,10.08,10.08,10.08,10.08,0
DLB,20170220,49.45,49.45,49.45,49.45,0
DLN-A,20170220,25.75,25.75,25.75,25.75,0
DLNG,20170220,16.16,16.16,16.16,16.16,0
DLPH,20170220,75.46,75.46,75.46,75.46,0
DLR,20170220,104.15,104.15,104.15,104.15,0
DLR-G,20170220,24.99,24.99,24.99,24.99,0
DLR-I,20170220,26.32,26.32,26.32,26.32,0
DLX,20170220,75.4,75.4,75.4,75.4,0
DMB,20170220,12.51,12.51,12.51,12.51,0
DMO,20170220,23.26,23.26,23.26,23.26,0
DNI,20170220,12.37,12.37,12.37,12.37,0
DNOW,20170220,20.36,20.36,20.36,20.36,0
DNP,20170220,10.7,10.7,10.7,10.7,0
DNR,20170220,3.2,3.2,3.2,3.2,0
DO,20170220,16.99,16.99,16.99,16.99,0
DOC,20170220,19.4,19.4,19.4,19.4,0
DOOR,20170220,68.6,68.6,68.6,68.6,0
DOV,20170220,64.5843,64.5843,64.5843,64.5843,0
DOW,20170220,61.26,61.26,61.26,61.26,0
DPG,20170220,16.46,16.46,16.46,16.46,0
DPLO,20170220,14.55,14.55,14.55,14.55,0
DPZ,20170220,187.93,187.93,187.93,187.93,0
DQ,20170220,25.07,25.07,25.07,25.07,0
DRD,20170220,6.54,6.54,6.54,6.54,0
DRE,20170220,25.21,25.21,25.21,25.21,0
DRH,20170220,11.25,11.25,11.25,11.25,0
DRI,20170220,76.73,76.73,76.73,76.73,0
DRQ,20170220,63.15,63.15,63.15,63.15,0
DRUA,20170220,23.37,23.37,23.37,23.37,0
DS,20170220,4.31,4.31,4.31,4.31,0
DS-B,20170220,25.37,25.37,25.37,25.37,0
DS-C,20170220,24.7,24.7,24.7,24.7,0
DS-D,20170220,24.9,24.9,24.9,24.9,0
DSE,20170220,8.06,8.06,8.06,8.06,0
DSL,20170220,20.05,20.05,20.05,20.05,0
DSM,20170220,8.32,8.32,8.32,8.32,0
DSU,20170220,11.54,11.54,11.54,11.54,0
DSX,20170220,3.74,3.74,3.74,3.74,0
DSX-B,20170220,18.95,18.95,18.95,18.95,0
DTE,20170220,98.12,98.12,98.12,98.12,0
DTF,20170220,15.01,15.01,15.01,15.01,0
DTJ,20170220,23.72,23.72,23.72,23.72,0
DTL.P,20170220,22.95,22.95,22.95,22.95,0
DTQ,20170220,24.55,24.55,24.55,24.55,0
DTY,20170220,25.72,25.72,25.72,25.72,0
DUC,20170220,9.34,9.34,9.34,9.34,0
DUK,20170220,78.36,78.36,78.36,78.36,0
DUKH,20170220,25.41,25.41,25.41,25.41,0
DVA,20170220,66.9,66.9,66.9,66.9,0
DVD,20170220,2.35,2.35,2.35,2.35,0
DVN,20170220,44.17,44.17,44.17,44.17,0
DX,20170220,20.34,20.34,20.34,20.34,0
DX-A,20170220,25.25,25.25,25.25,25.25,0
DX-B,20170220,23.48,23.48,23.48,23.48,0
DXB,20170220,24.49,24.49,24.49,24.49,0
DY,20170220,80.09,80.09,80.09,80.09,0
E,20170220,30.07,30.07,30.07,30.07,0
EAB,20170220,23.68,23.68,23.68,23.68,0
EAE,20170220,23.42,23.42,23.42,23.42,0
EAI,20170220,22.68,22.68,22.68,22.68,0
EARN,20170220,14.38,14.38,14.38,14.38,0
EAT,20170220,44.84,44.84,44.84,44.84,0
EBF,20170220,17,17,17,17,0
EBR,20170220,6.92,6.92,6.92,6.92,0
EBR.B,20170220,8.12,8.12,8.12,8.12,0
EBS,20170220,30.39,30.39,30.39,30.39,0
EC,20170220,9.28,9.28,9.28,9.28,0
ECC,20170220,17.81,17.81,17.81,17.81,0
ECCB,20170220,25.95,25.95,25.95,25.95,0
ECL,20170220,123.95,123.95,123.95,123.95,0
ECOM,20170220,11.2,11.2,11.2,11.2,0
ECT,20170220,2.8,2.8,2.8,2.8,0
ED,20170220,73.5,73.5,73.5,73.5,0
EDD,20170220,7.7,7.7,7.7,7.7,0
EDF,20170220,15.6,15.6,15.6,15.6,0
EDI,20170220,15.26,15.26,15.26,15.26,0
EDN,20170220,34.15,34.15,34.15,34.15,0
EDU,20170220,49.42,49.42,49.42,49.42,0
EE,20170220,46.6,46.6,46.6,46.6,0
EEA,20170220,7.98,7.98,7.98,7.98,0
EFC,20170220,16.05,16.05,16.05,16.05,0
EFF,20170220,16.94,16.94,16.94,16.94,0
EFR,20170220,15.15,15.15,15.15,15.15,0
EFT,20170220,15.09,15.09,15.09,15.09,0
EFX,20170220,130.14,130.14,130.14,130.14,0
EGF,20170220,13.29,13.29,13.29,13.29,0
EGIF,20170220,16.96,16.96,16.96,16.96,0
EGO,20170220,3.66,3.66,3.66,3.66,0
EGP,20170220,71.45,71.45,71.45,71.45,0
EGY,20170220,1.13,1.13,1.13,1.13,0
EHI,20170220,10.02,10.02,10.02,10.02,0
EHT,20170220,10.1,10.1,10.1,10.1,0
EIG,20170220,37.1,37.1,37.1,37.1,0
EIX,20170220,76.34,76.34,76.34,76.34,0
EL,20170220,85,85,85,85,0
ELC,20170220,22.61,22.61,22.61,22.61,0
ELF,20170220,26.94,26.94,26.94,26.94,0
ELJ,20170220,24.73,24.73,24.73,24.73,0
ELP,20170220,11.01,11.01,11.01,11.01,0
ELS,20170220,76.5,76.5,76.5,76.5,0
ELU,20170220,23.24,23.24,23.24,23.24,0
ELY,20170220,10.35,10.35,10.35,10.35,0
EMD,20170220,15.33,15.33,15.33,15.33,0
EME,20170220,69.48,69.48,69.48,69.48,0
EMF,20170220,13.41,13.41,13.41,13.41,0
EMN,20170220,80.25,80.25,80.25,80.25,0
EMO,20170220,13.62,13.62,13.62,13.62,0
EMP,20170220,22.57,22.57,22.57,22.57,0
EMR,20170220,61.89,61.89,61.89,61.89,0
ENB,20170220,42.01,42.01,42.01,42.01,0
ENBL,20170220,16.73,16.73,16.73,16.73,0
ENIA,20170220,9.81,9.81,9.81,9.81,0
ENIC,20170220,5.07,5.07,5.07,5.07,0
ENJ,20170220,24.52,24.52,24.52,24.52,0
ENLC,20170220,19,19,19,19,0
ENO,20170220,25.1,25.1,25.1,25.1,0
ENR,20170220,53.92,53.92,53.92,53.92,0
ENS,20170220,78.98,78.98,78.98,78.98,0
ENV,20170220,38.85,38.85,38.85,38.85,0
ENVA,20170220,14.8,14.8,14.8,14.8,0
ENZ,20170220,6.84,6.84,6.84,6.84,0
EOD,20170220,5.59,5.59,5.59,5.59,0
EOG,20170220,99.03,99.03,99.03,99.03,0
EOI,20170220,12.94,12.94,12.94,12.94,0
EOS,20170220,13.51,13.51,13.51,13.51,0
EOT,20170220,21.82,21.82,21.82,21.82,0
EP-C,20170220,49.24,49.24,49.24,49.24,0
EPAM,20170220,70.24,70.24,70.24,70.24,0
EPC,20170220,80.02,80.02,80.02,80.02,0
EPD,20170220,28.86,28.86,28.86,28.86,0
EPR,20170220,75.02,75.02,75.02,75.02,0
EPR-C,20170220,29.52,29.52,29.52,29.52,0
EPR-E,20170220,36.61,36.61,36.61,36.61,0
EQC,20170220,31.22,31.22,31.22,31.22,0
EQC-D,20170220,25.25,25.25,25.25,25.25,0
EQM,20170220,81.91,81.91,81.91,81.91,0
EQR,20170220,61.58,61.58,61.58,61.58,0
EQS,20170220,2.12,2.12,2.12,2.12,0
EQT,20170220,62.07,62.07,62.07,62.07,0
ERA,20170220,14.8,14.8,14.8,14.8,0
ERF,20170220,9.36,9.36,9.36,9.36,0
ERJ,20170220,23.38,23.38,23.38,23.38,0
EROS,20170220,12.5,12.5,12.5,12.5,0
ES,20170220,56.15,56.15,56.15,56.15,0
ESE,20170220,55.15,55.15,55.15,55.15,0
ESNT,20170220,35.68,35.68,35.68,35.68,0
ESRT,20170220,21.09,21.09,21.09,21.09,0
ESS,20170220,228.1,228.1,228.1,228.1,0
ETB,20170220,16.48,16.48,16.48,16.48,0
ETG,20170220,15.18,15.18,15.18,15.18,0
ETH,20170220,27.85,27.85,27.85,27.85,0
ETJ,20170220,9.52,9.52,9.52,9.52,0
ETM,20170220,15.5,15.5,15.5,15.5,0
ETN,20170220,71.63,71.63,71.63,71.63,0
ETO,20170220,22.23,22.23,22.23,22.23,0
ETR,20170220,73.55,73.55,73.55,73.55,0
ETV,20170220,15.21,15.21,15.21,15.21,0
ETW,20170220,10.77,10.77,10.77,10.77,0
ETX,20170220,19.61,19.61,19.61,19.61,0
ETY,20170220,10.81,10.81,10.81,10.81,0
EURN,20170220,8.2,8.2,8.2,8.2,0
EV,20170220,43.53,43.53,43.53,43.53,0
EVA,20170220,27.15,27.15,27.15,27.15,0
EVC,20170220,5.4,5.4,5.4,5.4,0
EVF,20170220,6.85,6.85,6.85,6.85,0
EVG,20170220,13.91,13.91,13.91,13.91,0
EVH,20170220,20.6,20.6,20.6,20.6,0
EVN,20170220,12.68,12.68,12.68,12.68,0
EVR,20170220,80.45,80.45,80.45,80.45,0
EVRI,20170220,3.23,3.23,3.23,3.23,0
EVT,20170220,21.79,21.79,21.79,21.79,0
EVTC,20170220,17.2,17.2,17.2,17.2,0
EW,20170220,89.74,89.74,89.74,89.74,0
EXD,20170220,11.48,11.48,11.48,11.48,0
EXG,20170220,8.67,8.67,8.67,8.67,0
EXK,20170220,4.73,4.73,4.73,4.73,0
EXP,20170220,105.12,105.12,105.12,105.12,0
EXPR,20170220,11.38,11.38,11.38,11.38,0
EXR,20170220,77.25,77.25,77.25,77.25,0
EXTN,20170220,32.23,32.23,32.23,32.23,0
EZT,20170220,27.18,27.18,27.18,27.18,0
F,20170220,12.58,12.58,12.58,12.58,0
FAF,20170220,39.01,39.01,39.01,39.01,0
FAM,20170220,11.5,11.5,11.5,11.5,0
FBC,20170220,28.44,28.44,28.44,28.44,0
FBHS,20170220,57.06,57.06,57.06,57.06,0
FBK,20170220,33.11,33.11,33.11,33.11,0
FBM,20170220,15.52,15.52,15.52,15.52,0
FBP,20170220,6.55,6.55,6.55,6.55,0
FC,20170220,17.9,17.9,17.9,17.9,0
FCAU,20170220,11.35,11.35,11.35,11.35,0
FCF,20170220,14.28,14.28,14.28,14.28,0
FCN,20170220,41.6,41.6,41.6,41.6,0
FCPT,20170220,21.77,21.77,21.77,21.77,0
FCT,20170220,13.86,13.86,13.86,13.86,0
FCX,20170220,14.91,14.91,14.91,14.91,0
FDEU,20170220,16.52,16.52,16.52,16.52,0
FDP,20170220,58.42,58.42,58.42,58.42,0
FDS,20170220,181.67,181.67,181.67,181.67,0
FDX,20170220,193.7,193.7,193.7,193.7,0
FE,20170220,31.01,31.01,31.01,31.01,0
FEI,20170220,16.73,16.73,16.73,16.73,0
FENG,20170220,3.8,3.8,3.8,3.8,0
FEO,20170220,14.97,14.97,14.97,14.97,0
FET,20170220,20.1,20.1,20.1,20.1,0
FF,20170220,13.28,13.28,13.28,13.28,0
FFA,20170220,14.18,14.18,14.18,14.18,0
FFC,20170220,19.64,19.64,19.64,19.64,0
FFG,20170220,70.9,70.9,70.9,70.9,0
FGB,20170220,8.16,8.16,8.16,8.16,0
FHN,20170220,20.12,20.12,20.12,20.12,0
FHN-A,20170220,25.1,25.1,25.1,25.1,0
FI,20170220,12.44,12.44,12.44,12.44,0
FICO,20170220,129.87,129.87,129.87,129.87,0
FIF,20170220,18.96,18.96,18.96,18.96,0
FIS,20170220,82.05,82.05,82.05,82.05,0
FIT,20170220,5.96,5.96,5.96,5.96,0
FIV,20170220,10.06,10.06,10.06,10.06,0
FIX,20170220,33.65,33.65,33.65,33.65,0
FL,20170220,71,71,71,71,0
FLC,20170220,20.39,20.39,20.39,20.39,0
FLO,20170220,19.57,19.57,19.57,19.57,0
FLOW,20170220,33.81,33.81,33.81,33.81,0
FLR,20170220,56.43,56.43,56.43,56.43,0
FLS,20170220,48.37,48.37,48.37,48.37,0
FLT,20170220,166.47,166.47,166.47,166.47,0
FLY,20170220,13.95,13.95,13.95,13.95,0
FMC,20170220,58.23,58.23,58.23,58.23,0
FMN,20170220,14.13,14.13,14.13,14.13,0
FMO,20170220,16.8,16.8,16.8,16.8,0
FMS,20170220,40.54,40.54,40.54,40.54,0
FMX,20170220,79.9,79.9,79.9,79.9,0
FMY,20170220,14.18,14.18,14.18,14.18,0
FN,20170220,48.4,48.4,48.4,48.4,0
FNB,20170220,15.52,15.52,15.52,15.52,0
FNB-E,20170220,29.37,29.37,29.37,29.37,0
FNF,20170220,37.64,37.64,37.64,37.64,0
FNV,20170220,67.21,67.21,67.21,67.21,0
FOE,20170220,14.18,14.18,14.18,14.18,0
FOF,20170220,12.27,12.27,12.27,12.27,0
FOR,20170220,13.05,13.05,13.05,13.05,0
FPF,20170220,23.41,23.41,23.41,23.41,0
FPI,20170220,10.87,10.87,10.87,10.87,0
FPL,20170220,13.77,13.77,13.77,13.77,0
FR,20170220,26.45,26.45,26.45,26.45,0
FRA,20170220,14.68,14.68,14.68,14.68,0
FRC,20170220,95.6,95.6,95.6,95.6,0
FRC-F,20170220,25.69,25.69,25.69,25.69,0
FRC-G,20170220,24.46,24.46,24.46,24.46,0
FRO,20170220,6.99,6.99,6.99,6.99,0
FRT,20170220,140.66,140.66,140.66,140.66,0
FSB,20170220,39.55,39.55,39.55,39.55,0
FSD,20170220,16.85,16.85,16.85,16.85,0
FSM,20170220,6.35,6.35,6.35,6.35,0
FSS,20170220,15.28,15.28,15.28,15.28,0
FT,20170220,6.92,6.92,6.92,6.92,0
FTAI,20170220,15.09,15.09,15.09,15.09,0
FTI,20170220,32.1,32.1,32.1,32.1,0
FTK,20170220,12.46,12.46,12.46,12.46,0
FTS,20170220,32.96,32.96,32.96,32.96,0
FTV,20170220,57.69,57.69,57.69,57.69,0
FUL,20170220,49.42,49.42,49.42,49.42,0
FUN,20170220,66.5,66.5,66.5,66.5,0
G,20170220,23.97,23.97,23.97,23.97,0
GAB,20170220,5.92,5.92,5.92,5.92,0
GAB-G,20170220,24.09,24.09,24.09,24.09,0
GAB-H,20170220,24.05,24.05,24.05,24.05,0
GAB-J,20170220,24.98,24.98,24.98,24.98,0
GAM,20170220,33.28,33.28,33.28,33.28,0
GAM-B,20170220,26.01,26.01,26.01,26.01,0
GATX,20170220,59.58,59.58,59.58,59.58,0
GBAB,20170220,22.33,22.33,22.33,22.33,0
GBL,20170220,29.4,29.4,29.4,29.4,0
GBX,20170220,44.65,44.65,44.65,44.65,0
GCAP,20170220,8.06,8.06,8.06,8.06,0
GCI,20170220,8.82,8.82,8.82,8.82,0
GCO,20170220,60.35,60.35,60.35,60.35,0
GCP,20170220,26.55,26.55,26.55,26.55,0
GCV,20170220,4.97,4.97,4.97,4.97,0
GD,20170220,189.06,189.06,189.06,189.06,0
GDDY,20170220,36.69,36.69,36.69,36.69,0
GDL,20170220,10.01,10.01,10.01,10.01,0
GDO,20170220,17.34,17.34,17.34,17.34,0
GDOT,20170220,26.86,26.86,26.86,26.86,0
GDV,20170220,20.85,20.85,20.85,20.85,0
GDV-A,20170220,25.77,25.77,25.77,25.77,0
GDV-G,20170220,24.99,24.99,24.99,24.99,0
GE,20170220,30.37,30.37,30.37,30.37,0
GEF,20170220,57.22,57.22,57.22,57.22,0
GEF.B,20170220,71.65,71.65,71.65,71.65,0
GEL,20170220,34.79,34.79,34.79,34.79,0
GEN,20170220,3.88,3.88,3.88,3.88,0
GEO,20170220,30.0933,30.0933,30.0933,30.0933,0
GER,20170220,8.48,8.48,8.48,8.48,0
GES,20170220,13.02,13.02,13.02,13.02,0
GF,20170220,13.83,13.83,13.83,13.83,0
GFF,20170220,25.25,25.25,25.25,25.25,0
GFI,20170220,3.27,3.27,3.27,3.27,0
GFY,20170220,16.48,16.48,16.48,16.48,0
GGB,20170220,4.27,4.27,4.27,4.27,0
GGG,20170220,30.3933,30.3933,30.3933,30.3933,0
GGM,20170220,23.44,23.44,23.44,23.44,0
GGT,20170220,7.94,7.94,7.94,7.94,0
GGZ,20170220,11.2,11.2,11.2,11.2,0
GGZ-A,20170220,24.87,24.87,24.87,24.87,0
GHC,20170220,527.9,527.9,527.9,527.9,0
GHL,20170220,29.9,29.9,29.9,29.9,0
GHM,20170220,22.99,22.99,22.99,22.99,0
GHY,20170220,14.96,14.96,14.96,14.96,0
GIB,20170220,48.68,48.68,48.68,48.68,0
GIL,20170220,25.03,25.03,25.03,25.03,0
GIM,20170220,6.61,6.61,6.61,6.61,0
GIS,20170220,59.23,59.23,59.23,59.23,0
GJH,20170220,9.91,9.91,9.91,9.91,0
GJO,20170220,21.45,21.45,21.45,21.45,0
GJP,20170220,22,22,22,22,0
GJR,20170220,20.32,20.32,20.32,20.32,0
GJS,20170220,18.27,18.27,18.27,18.27,0
GJT,20170220,18.27,18.27,18.27,18.27,0
GKOS,20170220,45.62,45.62,45.62,45.62,0
GLO-A,20170220,25.67,25.67,25.67,25.67,0
GLOB,20170220,34.52,34.52,34.52,34.52,0
GLOG,20170220,15.95,15.95,15.95,15.95,0
GLOP,20170220,23.9,23.9,23.9,23.9,0
GLP,20170220,19.95,19.95,19.95,19.95,0
GLT,20170220,23.46,23.46,23.46,23.46,0
GLW,20170220,27.65,27.65,27.65,27.65,0
GM,20170220,37.22,37.22,37.22,37.22,0
GME,20170220,25.57,25.57,25.57,25.57,0
GMED,20170220,27.62,27.62,27.62,27.62,0
GMRE,20170220,8.5,8.5,8.5,8.5,0
GMS,20170220,28.92,28.92,28.92,28.92,0
GMTA,20170220,24.58,24.58,24.58,24.58,0
GMZ,20170220,11.05,11.05,11.05,11.05,0
GNC,20170220,7.64,7.64,7.64,7.64,0
GNE,20170220,5.78,5.78,5.78,5.78,0
GNE-A,20170220,8.04,8.04,8.04,8.04,0
GNK,20170220,9.87,9.87,9.87,9.87,0
GNL,20170220,24.63,24.63,24.63,24.63,0
GNRC,20170220,40.45,40.45,40.45,40.45,0
GNT,20170220,6.84,6.84,6.84,6.84,0
GNW,20170220,3.98,3.98,3.98,3.98,0
GOF,20170220,20.23,20.23,20.23,20.23,0
GOL,20170220,14.275,14.275,14.275,14.275,0
GOLF,20170220,17.64,17.64,17.64,17.64,0
GPC,20170220,100.67,100.67,100.67,100.67,0
GPI,20170220,80.31,80.31,80.31,80.31,0
GPK,20170220,13.59,13.59,13.59,13.59,0
GPM,20170220,8.19,8.19,8.19,8.19,0
GPN,20170220,77.95,77.95,77.95,77.95,0
GPRK,20170220,4.9,4.9,4.9,4.9,0
GPS,20170220,24.47,24.47,24.47,24.47,0
GPX,20170220,25.45,25.45,25.45,25.45,0
GRA,20170220,71.33,71.33,71.33,71.33,0
GRAM,20170220,5.11,5.11,5.11,5.11,0
GRP.U,20170220,35.35,35.35,35.35,35.35,0
GRUB,20170220,37.6,37.6,37.6,37.6,0
GRX,20170220,10.01,10.01,10.01,10.01,0
GRX-A,20170220,25.51,25.51,25.51,25.51,0
GRX-B,20170220,26.36,26.36,26.36,26.36,0
GS,20170220,250.38,250.38,250.38,250.38,0
GS-A,20170220,22.96,22.96,22.96,22.96,0
GS-C,20170220,22.79,22.79,22.79,22.79,0
GS-D,20170220,22.8,22.8,22.8,22.8,0
GS-J,20170220,26.25,26.25,26.25,26.25,0
GS-K,20170220,28.05,28.05,28.05,28.05,0
GS-N,20170220,26.59,26.59,26.59,26.59,0
GSBD,20170220,25.09,25.09,25.09,25.09,0
GSH,20170220,31.78,31.78,31.78,31.78,0
GSK,20170220,41.34,41.34,41.34,41.34,0
GSL,20170220,12.16,12.16,12.16,12.16,0
GSL-B,20170220,19.8,19.8,19.8,19.8,0
GTN,20170220,12.55,12.55,12.55,12.55,0
GTN.A,20170220,12.3,12.3,12.3,12.3,0
GTS,20170220,18.33,18.33,18.33,18.33,0
GTT,20170220,29,29,29,29,0
GTY,20170220,25.97,25.97,25.97,25.97,0
GUT,20170220,6.59,6.59,6.59,6.59,0
GUT-A,20170220,25.18,25.18,25.18,25.18,0
GUT-C,20170220,24.76,24.76,24.76,24.76,0
GVA,20170220,53.41,53.41,53.41,53.41,0
GWB,20170220,42.1,42.1,42.1,42.1,0
GWRE,20170220,55.81,55.81,55.81,55.81,0
GWW,20170220,254.96,254.96,254.96,254.96,0
GYC,20170220,21.66,21.66,21.66,21.66,0
H,20170220,53.55,53.55,53.55,53.55,0
HAE,20170220,37.75,37.75,37.75,37.75,0
HAL,20170220,53.71,53.71,53.71,53.71,0
HASI,20170220,19.25,19.25,19.25,19.25,0
HBI,20170220,21.02,21.02,21.02,21.02,0
HBM,20170220,8.15,8.15,8.15,8.15,0
HCA,20170220,84.63,84.63,84.63,84.63,0
HCI,20170220,43.9,43.9,43.9,43.9,0
HD,20170220,143,143,143,143,0
HDB,20170220,35.2,35.2,35.2,35.2,0
HE,20170220,32.69,32.69,32.69,32.69,0
HEI,20170220,41.8714,41.8714,41.8714,41.8714,0
HEI.A,20170220,36.0448,36.0448,36.0448,36.0448,0
HEP,20170220,37.1,37.1,37.1,37.1,0
HEQ,20170220,16.35,16.35,16.35,16.35,0
HES,20170220,51.75,51.75,51.75,51.75,0
HFC,20170220,29.92,29.92,29.92,29.92,0
HGH,20170220,30.21,30.21,30.21,30.21,0
HGV,20170220,29.48,29.48,29.48,29.48,0
HHC,20170220,117.08,117.08,117.08,117.08,0
HHS,20170220,15.9,15.9,15.9,15.9,0
HI,20170220,36.45,36.45,36.45,36.45,0
HIE,20170220,13.09,13.09,13.09,13.09,0
HIG,20170220,48.36,48.36,48.36,48.36,0
HII,20170220,211.91,211.91,211.91,211.91,0
HIL,20170220,4.95,4.95,4.95,4.95,0
HIO,20170220,5.12,5.12,5.12,5.12,0
HIW,20170220,51.05,51.05,51.05,51.05,0
HIX,20170220,7.25,7.25,7.25,7.25,0
HJV,20170220,17.07,17.07,17.07,17.07,0
HL,20170220,6.58,6.58,6.58,6.58,0
HL-B,20170220,54.65,54.65,54.65,54.65,0
HLF,20170220,30.615,30.615,30.615,30.615,0
HLI,20170220,31.4,31.4,31.4,31.4,0
HLT,20170220,58.5,58.5,58.5,58.5,0
HLX,20170220,7.41,7.41,7.41,7.41,0
HMC,20170220,31.61,31.61,31.61,31.61,0
HMLP,20170220,19.35,19.35,19.35,19.35,0
HMN,20170220,41.95,41.95,41.95,41.95,0
HMY,20170220,2.78,2.78,2.78,2.78,0
HNI,20170220,46.09,46.09,46.09,46.09,0
HNP,20170220,27.69,27.69,27.69,27.69,0
HOG,20170220,56.93,56.93,56.93,56.93,0
HOME,20170220,15.75,15.75,15.75,15.75,0
HON,20170220,124.56,124.56,124.56,124.56,0
HOV,20170220,57.5,57.5,57.5,57.5,0
HP,20170220,68.26,68.26,68.26,68.26,0
HPE,20170220,24.4,24.4,24.4,24.4,0
HPF,20170220,21.06,21.06,21.06,21.06,0
HPI,20170220,20.96,20.96,20.96,20.96,0
HPP,20170220,35.82,35.82,35.82,35.82,0
HPQ,20170220,15.95,15.95,15.95,15.95,0
HPS,20170220,18.35,18.35,18.35,18.35,0
HQH,20170220,24.07,24.07,24.07,24.07,0
HQL,20170220,18.74,18.74,18.74,18.74,0
HR,20170220,30.99,30.99,30.99,30.99,0
HRB,20170220,20.51,20.51,20.51,20.51,0
HRC,20170220,64.19,64.19,64.19,64.19,0
HRI,20170220,49.49,49.49,49.49,49.49,0
HRL,20170220,37.26,37.26,37.26,37.26,0
HRTG,20170220,14.69,14.69,14.69,14.69,0
HSB-A,20170220,25.94,25.94,25.94,25.94,0
HSBC,20170220,43.91,43.91,43.91,43.91,0
HSC,20170220,14,14,14,14,0
HST,20170220,18.39,18.39,18.39,18.39,0
HSY,20170220,107.25,107.25,107.25,107.25,0
HT,20170220,20.84,20.84,20.84,20.84,0
HT-C,20170220,25.1,25.1,25.1,25.1,0
HT-D,20170220,24.26,24.26,24.26,24.26,0
HT-E,20170220,23.7,23.7,23.7,23.7,0
HTA,20170220,30.89,30.89,30.89,30.89,0
HTD,20170220,23.94,23.94,23.94,23.94,0
HTGC,20170220,15.17,15.17,15.17,15.17,0
HTH,20170220,28.17,28.17,28.17,28.17,0
HTY,20170220,10.1,10.1,10.1,10.1,0
HTZ,20170220,20,20,20,20,0
HUBB,20170220,122.21,122.21,122.21,122.21,0
HUBS,20170220,60,60,60,60,0
HUM,20170220,204.6,204.6,204.6,204.6,0
HUN,20170220,21.34,21.34,21.34,21.34,0
HVT,20170220,22.55,22.55,22.55,22.55,0
HVT.A,20170220,22.6,22.6,22.6,22.6,0
HXL,20170220,53.42,53.42,53.42,53.42,0
HY,20170220,63.23,63.23,63.23,63.23,0
HYB,20170220,9.39,9.39,9.39,9.39,0
HYI,20170220,15.27,15.27,15.27,15.27,0
HYT,20170220,10.99,10.99,10.99,10.99,0
HZN,20170220,19.3,19.3,19.3,19.3,0
HZO,20170220,22.7,22.7,22.7,22.7,0
I,20170220,4.18,4.18,4.18,4.18,0
IAE,20170220,9.65,9.65,9.65,9.65,0
IAG,20170220,4.54,4.54,4.54,4.54,0
IBA,20170220,46.7,46.7,46.7,46.7,0
IBM,20170220,180.67,180.67,180.67,180.67,0
IBN,20170220,7.6545,7.6545,7.6545,7.6545,0
IBP,20170220,41.4,41.4,41.4,41.4,0
ICD,20170220,5.8,5.8,5.8,5.8,0
ICE,20170220,58.4,58.4,58.4,58.4,0
ICL,20170220,4.58,4.58,4.58,4.58,0
IDA,20170220,80,80,80,80,0
IDE,20170220,13.71,13.71,13.71,13.71,0
IDT,20170220,19.72,19.72,19.72,19.72,0
IEX,20170220,92.38,92.38,92.38,92.38,0
IFF,20170220,122.37,122.37,122.37,122.37,0
IFN,20170220,22.94,22.94,22.94,22.94,0
IGA,20170220,10.25,10.25,10.25,10.25,0
IGD,20170220,7.22,7.22,7.22,7.22,0
IGI,20170220,20.88,20.88,20.88,20.88,0
IGR,20170220,7.48,7.48,7.48,7.48,0
IGT,20170220,27.2,27.2,27.2,27.2,0
IHC,20170220,17.8,17.8,17.8,17.8,0
IHD,20170220,8.24,8.24,8.24,8.24,0
IHG,20170220,48.2,48.2,48.2,48.2,0
IHIT,20170220,10.04,10.04,10.04,10.04,0
IID,20170220,6.63,6.63,6.63,6.63,0
IIF,20170220,29,29,29,29,0
IIM,20170220,14.63,14.63,14.63,14.63,0
IIPR,20170220,17.75,17.75,17.75,17.75,0
IMAX,20170220,31.45,31.45,31.45,31.45,0
INF,20170220,13.77,13.77,13.77,13.77,0
INFY,20170220,7.44,7.44,7.44,7.44,0
ING,20170220,14.37,14.37,14.37,14.37,0
INGR,20170220,120.79,120.79,120.79,120.79,0
INN,20170220,15.94,15.94,15.94,15.94,0
INN-D,20170220,24.78,24.78,24.78,24.78,0
INSI,20170220,19.11,19.11,19.11,19.11,0
INST,20170220,23.55,23.55,23.55,23.55,0
INSW,20170220,18.51,18.51,18.51,18.51,0
INT,20170220,38.32,38.32,38.32,38.32,0
INVH,20170220,21.15,21.15,21.15,21.15,0
INXN,20170220,38.41,38.41,38.41,38.41,0
IO,20170220,4.75,4.75,4.75,4.75,0
IP,20170220,52.15,52.15,52.15,52.15,0
IPG,20170220,24.5,24.5,24.5,24.5,0
IPHI,20170220,50.61,50.61,50.61,50.61,0
IPI,20170220,2.22,2.22,2.22,2.22,0
IQI,20170220,12.27,12.27,12.27,12.27,0
IR,20170220,80.99,80.99,80.99,80.99,0
IRET,20170220,6.53,6.53,6.53,6.53,0
IRL,20170220,12.5,12.5,12.5,12.5,0
IRM,20170220,37.15,37.15,37.15,37.15,0
IRR,20170220,6.36,6.36,6.36,6.36,0
IRS,20170220,22.55,22.55,22.55,22.55,0
ISD,20170220,15.62,15.62,15.62,15.62,0
ISG,20170220,25.51,25.51,25.51,25.51,0
IT,20170220,103.13,103.13,103.13,103.13,0
ITCB,20170220,12.19,12.19,12.19,12.19,0
ITGR,20170220,35.55,35.55,35.55,35.55,0
ITT,20170220,42.01,42.01,42.01,42.01,0
ITUB,20170220,8.74,8.74,8.74,8.74,0
ITW,20170220,130.31,130.31,130.31,130.31,0
IVC,20170220,12.05,12.05,12.05,12.05,0
IVH,20170220,15.1,15.1,15.1,15.1,0
IVR,20170220,15.52,15.52,15.52,15.52,0
IVR-A,20170220,25.1,25.1,25.1,25.1,0
IVR-B,20170220,25.24,25.24,25.24,25.24,0
IVZ,20170220,32.54,32.54,32.54,32.54,0
IX,20170220,77.9,77.9,77.9,77.9,0
JAX,20170220,10,10,10,10,0
JBK,20170220,22.73,22.73,22.73,22.73,0
JBL,20170220,25.91,25.91,25.91,25.91,0
JBN,20170220,17.09,17.09,17.09,17.09,0
JBR,20170220,17.96,17.96,17.96,17.96,0
JBT,20170220,85,85,85,85,0
JCAP,20170220,21.45,21.45,21.45,21.45,0
JCE,20170220,14,14,14,14,0
JCI,20170220,41.91,41.91,41.91,41.91,0
JCP,20170220,7.03,7.03,7.03,7.03,0
JDD,20170220,12.05,12.05,12.05,12.05,0
JE,20170220,5.85,5.85,5.85,5.85,0
JE-A,20170220,24.9,24.9,24.9,24.9,0
JELD,20170220,29.48,29.48,29.48,29.48,0
JEQ,20170220,7.78,7.78,7.78,7.78,0
JFR,20170220,12.1,12.1,12.1,12.1,0
JGH,20170220,16.66,16.66,16.66,16.66,0
JHB,20170220,10,10,10,10,0
JHI,20170220,17.29,17.29,17.29,17.29,0
JHS,20170220,14.56,14.56,14.56,14.56,0
JHX,20170220,14.41,14.41,14.41,14.41,0
JHY,20170220,10.16,10.16,10.16,10.16,0
JKS,20170220,16.77,16.77,16.77,16.77,0
JLL,20170220,116.28,116.28,116.28,116.28,0
JLS,20170220,24.45,24.45,24.45,24.45,0
JMEI,20170220,4.12,4.12,4.12,4.12,0
JMF,20170220,13.95,13.95,13.95,13.95,0
JMLP,20170220,10.59,10.59,10.59,10.59,0
JMM,20170220,7.4,7.4,7.4,7.4,0
JMP,20170220,6.63,6.63,6.63,6.63,0
JNJ,20170220,118.86,118.86,118.86,118.86,0
JNPR,20170220,28.39,28.39,28.39,28.39,0
JOE,20170220,17.15,17.15,17.15,17.15,0
JOF,20170220,10.47,10.47,10.47,10.47,0
JP,20170220,8.64,8.64,8.64,8.64,0
JPC,20170220,9.96,9.96,9.96,9.96,0
JPI,20170220,23.68,23.68,23.68,23.68,0
JPM,20170220,90.23,90.23,90.23,90.23,0
JPM-D,20170220,25.12,25.12,25.12,25.12,0
JPM-F,20170220,26.04,26.04,26.04,26.04,0
JPM-G,20170220,25.97,25.97,25.97,25.97,0
JPM-H,20170220,26.11,26.11,26.11,26.11,0
JPS,20170220,9.53,9.53,9.53,9.53,0
JPT,20170220,25.21,25.21,25.21,25.21,0
JQC,20170220,8.83,8.83,8.83,8.83,0
JRI,20170220,16.76,16.76,16.76,16.76,0
JRO,20170220,12.59,12.59,12.59,12.59,0
JRS,20170220,11.1,11.1,11.1,11.1,0
JSD,20170220,18.2,18.2,18.2,18.2,0
JTA,20170220,12.05,12.05,12.05,12.05,0
JTD,20170220,14.62,14.62,14.62,14.62,0
JW.A,20170220,56.75,56.75,56.75,56.75,0
JW.B,20170220,56.29,56.29,56.29,56.29,0
JWN,20170220,45.69,45.69,45.69,45.69,0
K,20170220,72.9,72.9,72.9,72.9,0
KAI,20170220,62.15,62.15,62.15,62.15,0
KAMN,20170220,51.93,51.93,51.93,51.93,0
KAR,20170220,17.6061,17.6061,17.6061,17.6061,0
KB,20170220,41.37,41.37,41.37,41.37,0
KBH,20170220,16.75,16.75,16.75,16.75,0
KBR,20170220,16.5,16.5,16.5,16.5,0
KDMN,20170220,4,4,4,4,0
KEM,20170220,8.06,8.06,8.06,8.06,0
KEN,20170220,10.79,10.79,10.79,10.79,0
KEP,20170220,17.81,17.81,17.81,17.81,0
KEX,20170220,71.3,71.3,71.3,71.3,0
KEY,20170220,18.96,18.96,18.96,18.96,0
KEY-I,20170220,27.83,27.83,27.83,27.83,0
KEYS,20170220,37.92,37.92,37.92,37.92,0
KF,20170220,34.5,34.5,34.5,34.5,0
KFS,20170220,6.15,6.15,6.15,6.15,0
KFY,20170220,30.61,30.61,30.61,30.61,0
KGC,20170220,3.88,3.88,3.88,3.88,0
KIM,20170220,24.33,24.33,24.33,24.33,0
KIO,20170220,16.75,16.75,16.75,16.75,0
KKR,20170220,18.25,18.25,18.25,18.25,0
KKR-A,20170220,26.72,26.72,26.72,26.72,0
KKR-B,20170220,26.1,26.1,26.1,26.1,0
KMB,20170220,131.93,131.93,131.93,131.93,0
KMF,20170220,16.37,16.37,16.37,16.37,0
KMI,20170220,21.77,21.77,21.77,21.77,0
KMPR,20170220,43.7,43.7,43.7,43.7,0
KMT,20170220,38.83,38.83,38.83,38.83,0
KMX,20170220,67.02,67.02,67.02,67.02,0
KN,20170220,19.42,19.42,19.42,19.42,0
KNL,20170220,22.77,22.77,22.77,22.77,0
KNOP,20170220,22.1,22.1,22.1,22.1,0
KNX,20170220,32.8,32.8,32.8,32.8,0
KO,20170220,41.23,41.23,41.23,41.23,0
KODK,20170220,14.5,14.5,14.5,14.5,0
KOF,20170220,63.88,63.88,63.88,63.88,0
KOP,20170220,42.85,42.85,42.85,42.85,0
KOS,20170220,5.91,5.91,5.91,5.91,0
KR,20170220,34.01,34.01,34.01,34.01,0
KRA,20170220,26.95,26.95,26.95,26.95,0
KRC,20170220,75.96,75.96,75.96,75.96,0
KRG,20170220,23.35,23.35,23.35,23.35,0
KRO,20170220,14.24,14.24,14.24,14.24,0
KRP,20170220,19.75,19.75,19.75,19.75,0
KSM,20170220,12.36,12.36,12.36,12.36,0
KSS,20170220,41.97,41.97,41.97,41.97,0
KSU,20170220,86.89,86.89,86.89,86.89,0
KSU.P,20170220,28.97,28.97,28.97,28.97,0
KT,20170220,15.57,15.57,15.57,15.57,0
KTF,20170220,13.17,13.17,13.17,13.17,0
KTH,20170220,31.11,31.11,31.11,31.11,0
KTN,20170220,32.21,32.21,32.21,32.21,0
KTP,20170220,19.44,19.44,19.44,19.44,0
KW,20170220,21.3,21.3,21.3,21.3,0
KWR,20170220,132.79,132.79,132.79,132.79,0
KYN,20170220,21.5,21.5,21.5,21.5,0
KYN-F,20170220,25.47,25.47,25.47,25.47,0
L,20170220,46.98,46.98,46.98,46.98,0
LAD,20170220,100.24,100.24,100.24,100.24,0
LADR,20170220,13.85,13.85,13.85,13.85,0
LAZ,20170220,43.41,43.41,43.41,43.41,0
LB,20170220,57.51,57.51,57.51,57.51,0
LC,20170220,28.15,28.15,28.15,28.15,0
LCI,20170220,22.4,22.4,22.4,22.4,0
LCII,20170220,108.95,108.95,108.95,108.95,0
LDL,20170220,59.35,59.35,59.35,59.35,0
LDOS,20170220,51.95,51.95,51.95,51.95,0
LDP,20170220,25.25,25.25,25.25,25.25,0
LEA,20170220,142.37,142.37,142.37,142.37,0
LEE,20170220,2.7,2.7,2.7,2.7,0
LEG,20170220,48.62,48.62,48.62,48.62,0
LEJU,20170220,3.88,3.88,3.88,3.88,0
LEN,20170220,46.46,46.46,46.46,46.46,0
LEN.B,20170220,37.73,37.73,37.73,37.73,0
LEO,20170220,8.62,8.62,8.62,8.62,0
LFC,20170220,15.56,15.56,15.56,15.56,0
LGF.A,20170220,27.52,27.52,27.52,27.52,0
LGF.B,20170220,25.81,25.81,25.81,25.81,0
LGI,20170220,14.63,14.63,14.63,14.63,0
LH,20170220,139.59,139.59,139.59,139.59,0
LII,20170220,162.53,162.53,162.53,162.53,0
LITB,20170220,3,3,3,3,0
LL,20170220,15.36,15.36,15.36,15.36,0
LLY,20170220,80.39,80.39,80.39,80.39,0
LM,20170220,36.7,36.7,36.7,36.7,0
LMHA,20170220,26.14,26.14,26.14,26.14,0
LMHB,20170220,23.11,23.11,23.11,23.11,0
LMT,20170220,265.35,265.35,265.35,265.35,0
LN,20170220,31.4,31.4,31.4,31.4,0
LNC,20170220,71.69,71.69,71.69,71.69,0
LND,20170220,3.9,3.9,3.9,3.9,0
LNN,20170220,78.42,78.42,78.42,78.42,0
LOW,20170220,76.74,76.74,76.74,76.74,0
LPG,20170220,9.36,9.36,9.36,9.36,0
LPI,20170220,14.12,14.12,14.12,14.12,0
LPL,20170220,12.39,12.39,12.39,12.39,0
LPT,20170220,39.05,39.05,39.05,39.05,0
LPX,20170220,24.56,24.56,24.56,24.56,0
LRN,20170220,18.24,18.24,18.24,18.24,0
LSI,20170220,85.52,85.52,85.52,85.52,0
LTC,20170220,46.71,46.71,46.71,46.71,0
LUB,20170220,3.61,3.61,3.61,3.61,0
LUV,20170220,57.32,57.32,57.32,57.32,0
LVS,20170220,52.03,52.03,52.03,52.03,0
LW,20170220,39.62,39.62,39.62,39.62,0
LXFR,20170220,11.28,11.28,11.28,11.28,0
LXP,20170220,11.17,11.17,11.17,11.17,0
LXP-C,20170220,50.01,50.01,50.01,50.01,0
LXU,20170220,9.48,9.48,9.48,9.48,0
LYB,20170220,92.91,92.91,92.91,92.91,0
LYG,20170220,3.36,3.36,3.36,3.36,0
LYV,20170220,29.69,29.69,29.69,29.69,0
LZB,20170220,29.1,29.1,29.1,29.1,0
M,20170220,32.3,32.3,32.3,32.3,0
MA,20170220,109.42,109.42,109.42,109.42,0
MAA,20170220,99.62,99.62,99.62,99.62,0
MAA-I,20170220,68,68,68,68,0
MAC,20170220,66.41,66.41,66.41,66.41,0
MAIN,20170220,37.26,37.26,37.26,37.26,0
MAN,20170220,97.35,97.35,97.35,97.35,0
MANU,20170220,16.95,16.95,16.95,16.95,0
MAS,20170220,33.52,33.52,33.52,33.52,0
MATX,20170220,36,36,36,36,0
MAV,20170220,10.94,10.94,10.94,10.94,0
MBI,20170220,10.25,10.25,10.25,10.25,0
MBT,20170220,10.33,10.33,10.33,10.33,0
MC,20170220,37.55,37.55,37.55,37.55,0
MCA,20170220,14.5,14.5,14.5,14.5,0
MCC,20170220,7.66,7.66,7.66,7.66,0
MCD,20170220,127.8,127.8,127.8,127.8,0
MCI,20170220,15.43,15.43,15.43,15.43,0
MCK,20170220,150.25,150.25,150.25,150.25,0
MCN,20170220,7.93,7.93,7.93,7.93,0
MCO,20170220,112.9,112.9,112.9,112.9,0
MCR,20170220,8.57,8.57,8.57,8.57,0
MCS,20170220,29.85,29.85,29.85,29.85,0
MCV,20170220,25.28,25.28,25.28,25.28,0
MCX,20170220,26.14,26.14,26.14,26.14,0
MCY,20170220,58.22,58.22,58.22,58.22,0
MD,20170220,70.07,70.07,70.07,70.07,0
MDC,20170220,28.39,28.39,28.39,28.39,0
MDLQ,20170220,25.18,25.18,25.18,25.18,0
MDLX,20170220,24.48,24.48,24.48,24.48,0
MDLY,20170220,10.05,10.05,10.05,10.05,0
MDP,20170220,63.35,63.35,63.35,63.35,0
MDT,20170220,78.88,78.88,78.88,78.88,0
MDU,20170220,26.29,26.29,26.29,26.29,0
MED,20170220,45.07,45.07,45.07,45.07,0
MEI,20170220,42.2,42.2,42.2,42.2,0
MEN,20170220,11.3,11.3,11.3,11.3,0
MER-K,20170220,25.77,25.77,25.77,25.77,0
MET,20170220,52.97,52.97,52.97,52.97,0
MET-A,20170220,24.96,24.96,24.96,24.96,0
MFA,20170220,7.98,7.98,7.98,7.98,0
MFA-B,20170220,24.93,24.93,24.93,24.93,0
MFC,20170220,18.95,18.95,18.95,18.95,0
MFD,20170220,12.48,12.48,12.48,12.48,0
MFG,20170220,3.72,3.72,3.72,3.72,0
MFL,20170220,14.39,14.39,14.39,14.39,0
MFM,20170220,6.96,6.96,6.96,6.96,0
MFO,20170220,25.42,25.42,25.42,25.42,0
MFT,20170220,14.14,14.14,14.14,14.14,0
MFV,20170220,5.75,5.75,5.75,5.75,0
MG,20170220,22.95,22.95,22.95,22.95,0
MGA,20170220,45.5,45.5,45.5,45.5,0
MGF,20170220,4.99,4.99,4.99,4.99,0
MGM,20170220,26.6,26.6,26.6,26.6,0
MGP,20170220,25.57,25.57,25.57,25.57,0
MGR,20170220,25.6,25.6,25.6,25.6,0
MGU,20170220,21.61,21.61,21.61,21.61,0
MH-A,20170220,26.04,26.04,26.04,26.04,0
MH-C,20170220,25.83,25.83,25.83,25.83,0
MHD,20170220,16.55,16.55,16.55,16.55,0
MHF,20170220,7.15,7.15,7.15,7.15,0
MHI,20170220,11.7,11.7,11.7,11.7,0
MHK,20170220,221.55,221.55,221.55,221.55,0
MHLA,20170220,25.69,25.69,25.69,25.69,0
MHN,20170220,13.58,13.58,13.58,13.58,0
MHNC,20170220,26.75,26.75,26.75,26.75,0
MHO,20170220,23.55,23.55,23.55,23.55,0
MIC,20170220,79.5,79.5,79.5,79.5,0
MIE,20170220,11.75,11.75,11.75,11.75,0
MIN,20170220,4.34,4.34,4.34,4.34,0
MIT-A,20170220,25.4,25.4,25.4,25.4,0
MIT-B,20170220,24.9,24.9,24.9,24.9,0
MITT,20170220,17.72,17.72,17.72,17.72,0
MIXT,20170220,7.37,7.37,7.37,7.37,0
MIY,20170220,13.5,13.5,13.5,13.5,0
MKC,20170220,97.59,97.59,97.59,97.59,0
MKC.V,20170220,96.58,96.58,96.58,96.58,0
MKL,20170220,964.71,964.71,964.71,964.71,0
MLI,20170220,42.47,42.47,42.47,42.47,0
MLM,20170220,217.55,217.55,217.55,217.55,0
MLP,20170220,7.9,7.9,7.9,7.9,0
MLR,20170220,25.15,25.15,25.15,25.15,0
MMC,20170220,73.52,73.52,73.52,73.52,0
MMD,20170220,18.81,18.81,18.81,18.81,0
MMI,20170220,27.51,27.51,27.51,27.51,0
MMM,20170220,182.95,182.95,182.95,182.95,0
MMP,20170220,80.17,80.17,80.17,80.17,0
MMS,20170220,58.73,58.73,58.73,58.73,0
MMT,20170220,6.14,6.14,6.14,6.14,0
MMU,20170220,13.72,13.72,13.72,13.72,0
MN,20170220,6.5,6.5,6.5,6.5,0
MNE,20170220,13.48,13.48,13.48,13.48,0
MNK,20170220,54.74,54.74,54.74,54.74,0
MNP,20170220,15.18,15.18,15.18,15.18,0
MNR,20170220,14.51,14.51,14.51,14.51,0
MNR-C,20170220,24.95,24.95,24.95,24.95,0
MO,20170220,72.97,72.97,72.97,72.97,0
MOD,20170220,11.45,11.45,11.45,11.45,0
MODN,20170220,10.8,10.8,10.8,10.8,0
MOG.A,20170220,67.2,67.2,67.2,67.2,0
MOG.B,20170220,66.75,66.75,66.75,66.75,0
MOH,20170220,48.23,48.23,48.23,48.23,0
MOS,20170220,33.59,33.59,33.59,33.59,0
MOV,20170220,25.75,25.75,25.75,25.75,0
MPA,20170220,14.33,14.33,14.33,14.33,0
MPC,20170220,50.02,50.02,50.02,50.02,0
MPLX,20170220,38.24,38.24,38.24,38.24,0
MPV,20170220,14.13,14.13,14.13,14.13,0
MPW,20170220,13.28,13.28,13.28,13.28,0
MPX,20170220,10.72,10.72,10.72,10.72,0
MQT,20170220,12.77,12.77,12.77,12.77,0
MQY,20170220,14.77,14.77,14.77,14.77,0
MRC,20170220,20.5,20.5,20.5,20.5,0
MRK,20170220,65.39,65.39,65.39,65.39,0
MRO,20170220,16.23,16.23,16.23,16.23,0
MS,20170220,46.15,46.15,46.15,46.15,0
MS-A,20170220,23.46,23.46,23.46,23.46,0
MS-E,20170220,29.16,29.16,29.16,29.16,0
MS-F,20170220,28.59,28.59,28.59,28.59,0
MS-I,20170220,27.38,27.38,27.38,27.38,0
MS-K,20170220,25.66,25.66,25.66,25.66,0
MSA,20170220,69.89,69.89,69.89,69.89,0
MSB,20170220,15.65,15.65,15.65,15.65,0
MSCI,20170220,94.27,94.27,94.27,94.27,0
MSD,20170220,9.4,9.4,9.4,9.4,0
MSG,20170220,175.3,175.3,175.3,175.3,0
MSGN,20170220,21.4,21.4,21.4,21.4,0
MSI,20170220,79.31,79.31,79.31,79.31,0
MSM,20170220,104.57,104.57,104.57,104.57,0
MT,20170220,27.33,27.33,27.33,27.33,0
MTB,20170220,167.91,167.91,167.91,167.91,0
MTD,20170220,471.55,471.55,471.55,471.55,0
MTDR,20170220,26.8,26.8,26.8,26.8,0
MTG,20170220,10.72,10.72,10.72,10.72,0
MTH,20170220,34.15,34.15,34.15,34.15,0
MTL,20170220,5.77,5.77,5.77,5.77,0
MTL.P,20170220,1.19,1.19,1.19,1.19,0
MTN,20170220,180,180,180,180,0
MTOR,20170220,15.73,15.73,15.73,15.73,0
MTR,20170220,13.3,13.3,13.3,13.3,0
MTRN,20170220,35.85,35.85,35.85,35.85,0
MTT,20170220,22.21,22.21,22.21,22.21,0
MTW,20170220,6.54,6.54,6.54,6.54,0
MTX,20170220,79.45,79.45,79.45,79.45,0
MTZ,20170220,37.8,37.8,37.8,37.8,0
MUA,20170220,14.19,14.19,14.19,14.19,0
MUC,20170220,14.14,14.14,14.14,14.14,0
MUE,20170220,13.2,13.2,13.2,13.2,0
MUH,20170220,15.05,15.05,15.05,15.05,0
MUI,20170220,13.86,13.86,13.86,13.86,0
MUJ,20170220,14.12,14.12,14.12,14.12,0
MUR,20170220,28.09,28.09,28.09,28.09,0
MUS,20170220,13.45,13.45,13.45,13.45,0
MUSA,20170220,65.1,65.1,65.1,65.1,0
MUX,20170220,4.13,4.13,4.13,4.13,0
MVC,20170220,8.68,8.68,8.68,8.68,0
MVO,20170220,6.28,6.28,6.28,6.28,0
MVT,20170220,15.83,15.83,15.83,15.83,0
MWA,20170220,12.65,12.65,12.65,12.65,0
MX,20170220,7.55,7.55,7.55,7.55,0
MXE,20170220,9.53,9.53,9.53,9.53,0
MXF,20170220,14.6,14.6,14.6,14.6,0
MXL,20170220,26.64,26.64,26.64,26.64,0
MYC,20170220,15.41,15.41,15.41,15.41,0
MYD,20170220,14.35,14.35,14.35,14.35,0
MYE,20170220,14,14,14,14,0
MYF,20170220,15.43,15.43,15.43,15.43,0
MYI,20170220,13.66,13.66,13.66,13.66,0
MYJ,20170220,15.27,15.27,15.27,15.27,0
MYN,20170220,12.84,12.84,12.84,12.84,0
MYOV,20170220,11.2,11.2,11.2,11.2,0
NAC,20170220,14.42,14.42,14.42,14.42,0
NAD,20170220,13.71,13.71,13.71,13.71,0
NAN,20170220,13.63,13.63,13.63,13.63,0
NAT,20170220,8.34,8.34,8.34,8.34,0
NAV,20170220,27.19,27.19,27.19,27.19,0
NAV-D,20170220,10.22,10.22,10.22,10.22,0
NAZ,20170220,13.98,13.98,13.98,13.98,0
NBB,20170220,20.62,20.62,20.62,20.62,0
NBHC,20170220,33.11,33.11,33.11,33.11,0
NBR,20170220,15.31,15.31,15.31,15.31,0
NC,20170220,63.15,63.15,63.15,63.15,0
NCA,20170220,10.09,10.09,10.09,10.09,0
NCB,20170220,16.92,16.92,16.92,16.92,0
NCR,20170220,46.78,46.78,46.78,46.78,0
NCV,20170220,6.88,6.88,6.88,6.88,0
NCZ,20170220,6.14,6.14,6.14,6.14,0
NDP,20170220,16.52,16.52,16.52,16.52,0
NE,20170220,6.97,6.97,6.97,6.97,0
NEA,20170220,13.21,13.21,13.21,13.21,0
NEE,20170220,126.86,126.86,126.86,126.86,0
NEE-I,20170220,23.59,23.59,23.59,23.59,0
NEE-J,20170220,23.65,23.65,23.65,23.65,0
NEE-K,20170220,23.69,23.69,23.69,23.69,0
NEM,20170220,37.01,37.01,37.01,37.01,0
NEP,20170220,30.79,30.79,30.79,30.79,0
NEU,20170220,441.27,441.27,441.27,441.27,0
NEV,20170220,14.07,14.07,14.07,14.07,0
NEWR,20170220,35.53,35.53,35.53,35.53,0
NFG,20170220,59.79,59.79,59.79,59.79,0
NFJ,20170220,13.1,13.1,13.1,13.1,0
NGG,20170220,59.89,59.89,59.89,59.89,0
NGL,20170220,23.2,23.2,23.2,23.2,0
NGL-A,20170220,27.79,27.79,27.79,27.79,0
NGS,20170220,28.15,28.15,28.15,28.15,0
NGVC,20170220,12.41,12.41,12.41,12.41,0
NGVT,20170220,55.48,55.48,55.48,55.48,0
NHA,20170220,9.69,9.69,9.69,9.69,0
NHF,20170220,23.46,23.46,23.46,23.46,0
NHI,20170220,74.31,74.31,74.31,74.31,0
NI,20170220,22.7,22.7,22.7,22.7,0
NID,20170220,13.08,13.08,13.08,13.08,0
NIE,20170220,19.35,19.35,19.35,19.35,0
NIM,20170220,9.81,9.81,9.81,9.81,0
NIQ,20170220,12.57,12.57,12.57,12.57,0
NJR,20170220,37.85,37.85,37.85,37.85,0
NKE,20170220,56.75,56.75,56.75,56.75,0
NKG,20170220,12.89,12.89,12.89,12.89,0
NKX,20170220,14.48,14.48,14.48,14.48,0
NL,20170220,5.95,5.95,5.95,5.95,0
NLS,20170220,17.4,17.4,17.4,17.4,0
NLSN,20170220,45.08,45.08,45.08,45.08,0
NLY,20170220,10.82,10.82,10.82,10.82,0
NLY-D,20170220,24.9,24.9,24.9,24.9,0
NM,20170220,19,19,19,19,0
NM-G,20170220,11.77,11.77,11.77,11.77,0
NM-H,20170220,11.39,11.39,11.39,11.39,0
NMFC,20170220,14.85,14.85,14.85,14.85,0
NMI,20170220,11.44,11.44,11.44,11.44,0
NMK-B,20170220,98.38,98.38,98.38,98.38,0
NMK-C,20170220,97.5,97.5,97.5,97.5,0
NMM,20170220,27.9,27.9,27.9,27.9,0
NMR,20170220,6.63,6.63,6.63,6.63,0
NMS,20170220,16.25,16.25,16.25,16.25,0
NMT,20170220,13.68,13.68,13.68,13.68,0
NMY,20170220,12.61,12.61,12.61,12.61,0
NMZ,20170220,12.93,12.93,12.93,12.93,0
NNA,20170220,28.2,28.2,28.2,28.2,0
NNI,20170220,50.91,50.91,50.91,50.91,0
NNN,20170220,44.72,44.72,44.72,44.72,0
NNN-F,20170220,23.04,23.04,23.04,23.04,0
NNY,20170220,9.53,9.53,9.53,9.53,0
NOA,20170220,5.5,5.5,5.5,5.5,0
NOAH,20170220,24.93,24.93,24.93,24.93,0
NOC,20170220,243.58,243.58,243.58,243.58,0
NOK,20170220,5.05,5.05,5.05,5.05,0
NOM,20170220,15.45,15.45,15.45,15.45,0
NOMD,20170220,10.62,10.62,10.62,10.62,0
NOV,20170220,39.31,39.31,39.31,39.31,0
NOW,20170220,92.74,92.74,92.74,92.74,0
NP,20170220,75.95,75.95,75.95,75.95,0
NPK,20170220,111.25,111.25,111.25,111.25,0
NPO,20170220,63.5,63.5,63.5,63.5,0
NPTN,20170220,12.02,12.02,12.02,12.02,0
NPV,20170220,13,13,13,13,0
NQP,20170220,13.12,13.12,13.12,13.12,0
NR,20170220,7.5,7.5,7.5,7.5,0
NRG,20170220,17.1,17.1,17.1,17.1,0
NRK,20170220,12.8,12.8,12.8,12.8,0
NRP,20170220,41.1,41.1,41.1,41.1,0
NRT,20170220,7.65,7.65,7.65,7.65,0
NRZ,20170220,16.18,16.18,16.18,16.18,0
NS,20170220,53.71,53.71,53.71,53.71,0
NS-A,20170220,27.18,27.18,27.18,27.18,0
NSA,20170220,23.7,23.7,23.7,23.7,0
NSC,20170220,122.78,122.78,122.78,122.78,0
NSL,20170220,7.04,7.04,7.04,7.04,0
NSP,20170220,42.15,42.15,42.15,42.15,0
NSS,20170220,26.2,26.2,26.2,26.2,0
NTB,20170220,33.01,33.01,33.01,33.01,0
NTG,20170220,21.16,21.16,21.16,21.16,0
NTP,20170220,7.45,7.45,7.45,7.45,0
NTX,20170220,14.05,14.05,14.05,14.05,0
NTZ,20170220,12.7,12.7,12.7,12.7,0
NUE,20170220,63.9,63.9,63.9,63.9,0
NUM,20170220,13.33,13.33,13.33,13.33,0
NUO,20170220,14.77,14.77,14.77,14.77,0
NUS,20170220,48.23,48.23,48.23,48.23,0
NUV,20170220,9.7,9.7,9.7,9.7,0
NUW,20170220,16.38,16.38,16.38,16.38,0
NVG,20170220,14.4,14.4,14.4,14.4,0
NVGS,20170220,11,11,11,11,0
NVO,20170220,35.46,35.46,35.46,35.46,0
NVR,20170220,1896.35,1896.35,1896.35,1896.35,0
NVRO,20170220,96.33,96.33,96.33,96.33,0
NVS,20170220,67.9074,67.9074,67.9074,67.9074,0
NVTA,20170220,9.54,9.54,9.54,9.54,0
NWE,20170220,57.62,57.62,57.62,57.62,0
NWHM,20170220,10.68,10.68,10.68,10.68,0
NWN,20170220,58.9,58.9,58.9,58.9,0
NX,20170220,19.25,19.25,19.25,19.25,0
NXC,20170220,15.19,15.19,15.19,15.19,0
NXJ,20170220,13.17,13.17,13.17,13.17,0
NXN,20170220,13.17,13.17,13.17,13.17,0
NXP,20170220,13.85,13.85,13.85,13.85,0
NXQ,20170220,13.42,13.42,13.42,13.42,0
NXR,20170220,14.12,14.12,14.12,14.12,0
NXRT,20170220,23.47,23.47,23.47,23.47,0
NYC-U,20170220,50,50,50,50,0
NYCB,20170220,15.19,15.19,15.19,15.19,0
NYT,20170220,15.45,15.45,15.45,15.45,0
NYV,20170220,14.75,14.75,14.75,14.75,0
NZF,20170220,14.17,14.17,14.17,14.17,0
O,20170220,60.8,60.8,60.8,60.8,0
OAK-A,20170220,24.3,24.3,24.3,24.3,0
OC,20170220,57.43,57.43,57.43,57.43,0
OCN,20170220,5.24,5.24,5.24,5.24,0
ODC,20170220,35.82,35.82,35.82,35.82,0
OEC,20170220,20.85,20.85,20.85,20.85,0
OFC,20170220,33.24,33.24,33.24,33.24,0
OFG,20170220,13.45,13.45,13.45,13.45,0
OFG-A,20170220,23.95,23.95,23.95,23.95,0
OFG-B,20170220,24,24,24,24,0
OFG-D,20170220,24.27,24.27,24.27,24.27,0
OGE,20170220,34.62,34.62,34.62,34.62,0
OGS,20170220,63.97,63.97,63.97,63.97,0
OHI,20170220,31.71,31.71,31.71,31.71,0
OI,20170220,19.48,19.48,19.48,19.48,0
OIA,20170220,7.59,7.59,7.59,7.59,0
OIB.C,20170220,6.38,6.38,6.38,6.38,0
OII,20170220,27.2,27.2,27.2,27.2,0
OIS,20170220,36.2,36.2,36.2,36.2,0
OKE,20170220,53.64,53.64,53.64,53.64,0
OLN,20170220,30.86,30.86,30.86,30.86,0
OLP,20170220,23.88,23.88,23.88,23.88,0
OMC,20170220,85.34,85.34,85.34,85.34,0
OMF,20170220,28.13,28.13,28.13,28.13,0
OMI,20170220,34.9,34.9,34.9,34.9,0
OMN,20170220,9.1,9.1,9.1,9.1,0
ONDK,20170220,4.89,4.89,4.89,4.89,0
OOMA,20170220,10.1,10.1,10.1,10.1,0
OPP,20170220,18.89,18.89,18.89,18.89,0
OPY,20170220,16.9,16.9,16.9,16.9,0
OR,20170220,11.73,11.73,11.73,11.73,0
ORA,20170220,56.54,56.54,56.54,56.54,0
ORAN,20170220,15.37,15.37,15.37,15.37,0
ORC,20170220,10.84,10.84,10.84,10.84,0
ORCL,20170220,42.06,42.06,42.06,42.06,0
ORI,20170220,20.63,20.63,20.63,20.63,0
ORN,20170220,9.93,9.93,9.93,9.93,0
OSB,20170220,29.23,29.23,29.23,29.23,0
OSG,20170220,5.02,5.02,5.02,5.02,0
OSK,20170220,68.16,68.16,68.16,68.16,0
OUT,20170220,27.04,27.04,27.04,27.04,0
OXM,20170220,56.46,56.46,56.46,56.46,0
OXY,20170220,66.27,66.27,66.27,66.27,0
PAA,20170220,31.05,31.05,31.05,31.05,0
PAC,20170220,86.19,86.19,86.19,86.19,0
PACD,20170220,3.14,3.14,3.14,3.14,0
PAG,20170220,52.06,52.06,52.06,52.06,0
PAGP,20170220,31.93,31.93,31.93,31.93,0
PAI,20170220,14.6,14.6,14.6,14.6,0
PAM,20170220,47.05,47.05,47.05,47.05,0
PANW,20170220,154.76,154.76,154.76,154.76,0
PAR,20170220,7,7,7,7,0
PAYC,20170220,53.38,53.38,53.38,53.38,0
PB,20170220,74.86,74.86,74.86,74.86,0
PBA,20170220,32.71,32.71,32.71,32.71,0
PBB,20170220,25.76,25.76,25.76,25.76,0
PBF,20170220,24.25,24.25,24.25,24.25,0
PBFX,20170220,20.95,20.95,20.95,20.95,0
PBH,20170220,56.15,56.15,56.15,56.15,0
PBI,20170220,13.39,13.39,13.39,13.39,0
PBI-B,20170220,25.78,25.78,25.78,25.78,0
PBR,20170220,10.77,10.77,10.77,10.77,0
PBR.A,20170220,10.04,10.04,10.04,10.04,0
PBT,20170220,9.63,9.63,9.63,9.63,0
PCF,20170220,8.67,8.67,8.67,8.67,0
PCG,20170220,63.92,63.92,63.92,63.92,0
PCI,20170220,20.56,20.56,20.56,20.56,0
PCK,20170220,9.58,9.58,9.58,9.58,0
PCM,20170220,10.14,10.14,10.14,10.14,0
PCN,20170220,15.72,15.72,15.72,15.72,0
PCQ,20170220,16.02,16.02,16.02,16.02,0
PDI,20170220,28.03,28.03,28.03,28.03,0
PDM,20170220,22.32,22.32,22.32,22.32,0
PDS,20170220,5.26,5.26,5.26,5.26,0
PDT,20170220,15.78,15.78,15.78,15.78,0
PE,20170220,31.82,31.82,31.82,31.82,0
PEB,20170220,28.81,28.81,28.81,28.81,0
PEB-C,20170220,25.18,25.18,25.18,25.18,0
PEB-D,20170220,25.41,25.41,25.41,25.41,0
PEG,20170220,43.49,43.49,43.49,43.49,0
PEI,20170220,17.25,17.25,17.25,17.25,0
PEI-B,20170220,25.36,25.36,25.36,25.36,0
PEI-C,20170220,25.58,25.58,25.58,25.58,0
PEN,20170220,78.75,78.75,78.75,78.75,0
PEO,20170220,19.81,19.81,19.81,19.81,0
PER,20170220,3.2,3.2,3.2,3.2,0
PFD,20170220,14.06,14.06,14.06,14.06,0
PFE,20170220,33.62,33.62,33.62,33.62,0
PFGC,20170220,23.85,23.85,23.85,23.85,0
PFH,20170220,18.72,18.72,18.72,18.72,0
PFL,20170220,10.91,10.91,10.91,10.91,0
PFN,20170220,9.82,9.82,9.82,9.82,0
PFO,20170220,11.65,11.65,11.65,11.65,0
PFS,20170220,26.53,26.53,26.53,26.53,0
PFSI,20170220,18.4,18.4,18.4,18.4,0
PG,20170220,91.09,91.09,91.09,91.09,0
PGP,20170220,16.86,16.86,16.86,16.86,0
PGR,20170220,38.57,38.57,38.57,38.57,0
PGRE,20170220,17.15,17.15,17.15,17.15,0
PGTI,20170220,11.4,11.4,11.4,11.4,0
PGZ,20170220,16.9,16.9,16.9,16.9,0
PH,20170220,153.89,153.89,153.89,153.89,0
PHD,20170220,12.22,12.22,12.22,12.22,0
PHG,20170220,29.57,29.57,29.57,29.57,0
PHI,20170220,28.75,28.75,28.75,28.75,0
PHK,20170220,8.78,8.78,8.78,8.78,0
PHM,20170220,21.4,21.4,21.4,21.4,0
PHT,20170220,9.89,9.89,9.89,9.89,0
PHX,20170220,20.55,20.55,20.55,20.55,0
PII,20170220,87.16,87.16,87.16,87.16,0
PIM,20170220,4.76,4.76,4.76,4.76,0
PIR,20170220,138.2,138.2,138.2,138.2,0
PIY,20170220,26.1,26.1,26.1,26.1,0
PJH,20170220,25.57,25.57,25.57,25.57,0
PJT,20170220,37.07,37.07,37.07,37.07,0
PK,20170220,27.02,27.02,27.02,27.02,0
PKD,20170220,35.25,35.25,35.25,35.25,0
PKE,20170220,19.03,19.03,19.03,19.03,0
PKG,20170220,95.26,95.26,95.26,95.26,0
PKI,20170220,55.94,55.94,55.94,55.94,0
PKO,20170220,24.27,24.27,24.27,24.27,0
PKX,20170220,62.06,62.06,62.06,62.06,0
PLD,20170220,50.19,50.19,50.19,50.19,0
PLNT,20170220,21.45,21.45,21.45,21.45,0
PLOW,20170220,33.7,33.7,33.7,33.7,0
PLT,20170220,54.57,54.57,54.57,54.57,0
PM,20170220,103.66,103.66,103.66,103.66,0
PMF,20170220,13.48,13.48,13.48,13.48,0
PML,20170220,12.53,12.53,12.53,12.53,0
PMM,20170220,7.41,7.41,7.41,7.41,0
PMO,20170220,12.31,12.31,12.31,12.31,0
PMT,20170220,16.94,16.94,16.94,16.94,0
PMX,20170220,11.18,11.18,11.18,11.18,0
PNC,20170220,126.86,126.86,126.86,126.86,0
PNC-P,20170220,28.24,28.24,28.24,28.24,0
PNC-Q,20170220,24.77,24.77,24.77,24.77,0
PNF,20170220,12.6,12.6,12.6,12.6,0
PNI,20170220,11.86,11.86,11.86,11.86,0
PNM,20170220,35.1,35.1,35.1,35.1,0
PNR,20170220,39.0301,39.0301,39.0301,39.0301,0
PNW,20170220,78.7,78.7,78.7,78.7,0
POL,20170220,34.2,34.2,34.2,34.2,0
POR,20170220,42.98,42.98,42.98,42.98,0
POST,20170220,83.35,83.35,83.35,83.35,0
PPG,20170220,102.37,102.37,102.37,102.37,0
PPL,20170220,35.63,35.63,35.63,35.63,0
PPR,20170220,5.54,5.54,5.54,5.54,0
PPT,20170220,5.27,5.27,5.27,5.27,0
PPX,20170220,25.4,25.4,25.4,25.4,0
PRA,20170220,56.55,56.55,56.55,56.55,0
PRE-F,20170220,25.06,25.06,25.06,25.06,0
PRE-G,20170220,25.97,25.97,25.97,25.97,0
PRE-H,20170220,28.09,28.09,28.09,28.09,0
PRE-I,20170220,25,25,25,25,0
PRGO,20170220,84.47,84.47,84.47,84.47,0
PRH,20170220,25.77,25.77,25.77,25.77,0
PRI,20170220,80.75,80.75,80.75,80.75,0
PRLB,20170220,55.6,55.6,55.6,55.6,0
PRO,20170220,22.99,22.99,22.99,22.99,0
PRTY,20170220,15.55,15.55,15.55,15.55,0
PRU,20170220,111.11,111.11,111.11,111.11,0
PSA,20170220,225.76,225.76,225.76,225.76,0
PSA-B,20170220,24.56,24.56,24.56,24.56,0
PSA-C,20170220,23.5,23.5,23.5,23.5,0
PSA-D,20170220,22.43,22.43,22.43,22.43,0
PSA-E,20170220,22.25,22.25,22.25,22.25,0
PSA-V,20170220,24.34,24.34,24.34,24.34,0
PSA-W,20170220,24.64,24.64,24.64,24.64,0
PSA-X,20170220,24.37,24.37,24.37,24.37,0
PSB,20170220,116.26,116.26,116.26,116.26,0
PSB-W,20170220,22.94,22.94,22.94,22.94,0
PSF,20170220,26.44,26.44,26.44,26.44,0
PSO,20170220,8.29,8.29,8.29,8.29,0
PSTG,20170220,11.95,11.95,11.95,11.95,0
PSX,20170220,78.66,78.66,78.66,78.66,0
PSXP,20170220,56.21,56.21,56.21,56.21,0
PTR,20170220,77.33,77.33,77.33,77.33,0
PTY,20170220,15.38,15.38,15.38,15.38,0
PUK,20170220,40.31,40.31,40.31,40.31,0
PUK-A,20170220,26.15,26.15,26.15,26.15,0
PUK.P,20170220,26.11,26.11,26.11,26.11,0
PVG,20170220,11.31,11.31,11.31,11.31,0
PVH,20170220,90.32,90.32,90.32,90.32,0
PWR,20170220,37.24,37.24,37.24,37.24,0
PXD,20170220,192,192,192,192,0
PYN,20170220,10,10,10,10,0
PYS,20170220,23.35,23.35,23.35,23.35,0
PYT,20170220,20.6,20.6,20.6,20.6,0
PZC,20170220,11.8,11.8,11.8,11.8,0
PZN,20170220,9.89,9.89,9.89,9.89,0
QEP,20170220,16.87,16.87,16.87,16.87,0
QHC,20170220,8.16,8.16,8.16,8.16,0
QSR,20170220,53.9,53.9,53.9,53.9,0
QTS,20170220,50.77,50.77,50.77,50.77,0
QTWO,20170220,36,36,36,36,0
QUAD,20170220,25.89,25.89,25.89,25.89,0
QUOT,20170220,12.85,12.85,12.85,12.85,0
R,20170220,77.17,77.17,77.17,77.17,0
RA,20170220,23.04,23.04,23.04,23.04,0
RACE,20170220,65.59,65.59,65.59,65.59,0
RAD,20170220,118.8,118.8,118.8,118.8,0
RBA,20170220,30.97,30.97,30.97,30.97,0
RBC,20170220,74.45,74.45,74.45,74.45,0
RBS,20170220,6.06,6.06,6.06,6.06,0
RCI,20170220,43.95,43.95,43.95,43.95,0
RCL,20170220,95.21,95.21,95.21,95.21,0
RCS,20170220,9.22,9.22,9.22,9.22,0
RDN,20170220,19,19,19,19,0
RDS.A,20170220,52.2,52.2,52.2,52.2,0
RDS.B,20170220,55.32,55.32,55.32,55.32,0
RDY,20170220,43.47,43.47,43.47,43.47,0
RE,20170220,235.12,235.12,235.12,235.12,0
RELX,20170220,18.78,18.78,18.78,18.78,0
RENN,20170220,8.32,8.32,8.32,8.32,0
RES,20170220,20.86,20.86,20.86,20.86,0
RESI,20170220,13.31,13.31,13.31,13.31,0
REV,20170220,35.05,35.05,35.05,35.05,0
REVG,20170220,27.59,27.59,27.59,27.59,0
REX,20170220,84.2,84.2,84.2,84.2,0
REX-A,20170220,24,24,24,24,0
REXR,20170220,22.92,22.92,22.92,22.92,0
RF,20170220,15.38,15.38,15.38,15.38,0
RF-A,20170220,25.76,25.76,25.76,25.76,0
RF-B,20170220,27.79,27.79,27.79,27.79,0
RFI,20170220,12.38,12.38,12.38,12.38,0
RFP,20170220,4.65,4.65,4.65,4.65,0
RGA,20170220,129.09,129.09,129.09,129.09,0
RGR,20170220,49.7,49.7,49.7,49.7,0
RGS,20170220,12.58,12.58,12.58,12.58,0
RGT,20170220,8.63,8.63,8.63,8.63,0
RH,20170220,26.82,26.82,26.82,26.82,0
RHI,20170220,48.59,48.59,48.59,48.59,0
RHP,20170220,64.58,64.58,64.58,64.58,0
RIG,20170220,13.16,13.16,13.16,13.16,0
RIO,20170220,45.5,45.5,45.5,45.5,0
RIV,20170220,19.76,19.76,19.76,19.76,0
RJF,20170220,78.86,78.86,78.86,78.86,0
RL,20170220,78.39,78.39,78.39,78.39,0
RLGY,20170220,27.19,27.19,27.19,27.19,0
RLH,20170220,8.05,8.05,8.05,8.05,0
RLI,20170220,59.43,59.43,59.43,59.43,0
RLJ,20170220,23.31,23.31,23.31,23.31,0
RM,20170220,21.55,21.55,21.55,21.55,0
RMAX,20170220,59.8,59.8,59.8,59.8,0
RMD,20170220,72.27,72.27,72.27,72.27,0
RMT,20170220,8.55,8.55,8.55,8.55,0
RNG,20170220,25.2,25.2,25.2,25.2,0
RNP,20170220,19.53,19.53,19.53,19.53,0
RNR,20170220,146.04,146.04,146.04,146.04,0
RNR-C,20170220,25.57,25.57,25.57,25.57,0
RNR-E,20170220,24.61,24.61,24.61,24.61,0
ROG,20170220,78.8,78.8,78.8,78.8,0
ROK,20170220,151.92,151.92,151.92,151.92,0
ROL,20170220,24.62,24.62,24.62,24.62,0
ROP,20170220,207.14,207.14,207.14,207.14,0
ROYT,20170220,1.71,1.71,1.71,1.71,0
RPAI,20170220,15.07,15.07,15.07,15.07,0
RPM,20170220,53.06,53.06,53.06,53.06,0
RPT,20170220,16.15,16.15,16.15,16.15,0
RPT-D,20170220,60.12,60.12,60.12,60.12,0
RQI,20170220,12.56,12.56,12.56,12.56,0
RRC,20170220,31.27,31.27,31.27,31.27,0
RRD,20170220,17.58,17.58,17.58,17.58,0
RRTS,20170220,181.25,181.25,181.25,181.25,0
RS,20170220,86.54,86.54,86.54,86.54,0
RSG,20170220,60.75,60.75,60.75,60.75,0
RST,20170220,7.78,7.78,7.78,7.78,0
RTN,20170220,152.86,152.86,152.86,152.86,0
RUBI,20170220,8.85,8.85,8.85,8.85,0
RVT,20170220,14.4,14.4,14.4,14.4,0
RWT,20170220,16.83,16.83,16.83,16.83,0
RXN,20170220,22.24,22.24,22.24,22.24,0
RY,20170220,75.63,75.63,75.63,75.63,0
RY-T,20170220,28.11,28.11,28.11,28.11,0
RYAM,20170220,12.81,12.81,12.81,12.81,0
RYI,20170220,11.65,11.65,11.65,11.65,0
RYN,20170220,28.41,28.41,28.41,28.41,0
RZA,20170220,29.07,29.07,29.07,29.07,0
RZB,20170220,27.78,27.78,27.78,27.78,0
S,20170220,9.3,9.3,9.3,9.3,0
SA,20170220,11.8,11.8,11.8,11.8,0
SAB,20170220,25.8,25.8,25.8,25.8,0
SAH,20170220,23.75,23.75,23.75,23.75,0
SAIC,20170220,87.63,87.63,87.63,87.63,0
SALT,20170220,7.05,7.05,7.05,7.05,0
SAM,20170220,169.75,169.75,169.75,169.75,0
SAN,20170220,5.46,5.46,5.46,5.46,0
SAN-B,20170220,24.1,24.1,24.1,24.1,0
SAP,20170220,92.46,92.46,92.46,92.46,0
SAR,20170220,22.86,22.86,22.86,22.86,0
SB,20170220,1.3,1.3,1.3,1.3,0
SB-C,20170220,16.74,16.74,16.74,16.74,0
SB-D,20170220,16.51,16.51,16.51,16.51,0
SBGL,20170220,8.64,8.64,8.64,8.64,0
SBH,20170220,22.77,22.77,22.77,22.77,0
SBNA,20170220,23.83,23.83,23.83,23.83,0
SBR,20170220,39.6,39.6,39.6,39.6,0
SBS,20170220,10.89,10.89,10.89,10.89,0
SC,20170220,14.28,14.28,14.28,14.28,0
SCCO,20170220,37.3,37.3,37.3,37.3,0
SCD,20170220,14.1,14.1,14.1,14.1,0
SCE-G,20170220,24.69,24.69,24.69,24.69,0
SCE-H,20170220,27,27,27,27,0
SCE-J,20170220,26.18,26.18,26.18,26.18,0
SCE-K,20170220,27.14,27.14,27.14,27.14,0
SCH-C,20170220,26.25,26.25,26.25,26.25,0
SCH-D,20170220,25.89,25.89,25.89,25.89,0
SCHW,20170220,41.55,41.55,41.55,41.55,0
SCI,20170220,31.32,31.32,31.32,31.32,0
SCL,20170220,78.06,78.06,78.06,78.06,0
SCM,20170220,13.98,13.98,13.98,13.98,0
SCS,20170220,16.1,16.1,16.1,16.1,0
SCX,20170220,11.05,11.05,11.05,11.05,0
SD,20170220,19.8,19.8,19.8,19.8,0
SDRL,20170220,519.4738,519.4738,519.4738,519.4738,0
SE,20170220,41.09,41.09,41.09,41.09,0
SEAS,20170220,19.21,19.21,19.21,19.21,0
SEE,20170220,47.76,47.76,47.76,47.76,0
SEM,20170220,12.7,12.7,12.7,12.7,0
SERV,20170220,38.41,38.41,38.41,38.41,0
SF,20170220,55.13,55.13,55.13,55.13,0
SF-A,20170220,26.02,26.02,26.02,26.02,0
SFE,20170220,12.8,12.8,12.8,12.8,0
SFL,20170220,14.55,14.55,14.55,14.55,0
SFUN,20170220,15.55,15.55,15.55,15.55,0
SGU,20170220,9.5,9.5,9.5,9.5,0
SHAK,20170220,37.21,37.21,37.21,37.21,0
SHG,20170220,41.42,41.42,41.42,41.42,0
SHI,20170220,61.26,61.26,61.26,61.26,0
SHLX,20170220,32.97,32.97,32.97,32.97,0
SHO,20170220,15.13,15.13,15.13,15.13,0
SHO-E,20170220,25.86,25.86,25.86,25.86,0
SHO-F,20170220,25,25,25,25,0
SHOP,20170220,61.52,61.52,61.52,61.52,0
SHW,20170220,311.35,311.35,311.35,311.35,0
SID,20170220,3.98,3.98,3.98,3.98,0
SIG,20170220,73.91,73.91,73.91,73.91,0
SITE,20170220,38.73,38.73,38.73,38.73,0
SIX,20170220,61.65,61.65,61.65,61.65,0
SJI,20170220,33.05,33.05,33.05,33.05,0
SJM,20170220,135.95,135.95,135.95,135.95,0
SJR,20170220,21.39,21.39,21.39,21.39,0
SJT,20170220,7.32,7.32,7.32,7.32,0
SJW,20170220,48.65,48.65,48.65,48.65,0
SKM,20170220,21.88,21.88,21.88,21.88,0
SKT,20170220,33.69,33.69,33.69,33.69,0
SKX,20170220,26.28,26.28,26.28,26.28,0
SLB,20170220,80.65,80.65,80.65,80.65,0
SLCA,20170220,56.94,56.94,56.94,56.94,0
SLF,20170220,38.08,38.08,38.08,38.08,0
SLG,20170220,111.28,111.28,111.28,111.28,0
SLG-I,20170220,25.4,25.4,25.4,25.4,0
SM,20170220,26.99,26.99,26.99,26.99,0
SMFG,20170220,7.98,7.98,7.98,7.98,0
SMG,20170220,93.91,93.91,93.91,93.91,0
SMLP,20170220,23.15,23.15,23.15,23.15,0
SMM,20170220,13.43,13.43,13.43,13.43,0
SMP,20170220,48.57,48.57,48.57,48.57,0
SNA,20170220,172.57,172.57,172.57,172.57,0
SNE,20170220,31.34,31.34,31.34,31.34,0
SNN,20170220,30.44,30.44,30.44,30.44,0
SNP,20170220,78.05,78.05,78.05,78.05,0
SNR,20170220,10.34,10.34,10.34,10.34,0
SNV,20170220,42.39,42.39,42.39,42.39,0
SNX,20170220,118.37,118.37,118.37,118.37,0
SO,20170220,47.8,47.8,47.8,47.8,0
SOJA,20170220,26.68,26.68,26.68,26.68,0
SOJB,20170220,23.52,23.52,23.52,23.52,0
SOL,20170220,3.11,3.11,3.11,3.11,0
SON,20170220,52.86,52.86,52.86,52.86,0
SOR,20170220,37.46,37.46,37.46,37.46,0
SPB,20170220,133.91,133.91,133.91,133.91,0
SPE,20170220,14.49,14.49,14.49,14.49,0
SPE-B,20170220,25.67,25.67,25.67,25.67,0
SPG,20170220,181.09,181.09,181.09,181.09,0
SPG-J,20170220,65.45,65.45,65.45,65.45,0
SPGI,20170220,130.39,130.39,130.39,130.39,0
SPH,20170220,27.4,27.4,27.4,27.4,0
SPL-A,20170220,22.55,22.55,22.55,22.55,0
SPLP,20170220,17.3,17.3,17.3,17.3,0
SPN,20170220,16.42,16.42,16.42,16.42,0
SPR,20170220,58.14,58.14,58.14,58.14,0
SPXC,20170220,24.84,24.84,24.84,24.84,0
SPXX,20170220,14.78,14.78,14.78,14.78,0
SQ,20170220,14.47,14.47,14.47,14.47,0
SQM,20170220,32,32,32,32,0
SQNS,20170220,2.43,2.43,2.43,2.43,0
SR,20170220,63.85,63.85,63.85,63.85,0
SRC,20170220,53.9,53.9,53.9,53.9,0
SRE,20170220,105.85,105.85,105.85,105.85,0
SRF,20170220,9.77,9.77,9.77,9.77,0
SRG,20170220,45.32,45.32,45.32,45.32,0
SRI,20170220,17.39,17.39,17.39,17.39,0
SRLP,20170220,27.25,27.25,27.25,27.25,0
SRT,20170220,8.5,8.5,8.5,8.5,0
SRV,20170220,14.57,14.57,14.57,14.57,0
SSD,20170220,44.17,44.17,44.17,44.17,0
SSI,20170220,2.64,2.64,2.64,2.64,0
SSL,20170220,28.48,28.48,28.48,28.48,0
SSTK,20170220,54.79,54.79,54.79,54.79,0
SSW,20170220,8.16,8.16,8.16,8.16,0
SSW-D,20170220,20.68,20.68,20.68,20.68,0
SSW-E,20170220,21.35,21.35,21.35,21.35,0
SSW-G,20170220,20.76,20.76,20.76,20.76,0
SSW-H,20170220,20.5,20.5,20.5,20.5,0
ST,20170220,41.54,41.54,41.54,41.54,0
STA-C,20170220,26.5,26.5,26.5,26.5,0
STA-D,20170220,25.04,25.04,25.04,25.04,0
STA-G,20170220,24.27,24.27,24.27,24.27,0
STA-I,20170220,24.29,24.29,24.29,24.29,0
STAG,20170220,24.17,24.17,24.17,24.17,0
STAR,20170220,11.77,11.77,11.77,11.77,0
STC,20170220,45.01,45.01,45.01,45.01,0
STE,20170220,68.55,68.55,68.55,68.55,0
STK,20170220,19.73,19.73,19.73,19.73,0
STL,20170220,25.1,25.1,25.1,25.1,0
STM,20170220,14.26,14.26,14.26,14.26,0
STN,20170220,27.5,27.5,27.5,27.5,0
STNG,20170220,43,43,43,43,0
STON,20170220,10.69,10.69,10.69,10.69,0
STOR,20170220,24.21,24.21,24.21,24.21,0
STT,20170220,80.67,80.67,80.67,80.67,0
STT-C,20170220,24.72,24.72,24.72,24.72,0
STT-D,20170220,27.38,27.38,27.38,27.38,0
STT-G,20170220,26.01,26.01,26.01,26.01,0
STWD,20170220,22.88,22.88,22.88,22.88,0
STZ,20170220,161.32,161.32,161.32,161.32,0
STZ.B,20170220,161.5,161.5,161.5,161.5,0
SU,20170220,32.17,32.17,32.17,32.17,0
SUI,20170220,80.93,80.93,80.93,80.93,0
SUM,20170220,23.74,23.74,23.74,23.74,0
SUN,20170220,28.04,28.04,28.04,28.04,0
SUP,20170220,23,23,23,23,0
SUPV,20170220,15.57,15.57,15.57,15.57,0
SWK,20170220,126.65,126.65,126.65,126.65,0
SWM,20170220,41.67,41.67,41.67,41.67,0
SWN,20170220,8.68,8.68,8.68,8.68,0
SWX,20170220,83.18,83.18,83.18,83.18,0
SWZ,20170220,10.93,10.93,10.93,10.93,0
SXC,20170220,9.99,9.99,9.99,9.99,0
SXI,20170220,95.45,95.45,95.45,95.45,0
SXT,20170220,79.45,79.45,79.45,79.45,0
SYF,20170220,36.68,36.68,36.68,36.68,0
SYK,20170220,126.34,126.34,126.34,126.34,0
SYX,20170220,7.99,7.99,7.99,7.99,0
SYY,20170220,52.35,52.35,52.35,52.35,0
SZC,20170220,18.4,18.4,18.4,18.4,0
T,20170220,41.48,41.48,41.48,41.48,0
TAC,20170220,5.7,5.7,5.7,5.7,0
TAL,20170220,83.61,83.61,83.61,83.61,0
TAP,20170220,101.59,101.59,101.59,101.59,0
TAP.A,20170220,101.74,101.74,101.74,101.74,0
TARO,20170220,116.71,116.71,116.71,116.71,0
TBI,20170220,25.9,25.9,25.9,25.9,0
TCI,20170220,20.57,20.57,20.57,20.57,0
TCO,20170220,67.5,67.5,67.5,67.5,0
TCO-J,20170220,25.33,25.33,25.33,25.33,0
TCO-K,20170220,25.1,25.1,25.1,25.1,0
TCP,20170220,62.92,62.92,62.92,62.92,0
TCRZ,20170220,25.71,25.71,25.71,25.71,0
TCS,20170220,4.31,4.31,4.31,4.31,0
TD,20170220,53.03,53.03,53.03,53.03,0
TDA,20170220,24.85,24.85,24.85,24.85,0
TDC,20170220,31.07,31.07,31.07,31.07,0
TDE,20170220,25.49,25.49,25.49,25.49,0
TDF,20170220,17.97,17.97,17.97,17.97,0
TDG,20170220,249.74,249.74,249.74,249.74,0
TDI,20170220,25.57,25.57,25.57,25.57,0
TDJ,20170220,25.48,25.48,25.48,25.48,0
TDOC,20170220,20.75,20.75,20.75,20.75,0
TDS,20170220,31.93,31.93,31.93,31.93,0
TDW,20170220,1.38,1.38,1.38,1.38,0
TDY,20170220,133.98,133.98,133.98,133.98,0
TECK,20170220,21.34,21.34,21.34,21.34,0
TEF,20170220,9.87,9.87,9.87,9.87,0
TEI,20170220,11.58,11.58,11.58,11.58,0
TEL,20170220,75.21,75.21,75.21,75.21,0
TEN,20170220,65.82,65.82,65.82,65.82,0
TEO,20170220,23.64,23.64,23.64,23.64,0
TEVA,20170220,35.2,35.2,35.2,35.2,0
TEX,20170220,32,32,32,32,0
TFX,20170220,179.91,179.91,179.91,179.91,0
TG,20170220,22.45,22.45,22.45,22.45,0
TGH,20170220,17.3,17.3,17.3,17.3,0
TGI,20170220,26.8,26.8,26.8,26.8,0
TGNA,20170220,15.6218,15.6218,15.6218,15.6218,0
TGP,20170220,18.65,18.65,18.65,18.65,0
TGP-A,20170220,24.99,24.99,24.99,24.99,0
TGS,20170220,11.32,11.32,11.32,11.32,0
TGT,20170220,65.79,65.79,65.79,65.79,0
THC,20170220,19.37,19.37,19.37,19.37,0
THG,20170220,90.46,90.46,90.46,90.46,0
THGA,20170220,25.28,25.28,25.28,25.28,0
THO,20170220,110.72,110.72,110.72,110.72,0
THQ,20170220,17.04,17.04,17.04,17.04,0
THR,20170220,20.27,20.27,20.27,20.27,0
THS,20170220,83.31,83.31,83.31,83.31,0
THW,20170220,14.2,14.2,14.2,14.2,0
TIF,20170220,86.18,86.18,86.18,86.18,0
TISI,20170220,34.75,34.75,34.75,34.75,0
TJX,20170220,38.595,38.595,38.595,38.595,0
TK,20170220,10.17,10.17,10.17,10.17,0
TKC,20170220,8.17,8.17,8.17,8.17,0
TKR,20170220,44.5,44.5,44.5,44.5,0
TLI,20170220,11.84,11.84,11.84,11.84,0
TLK,20170220,28.94,28.94,28.94,28.94,0
TLRD,20170220,22.65,22.65,22.65,22.65,0
TLYS,20170220,10.88,10.88,10.88,10.88,0
TM,20170220,113.7,113.7,113.7,113.7,0
TMHC,20170220,19.05,19.05,19.05,19.05,0
TMO,20170220,158.64,158.64,158.64,158.64,0
TMST,20170220,19.88,19.88,19.88,19.88,0
TNC,20170220,71.35,71.35,71.35,71.35,0
TNET,20170220,26.36,26.36,26.36,26.36,0
TNK,20170220,2.46,2.46,2.46,2.46,0
TNP,20170220,4.78,4.78,4.78,4.78,0
TNP-C,20170220,25.55,25.55,25.55,25.55,0
TNP-D,20170220,24.88,24.88,24.88,24.88,0
TOL,20170220,31.49,31.49,31.49,31.49,0
TOO-A,20170220,20.4,20.4,20.4,20.4,0
TOO-B,20170220,22.28,22.28,22.28,22.28,0
TOT,20170220,50.55,50.55,50.55,50.55,0
TPB,20170220,13.23,13.23,13.23,13.23,0
TPC,20170220,29.95,29.95,29.95,29.95,0
TPH,20170220,12.07,12.07,12.07,12.07,0
TPL,20170220,302.93,302.93,302.93,302.93,0
TPRE,20170220,12.15,12.15,12.15,12.15,0
TPVG,20170220,13.14,13.14,13.14,13.14,0
TPX,20170220,48.34,48.34,48.34,48.34,0
TPZ,20170220,22.24,22.24,22.24,22.24,0
TR,20170220,38.35,38.35,38.35,38.35,0
TRC,20170220,24.24,24.24,24.24,24.24,0
TREC,20170220,12.65,12.65,12.65,12.65,0
TREX,20170220,34.905,34.905,34.905,34.905,0
TRGP,20170220,58.69,58.69,58.69,58.69,0
TRI,20170220,44.94,44.94,44.94,44.94,0
TRN,20170220,28.84,28.84,28.84,28.84,0
TRNO,20170220,27.49,27.49,27.49,27.49,0
TROX,20170220,14.42,14.42,14.42,14.42,0
TRP,20170220,47.5,47.5,47.5,47.5,0
TRQ,20170220,3.47,3.47,3.47,3.47,0
TRTN,20170220,27.39,27.39,27.39,27.39,0
TRU,20170220,37.05,37.05,37.05,37.05,0
TRV,20170220,121.95,121.95,121.95,121.95,0
TS,20170220,33.7,33.7,33.7,33.7,0
TSE,20170220,68.85,68.85,68.85,68.85,0
TSI,20170220,5.44,5.44,5.44,5.44,0
TSLF,20170220,17.66,17.66,17.66,17.66,0
TSLX,20170220,19.29,19.29,19.29,19.29,0
TSM,20170220,32.34,32.34,32.34,32.34,0
TSN,20170220,65.26,65.26,65.26,65.26,0
TSQ,20170220,11.09,11.09,11.09,11.09,0
TSU,20170220,15.86,15.86,15.86,15.86,0
TTC,20170220,60.46,60.46,60.46,60.46,0
TTI,20170220,4.6,4.6,4.6,4.6,0
TTM,20170220,33.46,33.46,33.46,33.46,0
TTP,20170220,21.16,21.16,21.16,21.16,0
TU,20170220,33.55,33.55,33.55,33.55,0
TUP,20170220,58.4,58.4,58.4,58.4,0
TV,20170220,23.11,23.11,23.11,23.11,0
TVC,20170220,25.63,25.63,25.63,25.63,0
TVE,20170220,25.18,25.18,25.18,25.18,0
TWI,20170220,13.56,13.56,13.56,13.56,0
TWLO,20170220,32.35,32.35,32.35,32.35,0
TWN,20170220,17.72,17.72,17.72,17.72,0
TWO,20170220,9.13,9.13,9.13,9.13,0
TWTR,20170220,16.62,16.62,16.62,16.62,0
TX,20170220,23.56,23.56,23.56,23.56,0
TXT,20170220,48.35,48.35,48.35,48.35,0
TY,20170220,23.13,23.13,23.13,23.13,0
TY.P,20170220,49.4,49.4,49.4,49.4,0
TYG,20170220,36.08,36.08,36.08,36.08,0
TYL,20170220,154.05,154.05,154.05,154.05,0
UA,20170220,19.75,19.75,19.75,19.75,0
UAA,20170220,21.88,21.88,21.88,21.88,0
UAN,20170220,5.84,5.84,5.84,5.84,0
UBA,20170220,22.23,22.23,22.23,22.23,0
UBP,20170220,17.22,17.22,17.22,17.22,0
UBS,20170220,15.85,15.85,15.85,15.85,0
UDR,20170220,35.59,35.59,35.59,35.59,0
UE,20170220,28.08,28.08,28.08,28.08,0
UFI,20170220,28.03,28.03,28.03,28.03,0
UFS,20170220,39.83,39.83,39.83,39.83,0
UGI,20170220,47.46,47.46,47.46,47.46,0
UGP,20170220,10.98,10.98,10.98,10.98,0
UHS,20170220,122.95,122.95,122.95,122.95,0
UHT,20170220,63.51,63.51,63.51,63.51,0
UIS,20170220,13.5,13.5,13.5,13.5,0
UL,20170220,48.53,48.53,48.53,48.53,0
UMC,20170220,1.92,1.92,1.92,1.92,0
UMH,20170220,14.3,14.3,14.3,14.3,0
UMH-B,20170220,26.8,26.8,26.8,26.8,0
UN,20170220,48.79,48.79,48.79,48.79,0
UNF,20170220,130.95,130.95,130.95,130.95,0
UNH,20170220,157.62,157.62,157.62,157.62,0
UNM,20170220,48.51,48.51,48.51,48.51,0
UNP,20170220,109.82,109.82,109.82,109.82,0
UNT,20170220,26.09,26.09,26.09,26.09,0
UNVR,20170220,29.51,29.51,29.51,29.51,0
UPS,20170220,106.9,106.9,106.9,106.9,0
URI,20170220,126.03,126.03,126.03,126.03,0
USA,20170220,5.41,5.41,5.41,5.41,0
USAC,20170220,17.76,17.76,17.76,17.76,0
USB,20170220,54.88,54.88,54.88,54.88,0
USB-A,20170220,876.12,876.12,876.12,876.12,0
USB-H,20170220,23.85,23.85,23.85,23.85,0
USB-M,20170220,29.01,29.01,29.01,29.01,0
USB-O,20170220,25.41,25.41,25.41,25.41,0
USDP,20170220,14.35,14.35,14.35,14.35,0
USFD,20170220,27.62,27.62,27.62,27.62,0
USM,20170220,44.24,44.24,44.24,44.24,0
USNA,20170220,58.15,58.15,58.15,58.15,0
USPH,20170220,74.1,74.1,74.1,74.1,0
UTF,20170220,20.65,20.65,20.65,20.65,0
UTI,20170220,3.4,3.4,3.4,3.4,0
UTL,20170220,44.12,44.12,44.12,44.12,0
UTX,20170220,112.15,112.15,112.15,112.15,0
UVE,20170220,26.05,26.05,26.05,26.05,0
UVV,20170220,67.5,67.5,67.5,67.5,0
UZA,20170220,25.47,25.47,25.47,25.47,0
UZB,20170220,26.4,26.4,26.4,26.4,0
UZC,20170220,26.39,26.39,26.39,26.39,0
V,20170220,87.46,87.46,87.46,87.46,0
VAC,20170220,88.98,88.98,88.98,88.98,0
VAL,20170220,111,111,111,111,0
VALE,20170220,10.97,10.97,10.97,10.97,0
VAR,20170220,83.61,83.61,83.61,83.61,0
VBF,20170220,18.78,18.78,18.78,18.78,0
VCRA,20170220,19.87,19.87,19.87,19.87,0
VCV,20170220,12.29,12.29,12.29,12.29,0
VEC,20170220,23.34,23.34,23.34,23.34,0
VEDL,20170220,15.49,15.49,15.49,15.49,0
VEEV,20170220,43.86,43.86,43.86,43.86,0
VER,20170220,8.73,8.73,8.73,8.73,0
VER-F,20170220,25.85,25.85,25.85,25.85,0
VET,20170220,39.81,39.81,39.81,39.81,0
VFC,20170220,52.68,52.68,52.68,52.68,0
VGI,20170220,15.96,15.96,15.96,15.96,0
VGM,20170220,12.99,12.99,12.99,12.99,0
VGR,20170220,22.6,22.6,22.6,22.6,0
VHI,20170220,3.38,3.38,3.38,3.38,0
VIPS,20170220,12.16,12.16,12.16,12.16,0
VIV,20170220,15.07,15.07,15.07,15.07,0
VJET,20170220,3.15,3.15,3.15,3.15,0
VKQ,20170220,12.45,12.45,12.45,12.45,0
VLO,20170220,65.49,65.49,65.49,65.49,0
VLRS,20170220,13.64,13.64,13.64,13.64,0
VLT,20170220,14.54,14.54,14.54,14.54,0
VMC,20170220,119.33,119.33,119.33,119.33,0
VMI,20170220,143.4,143.4,143.4,143.4,0
VMO,20170220,13.03,13.03,13.03,13.03,0
VMW,20170220,91.22,91.22,91.22,91.22,0
VNCE,20170220,2.1,2.1,2.1,2.1,0
VNO,20170220,109.79,109.79,109.79,109.79,0
VNO-K,20170220,24.81,24.81,24.81,24.81,0
VNO-L,20170220,23.53,23.53,23.53,23.53,0
VOC,20170220,3.47,3.47,3.47,3.47,0
VOYA,20170220,41.9,41.9,41.9,41.9,0
VPG,20170220,17,17,17,17,0
VPV,20170220,12.19,12.19,12.19,12.19,0
VRS,20170220,8.27,8.27,8.27,8.27,0
VRTV,20170220,55.6,55.6,55.6,55.6,0
VSH,20170220,16.15,16.15,16.15,16.15,0
VSLR,20170220,3.3,3.3,3.3,3.3,0
VSTO,20170220,20.89,20.89,20.89,20.89,0
VTA,20170220,12.42,12.42,12.42,12.42,0
VTN,20170220,13.34,13.34,13.34,13.34,0
VTR,20170220,62.16,62.16,62.16,62.16,0
VVI,20170220,47.25,47.25,47.25,47.25,0
VVR,20170220,4.67,4.67,4.67,4.67,0
VVV,20170220,23.36,23.36,23.36,23.36,0
VZ,20170220,49.19,49.19,49.19,49.19,0
W,20170220,40.13,40.13,40.13,40.13,0
WAAS,20170220,17.06,17.06,17.06,17.06,0
WAB,20170220,87.77,87.77,87.77,87.77,0
WAL,20170220,52.41,52.41,52.41,52.41,0
WALA,20170220,25.37,25.37,25.37,25.37,0
WAT,20170220,154.33,154.33,154.33,154.33,0
WBAI,20170220,12.73,12.73,12.73,12.73,0
WBC,20170220,115.56,115.56,115.56,115.56,0
WBK,20170220,26,26,26,26,0
WBS,20170220,55.88,55.88,55.88,55.88,0
WCC,20170220,72.05,72.05,72.05,72.05,0
WCN,20170220,55.7333,55.7333,55.7333,55.7333,0
WD,20170220,40.02,40.02,40.02,40.02,0
WDR,20170220,18.52,18.52,18.52,18.52,0
WEA,20170220,13.84,13.84,13.84,13.84,0
WEC,20170220,57.54,57.54,57.54,57.54,0
WES,20170220,65.04,65.04,65.04,65.04,0
WEX,20170220,111,111,111,111,0
WF,20170220,35.81,35.81,35.81,35.81,0
WFC,20170220,58.09,58.09,58.09,58.09,0
WFC-L,20170220,1228,1228,1228,1228,0
WFC-N,20170220,24.58,24.58,24.58,24.58,0
WFC-O,20170220,24.47,24.47,24.47,24.47,0
WFC-P,20170220,24.63,24.63,24.63,24.63,0
WFC-Q,20170220,26.72,26.72,26.72,26.72,0
WFC-R,20170220,29.23,29.23,29.23,29.23,0
WFC-T,20170220,26.1,26.1,26.1,26.1,0
WFC-V,20170220,26.23,26.23,26.23,26.23,0
WFC-W,20170220,25.17,25.17,25.17,25.17,0
WFC-X,20170220,24.67,24.67,24.67,24.67,0
WGO,20170220,34.35,34.35,34.35,34.35,0
WHG,20170220,59.71,59.71,59.71,59.71,0
WHR,20170220,177.19,177.19,177.19,177.19,0
WIA,20170220,11.42,11.42,11.42,11.42,0
WIT,20170220,3.57,3.57,3.57,3.57,0
WIW,20170220,11.21,11.21,11.21,11.21,0
WK,20170220,13.25,13.25,13.25,13.25,0
WLH,20170220,18.01,18.01,18.01,18.01,0
WLK,20170220,61.66,61.66,61.66,61.66,0
WLKP,20170220,24.75,24.75,24.75,24.75,0
WLL,20170220,11.11,11.11,11.11,11.11,0
WM,20170220,72.45,72.45,72.45,72.45,0
WMB,20170220,28.2,28.2,28.2,28.2,0
WMC,20170220,10.39,10.39,10.39,10.39,0
WMK,20170220,61.41,61.41,61.41,61.41,0
WMS,20170220,22.4,22.4,22.4,22.4,0
WMT,20170220,69.37,69.37,69.37,69.37,0
WNC,20170220,20.53,20.53,20.53,20.53,0
WNS,20170220,28.62,28.62,28.62,28.62,0
WOR,20170220,49.86,49.86,49.86,49.86,0
WPC,20170220,63.3,63.3,63.3,63.3,0
WPG,20170220,9.4,9.4,9.4,9.4,0
WPG-H,20170220,25.36,25.36,25.36,25.36,0
WPG-I,20170220,25.31,25.31,25.31,25.31,0
WPX,20170220,13.52,13.52,13.52,13.52,0
WRB,20170220,47.04,47.04,47.04,47.04,0
WRB-B,20170220,24.25,24.25,24.25,24.25,0
WRB-C,20170220,25.4,25.4,25.4,25.4,0
WRB-D,20170220,24.63,24.63,24.63,24.63,0
WRE,20170220,32.89,32.89,32.89,32.89,0
WRI,20170220,35.77,35.77,35.77,35.77,0
WRK,20170220,52.66,52.66,52.66,52.66,0
WSM,20170220,48.05,48.05,48.05,48.05,0
WSO,20170220,152.48,152.48,152.48,152.48,0
WSO.B,20170220,153.02,153.02,153.02,153.02,0
WSR,20170220,14.1,14.1,14.1,14.1,0
WST,20170220,83.13,83.13,83.13,83.13,0
WTI,20170220,2.78,2.78,2.78,2.78,0
WTM,20170220,911.32,911.32,911.32,911.32,0
WTS,20170220,62.25,62.25,62.25,62.25,0
WU,20170220,19.82,19.82,19.82,19.82,0
WUBA,20170220,32.22,32.22,32.22,32.22,0
WWE,20170220,22.14,22.14,22.14,22.14,0
WWW,20170220,23.72,23.72,23.72,23.72,0
WY,20170220,33.52,33.52,33.52,33.52,0
X,20170220,39.8,39.8,39.8,39.8,0
XEC,20170220,132.02,132.02,132.02,132.02,0
XHR,20170220,18.23,18.23,18.23,18.23,0
XIN,20170220,5.03,5.03,5.03,5.03,0
XOM,20170220,81.76,81.76,81.76,81.76,0
XPO,20170220,49.22,49.22,49.22,49.22,0
XRX,20170220,29.76,29.76,29.76,29.76,0
XYL,20170220,47.8,47.8,47.8,47.8,0
Y,20170220,636.79,636.79,636.79,636.79,0
YELP,20170220,34.67,34.67,34.67,34.67,0
YPF,20170220,21.29,21.29,21.29,21.29,0
YRD,20170220,24.84,24.84,24.84,24.84,0
YUM,20170220,68.4,68.4,68.4,68.4,0
YUMC,20170220,26.57,26.57,26.57,26.57,0
ZAYO,20170220,30.83,30.83,30.83,30.83,0
ZBH,20170220,116.87,116.87,116.87,116.87,0
ZEN,20170220,27.89,27.89,27.89,27.89,0
ZNH,20170220,31.54,31.54,31.54,31.54,0
ZTO,20170220,14.01,14.01,14.01,14.01,0
ZTR,20170220,11.36,11.36,11.36,11.36,0
ZTS,20170220,52.51,52.51,52.51,52.51,0
