A,20170529,59.51,59.51,59.51,59.51,0
AA,20170529,33.27,33.27,33.27,33.27,0
AAN,20170529,35.93,35.93,35.93,35.93,0
AAP,20170529,134.16,134.16,134.16,134.16,0
AAT,20170529,39.43,39.43,39.43,39.43,0
AB,20170529,21.8,21.8,21.8,21.8,0
ABB,20170529,25,25,25,25,0
ABBV,20170529,66.06,66.06,66.06,66.06,0
ABC,20170529,91,91,91,91,0
ABEV,20170529,5.77,5.77,5.77,5.77,0
ABG,20170529,56.2,56.2,56.2,56.2,0
ABM,20170529,42.19,42.19,42.19,42.19,0
ABR,20170529,8.19,8.19,8.19,8.19,0
ABR-A,20170529,25.45,25.45,25.45,25.45,0
ABR-B,20170529,25.09,25.09,25.09,25.09,0
ABR-C,20170529,26,26,26,26,0
ABT,20170529,44.71,44.71,44.71,44.71,0
AC,20170529,34.2,34.2,34.2,34.2,0
ACC,20170529,47.28,47.28,47.28,47.28,0
ACCO,20170529,11.25,11.25,11.25,11.25,0
ACH,20170529,11.75,11.75,11.75,11.75,0
ACM,20170529,32.18,32.18,32.18,32.18,0
ACN,20170529,122.89,122.89,122.89,122.89,0
ACP,20170529,14.38,14.38,14.38,14.38,0
ACRE,20170529,13.12,13.12,13.12,13.12,0
ACV,20170529,20.44,20.44,20.44,20.44,0
ADC,20170529,46.01,46.01,46.01,46.01,0
ADM,20170529,42.45,42.45,42.45,42.45,0
ADNT,20170529,66.64,66.64,66.64,66.64,0
ADS,20170529,244.04,244.04,244.04,244.04,0
ADSW,20170529,22.96,22.96,22.96,22.96,0
ADX,20170529,14.23,14.23,14.23,14.23,0
AEB,20170529,25.28,25.28,25.28,25.28,0
AEE,20170529,56.15,56.15,56.15,56.15,0
AEG,20170529,4.91,4.91,4.91,4.91,0
AEL,20170529,24.92,24.92,24.92,24.92,0
AEM,20170529,49.13,49.13,49.13,49.13,0
AEO,20170529,11.5,11.5,11.5,11.5,0
AEP,20170529,70.87,70.87,70.87,70.87,0
AER,20170529,44.8,44.8,44.8,44.8,0
AES,20170529,11.79,11.79,11.79,11.79,0
AFB,20170529,13.63,13.63,13.63,13.63,0
AFC,20170529,25.57,25.57,25.57,25.57,0
AFG,20170529,98.84,98.84,98.84,98.84,0
AFGH,20170529,27.72,27.72,27.72,27.72,0
AFI,20170529,18.71,18.71,18.71,18.71,0
AFL,20170529,37.42,37.42,37.42,37.42,0
AFT,20170529,17.37,17.37,17.37,17.37,0
AG,20170529,8.71,8.71,8.71,8.71,0
AGCO,20170529,63.96,63.96,63.96,63.96,0
AGD,20170529,10.29,10.29,10.29,10.29,0
AGI,20170529,6.46,6.46,6.46,6.46,0
AGM,20170529,61.69,61.69,61.69,61.69,0
AGM-A,20170529,26.31,26.31,26.31,26.31,0
AGM-C,20170529,29.05,29.05,29.05,29.05,0
AGM.A,20170529,62.01,62.01,62.01,62.01,0
AGN,20170529,223.12,223.12,223.12,223.12,0
AGO,20170529,39.48,39.48,39.48,39.48,0
AGO-B,20170529,26.22,26.22,26.22,26.22,0
AGO-E,20170529,25.72,25.72,25.72,25.72,0
AGO-F,20170529,25.18,25.18,25.18,25.18,0
AGR,20170529,45.28,45.28,45.28,45.28,0
AGRO,20170529,11.39,11.39,11.39,11.39,0
AGX,20170529,60.8,60.8,60.8,60.8,0
AHC,20170529,5.5,5.5,5.5,5.5,0
AHH,20170529,13.08,13.08,13.08,13.08,0
AHL-C,20170529,28.2,28.2,28.2,28.2,0
AHL-D,20170529,25.15,25.15,25.15,25.15,0
AHT,20170529,6.3,6.3,6.3,6.3,0
AHT-D,20170529,25.43,25.43,25.43,25.43,0
AHT-F,20170529,25.04,25.04,25.04,25.04,0
AHT-G,20170529,24.66,24.66,24.66,24.66,0
AI,20170529,14.4,14.4,14.4,14.4,0
AI-B,20170529,23.6,23.6,23.6,23.6,0
AIC,20170529,23.65,23.65,23.65,23.65,0
AIF,20170529,16.55,16.55,16.55,16.55,0
AIG,20170529,63.55,63.55,63.55,63.55,0
AIG.W,20170529,21.64,21.64,21.64,21.64,0
AIN,20170529,47.75,47.75,47.75,47.75,0
AIR,20170529,34.61,34.61,34.61,34.61,0
AIT,20170529,61.65,61.65,61.65,61.65,0
AIV,20170529,43.18,43.18,43.18,43.18,0
AIW,20170529,24.49,24.49,24.49,24.49,0
AIZ,20170529,99.28,99.28,99.28,99.28,0
AJG,20170529,57.12,57.12,57.12,57.12,0
AJRD,20170529,21.69,21.69,21.69,21.69,0
AJX,20170529,13.83,13.83,13.83,13.83,0
AJXA,20170529,25.5,25.5,25.5,25.5,0
AKO.A,20170529,22.89,22.89,22.89,22.89,0
AKO.B,20170529,25.37,25.37,25.37,25.37,0
AKR,20170529,27.53,27.53,27.53,27.53,0
AKS,20170529,5.8,5.8,5.8,5.8,0
AL,20170529,37.51,37.51,37.51,37.51,0
ALB,20170529,112.86,112.86,112.86,112.86,0
ALE,20170529,73.15,73.15,73.15,73.15,0
ALEX,20170529,40.76,40.76,40.76,40.76,0
ALG,20170529,84.05,84.05,84.05,84.05,0
ALK,20170529,86.62,86.62,86.62,86.62,0
ALL,20170529,86.5,86.5,86.5,86.5,0
ALL-B,20170529,28.16,28.16,28.16,28.16,0
ALL-Y,20170529,25.71,25.71,25.71,25.71,0
ALLE,20170529,79.38,79.38,79.38,79.38,0
ALLY,20170529,19.11,19.11,19.11,19.11,0
ALSN,20170529,38.55,38.55,38.55,38.55,0
ALV,20170529,78.9768,78.9768,78.9768,78.9768,0
ALX,20170529,415.97,415.97,415.97,415.97,0
AM,20170529,34.28,34.28,34.28,34.28,0
AMC,20170529,24.7,24.7,24.7,24.7,0
AME,20170529,60.87,60.87,60.87,60.87,0
AMG,20170529,153.92,153.92,153.92,153.92,0
AMH,20170529,22.36,22.36,22.36,22.36,0
AMH-D,20170529,25.51,25.51,25.51,25.51,0
AMH-E,20170529,25.12,25.12,25.12,25.12,0
AMH-F,20170529,24.2,24.2,24.2,24.2,0
AMN,20170529,35.75,35.75,35.75,35.75,0
AMOV,20170529,16.2,16.2,16.2,16.2,0
AMP,20170529,122.3,122.3,122.3,122.3,0
AMRC,20170529,6.85,6.85,6.85,6.85,0
AMT,20170529,131.11,131.11,131.11,131.11,0
AMX,20170529,16.34,16.34,16.34,16.34,0
AN,20170529,39.27,39.27,39.27,39.27,0
ANET,20170529,146.45,146.45,146.45,146.45,0
ANF,20170529,13.22,13.22,13.22,13.22,0
ANH,20170529,5.98,5.98,5.98,5.98,0
ANH-A,20170529,26.25,26.25,26.25,26.25,0
ANH-B,20170529,29.07,29.07,29.07,29.07,0
ANH-C,20170529,24.82,24.82,24.82,24.82,0
ANTM,20170529,183.08,183.08,183.08,183.08,0
AOD,20170529,8.77,8.77,8.77,8.77,0
AON,20170529,130.01,130.01,130.01,130.01,0
AOS,20170529,54.07,54.07,54.07,54.07,0
AP,20170529,15.9,15.9,15.9,15.9,0
APA,20170529,48.19,48.19,48.19,48.19,0
APAM,20170529,28.4,28.4,28.4,28.4,0
APD,20170529,143.91,143.91,143.91,143.91,0
APH,20170529,74.8,74.8,74.8,74.8,0
APLE,20170529,18.84,18.84,18.84,18.84,0
APO,20170529,27.56,27.56,27.56,27.56,0
APO-A,20170529,25.87,25.87,25.87,25.87,0
APTS,20170529,15.76,15.76,15.76,15.76,0
AQN,20170529,10.26,10.26,10.26,10.26,0
AR,20170529,21.02,21.02,21.02,21.02,0
ARA,20170529,16.41,16.41,16.41,16.41,0
ARC,20170529,3.24,3.24,3.24,3.24,0
ARCH,20170529,72.27,72.27,72.27,72.27,0
ARCO,20170529,9.1,9.1,9.1,9.1,0
ARD,20170529,22.94,22.94,22.94,22.94,0
ARDC,20170529,16.23,16.23,16.23,16.23,0
ARE,20170529,117.27,117.27,117.27,117.27,0
ARE-A,20170529,26.32,26.32,26.32,26.32,0
ARES,20170529,18.45,18.45,18.45,18.45,0
ARI,20170529,18.99,18.99,18.99,18.99,0
ARL,20170529,7.63,7.63,7.63,7.63,0
ARMK,20170529,37.03,37.03,37.03,37.03,0
ARNC,20170529,27.42,27.42,27.42,27.42,0
AROC,20170529,11.05,11.05,11.05,11.05,0
ARR,20170529,25.91,25.91,25.91,25.91,0
ARR-B,20170529,24.7,24.7,24.7,24.7,0
ARW,20170529,74.9,74.9,74.9,74.9,0
ASA,20170529,11.99,11.99,11.99,11.99,0
ASB,20170529,24.3,24.3,24.3,24.3,0
ASB-C,20170529,26.24,26.24,26.24,26.24,0
ASB-D,20170529,24.58,24.58,24.58,24.58,0
ASC,20170529,7.45,7.45,7.45,7.45,0
ASG,20170529,4.73,4.73,4.73,4.73,0
ASGN,20170529,52.51,52.51,52.51,52.51,0
ASH,20170529,66.47,66.47,66.47,66.47,0
ASIX,20170529,29.42,29.42,29.42,29.42,0
ASPN,20170529,4.52,4.52,4.52,4.52,0
ASR,20170529,198.67,198.67,198.67,198.67,0
ASX,20170529,6.32,6.32,6.32,6.32,0
AT,20170529,2.45,2.45,2.45,2.45,0
ATEN,20170529,8.41,8.41,8.41,8.41,0
ATGE,20170529,37.4,37.4,37.4,37.4,0
ATH,20170529,49.14,49.14,49.14,49.14,0
ATHM,20170529,43.03,43.03,43.03,43.03,0
ATI,20170529,15.93,15.93,15.93,15.93,0
ATKR,20170529,21.5,21.5,21.5,21.5,0
ATO,20170529,82.85,82.85,82.85,82.85,0
ATR,20170529,84.37,84.37,84.37,84.37,0
ATTO,20170529,10.45,10.45,10.45,10.45,0
ATV,20170529,12.5,12.5,12.5,12.5,0
AU,20170529,11.64,11.64,11.64,11.64,0
AUY,20170529,2.76,2.76,2.76,2.76,0
AVA,20170529,42.58,42.58,42.58,42.58,0
AVAL,20170529,8.37,8.37,8.37,8.37,0
AVB,20170529,191.32,191.32,191.32,191.32,0
AVD,20170529,17.2,17.2,17.2,17.2,0
AVH,20170529,6.95,6.95,6.95,6.95,0
AVK,20170529,16.21,16.21,16.21,16.21,0
AVX,20170529,16.44,16.44,16.44,16.44,0
AVY,20170529,84.29,84.29,84.29,84.29,0
AWF,20170529,12.83,12.83,12.83,12.83,0
AWI,20170529,42,42,42,42,0
AWK,20170529,77.53,77.53,77.53,77.53,0
AWP,20170529,6.16,6.16,6.16,6.16,0
AWR,20170529,45.72,45.72,45.72,45.72,0
AXE,20170529,75.95,75.95,75.95,75.95,0
AXL,20170529,15.23,15.23,15.23,15.23,0
AXP,20170529,77.46,77.46,77.46,77.46,0
AXR,20170529,6.37,6.37,6.37,6.37,0
AXS,20170529,64.99,64.99,64.99,64.99,0
AXS-E,20170529,24.74,24.74,24.74,24.74,0
AXTA,20170529,31.74,31.74,31.74,31.74,0
AYI,20170529,164.87,164.87,164.87,164.87,0
AYR,20170529,22.38,22.38,22.38,22.38,0
AYX,20170529,19.83,19.83,19.83,19.83,0
AZN,20170529,33.85,33.85,33.85,33.85,0
AZO,20170529,615.62,615.62,615.62,615.62,0
AZRE,20170529,16.27,16.27,16.27,16.27,0
AZUL,20170529,23.32,23.32,23.32,23.32,0
AZZ,20170529,54.8,54.8,54.8,54.8,0
B,20170529,56.28,56.28,56.28,56.28,0
BA,20170529,186.59,186.59,186.59,186.59,0
BABA,20170529,123.99,123.99,123.99,123.99,0
BAC,20170529,23.24,23.24,23.24,23.24,0
BAC-A,20170529,26.49,26.49,26.49,26.49,0
BAC-C,20170529,26.61,26.61,26.61,26.61,0
BAC-E,20170529,23.59,23.59,23.59,23.59,0
BAC-L,20170529,1236,1236,1236,1236,0
BAF,20170529,14.84,14.84,14.84,14.84,0
BAH,20170529,39.24,39.24,39.24,39.24,0
BAK,20170529,20.49,20.49,20.49,20.49,0
BAM,20170529,38.04,38.04,38.04,38.04,0
BAN-D,20170529,26.94,26.94,26.94,26.94,0
BAN-E,20170529,26.66,26.66,26.66,26.66,0
BANC,20170529,20.25,20.25,20.25,20.25,0
BAP,20170529,169,169,169,169,0
BAX,20170529,58.64,58.64,58.64,58.64,0
BBD,20170529,7.1083,7.1083,7.1083,7.1083,0
BBDO,20170529,7.2083,7.2083,7.2083,7.2083,0
BBF,20170529,14.56,14.56,14.56,14.56,0
BBK,20170529,15.22,15.22,15.22,15.22,0
BBL,20170529,30.9,30.9,30.9,30.9,0
BBN,20170529,22.85,22.85,22.85,22.85,0
BBU,20170529,26.87,26.87,26.87,26.87,0
BBVA,20170529,8.36,8.36,8.36,8.36,0
BBW,20170529,11.6,11.6,11.6,11.6,0
BBY,20170529,58.97,58.97,58.97,58.97,0
BC,20170529,54.74,54.74,54.74,54.74,0
BCC,20170529,27,27,27,27,0
BCE,20170529,45.16,45.16,45.16,45.16,0
BCEI,20170529,37.19,37.19,37.19,37.19,0
BCH,20170529,25.9967,25.9967,25.9967,25.9967,0
BCO,20170529,62.7,62.7,62.7,62.7,0
BCRH,20170529,18.25,18.25,18.25,18.25,0
BCS,20170529,10.78,10.78,10.78,10.78,0
BCX,20170529,8.39,8.39,8.39,8.39,0
BDC,20170529,70.3,70.3,70.3,70.3,0
BDJ,20170529,8.64,8.64,8.64,8.64,0
BDN,20170529,17.44,17.44,17.44,17.44,0
BDX,20170529,186.48,186.48,186.48,186.48,0
BDXA,20170529,52.6,52.6,52.6,52.6,0
BEDU,20170529,11.32,11.32,11.32,11.32,0
BEN,20170529,41.7,41.7,41.7,41.7,0
BEP,20170529,31.74,31.74,31.74,31.74,0
BERY,20170529,58.6,58.6,58.6,58.6,0
BF.A,20170529,41.992,41.992,41.992,41.992,0
BF.B,20170529,41.384,41.384,41.384,41.384,0
BFAM,20170529,76.62,76.62,76.62,76.62,0
BFK,20170529,14.26,14.26,14.26,14.26,0
BFO,20170529,15.13,15.13,15.13,15.13,0
BFS,20170529,58.08,58.08,58.08,58.08,0
BFZ,20170529,14.35,14.35,14.35,14.35,0
BG,20170529,82.17,82.17,82.17,82.17,0
BGB,20170529,16.19,16.19,16.19,16.19,0
BGG,20170529,23.88,23.88,23.88,23.88,0
BGH,20170529,20.2,20.2,20.2,20.2,0
BGIO,20170529,10.01,10.01,10.01,10.01,0
BGR,20170529,13.4,13.4,13.4,13.4,0
BGS,20170529,40.2,40.2,40.2,40.2,0
BGT,20170529,14.48,14.48,14.48,14.48,0
BGX,20170529,16.5,16.5,16.5,16.5,0
BGY,20170529,6.27,6.27,6.27,6.27,0
BH,20170529,389.93,389.93,389.93,389.93,0
BHE,20170529,32,32,32,32,0
BHK,20170529,13.81,13.81,13.81,13.81,0
BHLB,20170529,36.75,36.75,36.75,36.75,0
BHP,20170529,35.84,35.84,35.84,35.84,0
BHVN,20170529,23.79,23.79,23.79,23.79,0
BIF,20170529,9.47,9.47,9.47,9.47,0
BIG,20170529,49.79,49.79,49.79,49.79,0
BIO,20170529,220.98,220.98,220.98,220.98,0
BIO.B,20170529,219.45,219.45,219.45,219.45,0
BIP,20170529,40.1,40.1,40.1,40.1,0
BIT,20170529,17.96,17.96,17.96,17.96,0
BITA,20170529,29.25,29.25,29.25,29.25,0
BK,20170529,47.41,47.41,47.41,47.41,0
BK-C,20170529,25.47,25.47,25.47,25.47,0
BKD,20170529,14,14,14,14,0
BKE,20170529,16.8,16.8,16.8,16.8,0
BKH,20170529,69.34,69.34,69.34,69.34,0
BKK,20170529,15.88,15.88,15.88,15.88,0
BKN,20170529,14.79,14.79,14.79,14.79,0
BKT,20170529,6.26,6.26,6.26,6.26,0
BKU,20170529,33.63,33.63,33.63,33.63,0
BLD,20170529,53.73,53.73,53.73,53.73,0
BLK,20170529,407.02,407.02,407.02,407.02,0
BLL,20170529,40.69,40.69,40.69,40.69,0
BLW,20170529,15.73,15.73,15.73,15.73,0
BLX,20170529,27.4,27.4,27.4,27.4,0
BMA,20170529,89.2,89.2,89.2,89.2,0
BME,20170529,35.03,35.03,35.03,35.03,0
BMI,20170529,39.1,39.1,39.1,39.1,0
BML-G,20170529,21.88,21.88,21.88,21.88,0
BML-H,20170529,21.73,21.73,21.73,21.73,0
BML-J,20170529,24.12,24.12,24.12,24.12,0
BML-L,20170529,23.08,23.08,23.08,23.08,0
BMO,20170529,67.79,67.79,67.79,67.79,0
BMY,20170529,53.97,53.97,53.97,53.97,0
BNED,20170529,9.42,9.42,9.42,9.42,0
BNS,20170529,56.4,56.4,56.4,56.4,0
BNY,20170529,14.56,14.56,14.56,14.56,0
BOE,20170529,13.3,13.3,13.3,13.3,0
BOH,20170529,78.27,78.27,78.27,78.27,0
BOOT,20170529,7.99,7.99,7.99,7.99,0
BOX,20170529,18.83,18.83,18.83,18.83,0
BP,20170529,36.41,36.41,36.41,36.41,0
BPT,20170529,20.2,20.2,20.2,20.2,0
BQH,20170529,14.2,14.2,14.2,14.2,0
BR,20170529,75.16,75.16,75.16,75.16,0
BRC,20170529,37.25,37.25,37.25,37.25,0
BRFS,20170529,14.19,14.19,14.19,14.19,0
BRK.A,20170529,248540,248540,248540,248540,0
BRK.B,20170529,165.69,165.69,165.69,165.69,0
BRO,20170529,21.435,21.435,21.435,21.435,0
BRT,20170529,8.03,8.03,8.03,8.03,0
BRX,20170529,18.53,18.53,18.53,18.53,0
BSAC,20170529,24.82,24.82,24.82,24.82,0
BSBR,20170529,7.76,7.76,7.76,7.76,0
BSD,20170529,13.74,13.74,13.74,13.74,0
BSE,20170529,13.31,13.31,13.31,13.31,0
BSL,20170529,18.3,18.3,18.3,18.3,0
BSM,20170529,16.53,16.53,16.53,16.53,0
BSMX,20170529,9.33,9.33,9.33,9.33,0
BST,20170529,22.8,22.8,22.8,22.8,0
BSX,20170529,27.32,27.32,27.32,27.32,0
BTA,20170529,11.79,11.79,11.79,11.79,0
BTE,20170529,3.13,3.13,3.13,3.13,0
BTO,20170529,34.47,34.47,34.47,34.47,0
BTT,20170529,23.16,23.16,23.16,23.16,0
BTU,20170529,24.76,24.76,24.76,24.76,0
BTZ,20170529,13.49,13.49,13.49,13.49,0
BUD,20170529,118.49,118.49,118.49,118.49,0
BUI,20170529,21.22,21.22,21.22,21.22,0
BURL,20170529,96.32,96.32,96.32,96.32,0
BVN,20170529,12.44,12.44,12.44,12.44,0
BW,20170529,110.3,110.3,110.3,110.3,0
BWA,20170529,40.99,40.99,40.99,40.99,0
BWG,20170529,13.09,13.09,13.09,13.09,0
BWXT,20170529,48.59,48.59,48.59,48.59,0
BX,20170529,32.58,32.58,32.58,32.58,0
BXC,20170529,9.52,9.52,9.52,9.52,0
BXMT,20170529,31.33,31.33,31.33,31.33,0
BXMX,20170529,14.04,14.04,14.04,14.04,0
BXP,20170529,121.35,121.35,121.35,121.35,0
BXP-B,20170529,25.75,25.75,25.75,25.75,0
BXS,20170529,29.2,29.2,29.2,29.2,0
BYD,20170529,25.19,25.19,25.19,25.19,0
BYM,20170529,14.19,14.19,14.19,14.19,0
BZH,20170529,12.9,12.9,12.9,12.9,0
C,20170529,62.07,62.07,62.07,62.07,0
C-J,20170529,29.92,29.92,29.92,29.92,0
C-K,20170529,29.15,29.15,29.15,29.15,0
C-N,20170529,26.18,26.18,26.18,26.18,0
C-S,20170529,26.68,26.68,26.68,26.68,0
CABO,20170529,713.76,713.76,713.76,713.76,0
CACI,20170529,127.2,127.2,127.2,127.2,0
CADE,20170529,22.29,22.29,22.29,22.29,0
CAE,20170529,16.27,16.27,16.27,16.27,0
CAF,20170529,20.89,20.89,20.89,20.89,0
CAG,20170529,39.03,39.03,39.03,39.03,0
CAH,20170529,73.1,73.1,73.1,73.1,0
CAI,20170529,19.92,19.92,19.92,19.92,0
CAJ,20170529,34.23,34.23,34.23,34.23,0
CAL,20170529,27.08,27.08,27.08,27.08,0
CALX,20170529,6.75,6.75,6.75,6.75,0
CAPL,20170529,23.75,23.75,23.75,23.75,0
CAT,20170529,105.66,105.66,105.66,105.66,0
CATO,20170529,20.6,20.6,20.6,20.6,0
CB,20170529,142.24,142.24,142.24,142.24,0
CBB,20170529,16.4,16.4,16.4,16.4,0
CBB-B,20170529,50.35,50.35,50.35,50.35,0
CBD,20170529,21.51,21.51,21.51,21.51,0
CBL,20170529,7.85,7.85,7.85,7.85,0
CBL-D,20170529,22.81,22.81,22.81,22.81,0
CBL-E,20170529,23.48,23.48,23.48,23.48,0
CBT,20170529,52.73,52.73,52.73,52.73,0
CBU,20170529,54.51,54.51,54.51,54.51,0
CBZ,20170529,15,15,15,15,0
CC,20170529,42.52,42.52,42.52,42.52,0
CCC,20170529,14.2,14.2,14.2,14.2,0
CCI,20170529,102.81,102.81,102.81,102.81,0
CCJ,20170529,9.53,9.53,9.53,9.53,0
CCK,20170529,57.05,57.05,57.05,57.05,0
CCL,20170529,63.36,63.36,63.36,63.36,0
CCM,20170529,3.54,3.54,3.54,3.54,0
CCO,20170529,3.6,3.6,3.6,3.6,0
CCS,20170529,25.25,25.25,25.25,25.25,0
CCU,20170529,26.45,26.45,26.45,26.45,0
CCZ,20170529,50.1,50.1,50.1,50.1,0
CDE,20170529,9.87,9.87,9.87,9.87,0
CDR,20170529,5.01,5.01,5.01,5.01,0
CDR-B,20170529,25.39,25.39,25.39,25.39,0
CE,20170529,87.11,87.11,87.11,87.11,0
CEA,20170529,28.78,28.78,28.78,28.78,0
CEE,20170529,21.98,21.98,21.98,21.98,0
CEL,20170529,9.79,9.79,9.79,9.79,0
CELP,20170529,7.17,7.17,7.17,7.17,0
CEM,20170529,16,16,16,16,0
CEN,20170529,11.79,11.79,11.79,11.79,0
CEO,20170529,116.03,116.03,116.03,116.03,0
CEQP,20170529,24.25,24.25,24.25,24.25,0
CF,20170529,28.13,28.13,28.13,28.13,0
CFG,20170529,34.64,34.64,34.64,34.64,0
CFR,20170529,92.38,92.38,92.38,92.38,0
CFR-A,20170529,25.52,25.52,25.52,25.52,0
CFX,20170529,40.6,40.6,40.6,40.6,0
CGA,20170529,1.23,1.23,1.23,1.23,0
CHA,20170529,48.95,48.95,48.95,48.95,0
CHCT,20170529,24.86,24.86,24.86,24.86,0
CHD,20170529,51.1,51.1,51.1,51.1,0
CHE,20170529,202.98,202.98,202.98,202.98,0
CHGG,20170529,11.97,11.97,11.97,11.97,0
CHH,20170529,65.6,65.6,65.6,65.6,0
CHK,20170529,5.29,5.29,5.29,5.29,0
CHK-D,20170529,57.97,57.97,57.97,57.97,0
CHKR,20170529,2.55,2.55,2.55,2.55,0
CHL,20170529,55.58,55.58,55.58,55.58,0
CHMI,20170529,18.33,18.33,18.33,18.33,0
CHN,20170529,18.14,18.14,18.14,18.14,0
CHS,20170529,9.37,9.37,9.37,9.37,0
CHT,20170529,35.66,35.66,35.66,35.66,0
CHU,20170529,14.34,14.34,14.34,14.34,0
CI,20170529,161.32,161.32,161.32,161.32,0
CIA,20170529,6.16,6.16,6.16,6.16,0
CIB,20170529,44.19,44.19,44.19,44.19,0
CIEN,20170529,23.8,23.8,23.8,23.8,0
CIF,20170529,2.71,2.71,2.71,2.71,0
CIG,20170529,2.33,2.33,2.33,2.33,0
CIG.C,20170529,2.43,2.43,2.43,2.43,0
CII,20170529,14.82,14.82,14.82,14.82,0
CIM,20170529,18.62,18.62,18.62,18.62,0
CIM-A,20170529,25.85,25.85,25.85,25.85,0
CIM-B,20170529,26.06,26.06,26.06,26.06,0
CINR,20170529,27.29,27.29,27.29,27.29,0
CIO,20170529,12.45,12.45,12.45,12.45,0
CIO-A,20170529,25.38,25.38,25.38,25.38,0
CIR,20170529,63.7,63.7,63.7,63.7,0
CIT,20170529,45.66,45.66,45.66,45.66,0
CKH,20170529,62.45,62.45,62.45,62.45,0
CL,20170529,75.45,75.45,75.45,75.45,0
CLB,20170529,102.71,102.71,102.71,102.71,0
CLDR,20170529,22.29,22.29,22.29,22.29,0
CLDT,20170529,19.16,19.16,19.16,19.16,0
CLF,20170529,6.14,6.14,6.14,6.14,0
CLGX,20170529,42.64,42.64,42.64,42.64,0
CLH,20170529,57.91,57.91,57.91,57.91,0
CLI,20170529,26.87,26.87,26.87,26.87,0
CLN-G,20170529,25.5,25.5,25.5,25.5,0
CLN-H,20170529,25.26,25.26,25.26,25.26,0
CLPR,20170529,10.91,10.91,10.91,10.91,0
CLR,20170529,39.61,39.61,39.61,39.61,0
CLS,20170529,13.78,13.78,13.78,13.78,0
CLW,20170529,46.95,46.95,46.95,46.95,0
CLX,20170529,134.99,134.99,134.99,134.99,0
CM,20170529,78.29,78.29,78.29,78.29,0
CMA,20170529,69.22,69.22,69.22,69.22,0
CMC,20170529,18.12,18.12,18.12,18.12,0
CMCM,20170529,12.24,12.24,12.24,12.24,0
CMD,20170529,76.6,76.6,76.6,76.6,0
CMG,20170529,480.15,480.15,480.15,480.15,0
CMI,20170529,156.64,156.64,156.64,156.64,0
CMO,20170529,10.55,10.55,10.55,10.55,0
CMO-E,20170529,25.09,25.09,25.09,25.09,0
CMP,20170529,64.95,64.95,64.95,64.95,0
CMR-B,20170529,23,23,23,23,0
CMR-C,20170529,24.1,24.1,24.1,24.1,0
CMR-D,20170529,24.42,24.42,24.42,24.42,0
CMRE,20170529,7.05,7.05,7.05,7.05,0
CMS,20170529,47.41,47.41,47.41,47.41,0
CMS-B,20170529,102.35,102.35,102.35,102.35,0
CMU,20170529,4.66,4.66,4.66,4.66,0
CNA,20170529,45.97,45.97,45.97,45.97,0
CNC,20170529,37.285,37.285,37.285,37.285,0
CNHI,20170529,11.43,11.43,11.43,11.43,0
CNI,20170529,77.01,77.01,77.01,77.01,0
CNK,20170529,40.49,40.49,40.49,40.49,0
CNO,20170529,20.49,20.49,20.49,20.49,0
CNP,20170529,28.33,28.33,28.33,28.33,0
CNQ,20170529,29.73,29.73,29.73,29.73,0
CNS,20170529,39.23,39.23,39.23,39.23,0
CNX,20170529,15.38,15.38,15.38,15.38,0
CO,20170529,9.09,9.09,9.09,9.09,0
CODI,20170529,16.25,16.25,16.25,16.25,0
COE,20170529,16.99,16.99,16.99,16.99,0
COF,20170529,79.79,79.79,79.79,79.79,0
COF-F,20170529,26.53,26.53,26.53,26.53,0
COF-G,20170529,24.03,24.03,24.03,24.03,0
COF-H,20170529,25.73,25.73,25.73,25.73,0
COF-P,20170529,25.43,25.43,25.43,25.43,0
COG,20170529,22.96,22.96,22.96,22.96,0
COO,20170529,217.46,217.46,217.46,217.46,0
COP,20170529,45.35,45.35,45.35,45.35,0
COR,20170529,102.95,102.95,102.95,102.95,0
COR-Z,20170529,24.8,24.8,24.8,24.8,0
CORR,20170529,34.98,34.98,34.98,34.98,0
COT,20170529,13.49,13.49,13.49,13.49,0
COTY,20170529,19.06,19.06,19.06,19.06,0
CP,20170529,158.85,158.85,158.85,158.85,0
CPA,20170529,111.69,111.69,111.69,111.69,0
CPAC,20170529,11.9,11.9,11.9,11.9,0
CPB,20170529,58.96,58.96,58.96,58.96,0
CPE,20170529,12.19,12.19,12.19,12.19,0
CPF,20170529,30.63,30.63,30.63,30.63,0
CPG,20170529,9.1,9.1,9.1,9.1,0
CPK,20170529,74.2,74.2,74.2,74.2,0
CPS,20170529,111.94,111.94,111.94,111.94,0
CPT,20170529,83.22,83.22,83.22,83.22,0
CR,20170529,77.12,77.12,77.12,77.12,0
CRC,20170529,11.85,11.85,11.85,11.85,0
CRCM,20170529,15.4,15.4,15.4,15.4,0
CRD.A,20170529,7.65,7.65,7.65,7.65,0
CRD.B,20170529,9.08,9.08,9.08,9.08,0
CRH,20170529,35.71,35.71,35.71,35.71,0
CRI,20170529,83.03,83.03,83.03,83.03,0
CRK,20170529,6.85,6.85,6.85,6.85,0
CRL,20170529,92.6,92.6,92.6,92.6,0
CRM,20170529,90.83,90.83,90.83,90.83,0
CRS,20170529,36.51,36.51,36.51,36.51,0
CRT,20170529,15.69,15.69,15.69,15.69,0
CRY,20170529,18.25,18.25,18.25,18.25,0
CS,20170529,14.48,14.48,14.48,14.48,0
CSL,20170529,102.06,102.06,102.06,102.06,0
CSLT,20170529,3.7,3.7,3.7,3.7,0
CSS,20170529,26.06,26.06,26.06,26.06,0
CSTM,20170529,6.65,6.65,6.65,6.65,0
CSU,20170529,14.57,14.57,14.57,14.57,0
CSV,20170529,26.22,26.22,26.22,26.22,0
CTAA,20170529,26.46,26.46,26.46,26.46,0
CTB,20170529,36.1,36.1,36.1,36.1,0
CTBB,20170529,24.74,24.74,24.74,24.74,0
CTDD,20170529,25.12,25.12,25.12,25.12,0
CTL,20170529,24.8,24.8,24.8,24.8,0
CTLT,20170529,35.99,35.99,35.99,35.99,0
CTR,20170529,13.01,13.01,13.01,13.01,0
CTS,20170529,20.85,20.85,20.85,20.85,0
CTT,20170529,11.42,11.42,11.42,11.42,0
CTV,20170529,25.88,25.88,25.88,25.88,0
CTY,20170529,24.63,24.63,24.63,24.63,0
CTZ,20170529,25.55,25.55,25.55,25.55,0
CUB,20170529,46.7,46.7,46.7,46.7,0
CUB-C,20170529,26.95,26.95,26.95,26.95,0
CUB-D,20170529,26.28,26.28,26.28,26.28,0
CUB-E,20170529,26.56,26.56,26.56,26.56,0
CUB-F,20170529,26.25,26.25,26.25,26.25,0
CUBE,20170529,25.06,25.06,25.06,25.06,0
CUBI,20170529,29.02,29.02,29.02,29.02,0
CUK,20170529,63.38,63.38,63.38,63.38,0
CUZ,20170529,34.12,34.12,34.12,34.12,0
CVA,20170529,14.65,14.65,14.65,14.65,0
CVE,20170529,9.38,9.38,9.38,9.38,0
CVEO,20170529,2.15,2.15,2.15,2.15,0
CVI,20170529,20.73,20.73,20.73,20.73,0
CVNA,20170529,10.73,10.73,10.73,10.73,0
CVS,20170529,76.64,76.64,76.64,76.64,0
CVX,20170529,104.72,104.72,104.72,104.72,0
CW,20170529,89.33,89.33,89.33,89.33,0
CWH,20170529,26.56,26.56,26.56,26.56,0
CWT,20170529,34.45,34.45,34.45,34.45,0
CX,20170529,8.38,8.38,8.38,8.38,0
CXE,20170529,5.16,5.16,5.16,5.16,0
CXH,20170529,10.1,10.1,10.1,10.1,0
CXO,20170529,131.28,131.28,131.28,131.28,0
CXP,20170529,21.67,21.67,21.67,21.67,0
CXW,20170529,30.09,30.09,30.09,30.09,0
CYD,20170529,17.99,17.99,17.99,17.99,0
CYH,20170529,9.36,9.36,9.36,9.36,0
CZZ,20170529,7.28,7.28,7.28,7.28,0
D,20170529,81.03,81.03,81.03,81.03,0
DAC,20170529,17.5,17.5,17.5,17.5,0
DAL,20170529,50.8,50.8,50.8,50.8,0
DAN,20170529,20.57,20.57,20.57,20.57,0
DAR,20170529,16.11,16.11,16.11,16.11,0
DB,20170529,18.46,18.46,18.46,18.46,0
DBD,20170529,26.8,26.8,26.8,26.8,0
DBL,20170529,25.11,25.11,25.11,25.11,0
DCI,20170529,46.68,46.68,46.68,46.68,0
DCO,20170529,31.98,31.98,31.98,31.98,0
DCP,20170529,35.66,35.66,35.66,35.66,0
DD,20170529,77.85,77.85,77.85,77.85,0
DDD,20170529,22.03,22.03,22.03,22.03,0
DDF,20170529,10.35,10.35,10.35,10.35,0
DDS,20170529,50.9,50.9,50.9,50.9,0
DDT,20170529,25.66,25.66,25.66,25.66,0
DE,20170529,122.79,122.79,122.79,122.79,0
DEA,20170529,19.84,19.84,19.84,19.84,0
DECK,20170529,67.21,67.21,67.21,67.21,0
DEI,20170529,38.01,38.01,38.01,38.01,0
DEO,20170529,121.37,121.37,121.37,121.37,0
DEX,20170529,11.44,11.44,11.44,11.44,0
DFIN,20170529,22.95,22.95,22.95,22.95,0
DFP,20170529,25.65,25.65,25.65,25.65,0
DFS,20170529,59.8,59.8,59.8,59.8,0
DG,20170529,72.32,72.32,72.32,72.32,0
DGX,20170529,107.98,107.98,107.98,107.98,0
DHF,20170529,3.55,3.55,3.55,3.55,0
DHI,20170529,33.11,33.11,33.11,33.11,0
DHR,20170529,84.4,84.4,84.4,84.4,0
DHT,20170529,4.27,4.27,4.27,4.27,0
DHX,20170529,2.8,2.8,2.8,2.8,0
DIAX,20170529,16.26,16.26,16.26,16.26,0
DIN,20170529,47.25,47.25,47.25,47.25,0
DIS,20170529,108.41,108.41,108.41,108.41,0
DK,20170529,25.42,25.42,25.42,25.42,0
DKL,20170529,30.7,30.7,30.7,30.7,0
DKS,20170529,42.05,42.05,42.05,42.05,0
DL,20170529,9.32,9.32,9.32,9.32,0
DLB,20170529,51,51,51,51,0
DLN-A,20170529,26.02,26.02,26.02,26.02,0
DLNG,20170529,14.58,14.58,14.58,14.58,0
DLPH,20170529,87.4999,87.4999,87.4999,87.4999,0
DLR,20170529,117.81,117.81,117.81,117.81,0
DLR-G,20170529,25.63,25.63,25.63,25.63,0
DLR-I,20170529,27.11,27.11,27.11,27.11,0
DLX,20170529,68.1,68.1,68.1,68.1,0
DMB,20170529,13.16,13.16,13.16,13.16,0
DMO,20170529,24.86,24.86,24.86,24.86,0
DNI,20170529,12.17,12.17,12.17,12.17,0
DNOW,20170529,17.5,17.5,17.5,17.5,0
DNP,20170529,11.15,11.15,11.15,11.15,0
DNR,20170529,1.75,1.75,1.75,1.75,0
DO,20170529,12.15,12.15,12.15,12.15,0
DOC,20170529,20.25,20.25,20.25,20.25,0
DOOR,20170529,75.4,75.4,75.4,75.4,0
DOV,20170529,66.6525,66.6525,66.6525,66.6525,0
DOW,20170529,61.06,61.06,61.06,61.06,0
DPG,20170529,17.23,17.23,17.23,17.23,0
DPLO,20170529,17.48,17.48,17.48,17.48,0
DPZ,20170529,207.05,207.05,207.05,207.05,0
DQ,20170529,22.35,22.35,22.35,22.35,0
DRD,20170529,3.23,3.23,3.23,3.23,0
DRE,20170529,28.66,28.66,28.66,28.66,0
DRH,20170529,11.2,11.2,11.2,11.2,0
DRI,20170529,87.95,87.95,87.95,87.95,0
DRQ,20170529,50.25,50.25,50.25,50.25,0
DRUA,20170529,24.89,24.89,24.89,24.89,0
DS,20170529,3.47,3.47,3.47,3.47,0
DS-B,20170529,25.5,25.5,25.5,25.5,0
DS-C,20170529,24.89,24.89,24.89,24.89,0
DS-D,20170529,24.85,24.85,24.85,24.85,0
DSE,20170529,7.44,7.44,7.44,7.44,0
DSL,20170529,20.46,20.46,20.46,20.46,0
DSM,20170529,8.46,8.46,8.46,8.46,0
DSU,20170529,11.75,11.75,11.75,11.75,0
DSX,20170529,3.97,3.97,3.97,3.97,0
DSX-B,20170529,22.31,22.31,22.31,22.31,0
DTE,20170529,108.88,108.88,108.88,108.88,0
DTF,20170529,14.95,14.95,14.95,14.95,0
DTJ,20170529,24.91,24.91,24.91,24.91,0
DTL.P,20170529,25.03,25.03,25.03,25.03,0
DTQ,20170529,25.12,25.12,25.12,25.12,0
DTY,20170529,26.45,26.45,26.45,26.45,0
DUC,20170529,9.29,9.29,9.29,9.29,0
DUK,20170529,85.07,85.07,85.07,85.07,0
DUKH,20170529,25.61,25.61,25.61,25.61,0
DVA,20170529,64.75,64.75,64.75,64.75,0
DVD,20170529,2.05,2.05,2.05,2.05,0
DVN,20170529,35.82,35.82,35.82,35.82,0
DX,20170529,20.79,20.79,20.79,20.79,0
DX-A,20170529,25.6,25.6,25.6,25.6,0
DX-B,20170529,24.38,24.38,24.38,24.38,0
DXB,20170529,25.23,25.23,25.23,25.23,0
DXC,20170529,78.66,78.66,78.66,78.66,0
DY,20170529,82.75,82.75,82.75,82.75,0
E,20170529,32.12,32.12,32.12,32.12,0
EAB,20170529,24.74,24.74,24.74,24.74,0
EAE,20170529,24.34,24.34,24.34,24.34,0
EAI,20170529,23.76,23.76,23.76,23.76,0
EARN,20170529,14.54,14.54,14.54,14.54,0
EAT,20170529,40.06,40.06,40.06,40.06,0
EBF,20170529,16.2,16.2,16.2,16.2,0
EBR,20170529,4.28,4.28,4.28,4.28,0
EBR.B,20170529,5.28,5.28,5.28,5.28,0
EBS,20170529,32.11,32.11,32.11,32.11,0
EC,20170529,9.59,9.59,9.59,9.59,0
ECC,20170529,19.99,19.99,19.99,19.99,0
ECCB,20170529,25.81,25.81,25.81,25.81,0
ECL,20170529,131.3,131.3,131.3,131.3,0
ECOM,20170529,11.5,11.5,11.5,11.5,0
ECT,20170529,2.1,2.1,2.1,2.1,0
ED,20170529,82.1,82.1,82.1,82.1,0
EDD,20170529,8.11,8.11,8.11,8.11,0
EDF,20170529,16.65,16.65,16.65,16.65,0
EDI,20170529,16.36,16.36,16.36,16.36,0
EDN,20170529,31.97,31.97,31.97,31.97,0
EDU,20170529,73.43,73.43,73.43,73.43,0
EE,20170529,53.4,53.4,53.4,53.4,0
EEA,20170529,9.16,9.16,9.16,9.16,0
EEX,20170529,21.5,21.5,21.5,21.5,0
EFC,20170529,16.97,16.97,16.97,16.97,0
EFF,20170529,17.32,17.32,17.32,17.32,0
EFR,20170529,14.96,14.96,14.96,14.96,0
EFT,20170529,15.23,15.23,15.23,15.23,0
EFX,20170529,136.43,136.43,136.43,136.43,0
EGF,20170529,13.3,13.3,13.3,13.3,0
EGIF,20170529,17.09,17.09,17.09,17.09,0
EGO,20170529,3.35,3.35,3.35,3.35,0
EGP,20170529,81.09,81.09,81.09,81.09,0
EGY,20170529,1,1,1,1,0
EHI,20170529,10.28,10.28,10.28,10.28,0
EHT,20170529,10.14,10.14,10.14,10.14,0
EIG,20170529,39.95,39.95,39.95,39.95,0
EIX,20170529,79.96,79.96,79.96,79.96,0
EL,20170529,93.7,93.7,93.7,93.7,0
ELC,20170529,23.64,23.64,23.64,23.64,0
ELF,20170529,25.33,25.33,25.33,25.33,0
ELJ,20170529,24.86,24.86,24.86,24.86,0
ELP,20170529,8.62,8.62,8.62,8.62,0
ELS,20170529,84.17,84.17,84.17,84.17,0
ELU,20170529,24.18,24.18,24.18,24.18,0
ELVT,20170529,7.19,7.19,7.19,7.19,0
ELY,20170529,12.85,12.85,12.85,12.85,0
EMD,20170529,15.81,15.81,15.81,15.81,0
EME,20170529,63.57,63.57,63.57,63.57,0
EMF,20170529,15.11,15.11,15.11,15.11,0
EMN,20170529,79.91,79.91,79.91,79.91,0
EMO,20170529,13.07,13.07,13.07,13.07,0
EMP,20170529,23.95,23.95,23.95,23.95,0
EMR,20170529,58.92,58.92,58.92,58.92,0
ENB,20170529,38.96,38.96,38.96,38.96,0
ENBL,20170529,15.96,15.96,15.96,15.96,0
ENIA,20170529,9.32,9.32,9.32,9.32,0
ENIC,20170529,5.58,5.58,5.58,5.58,0
ENJ,20170529,25.24,25.24,25.24,25.24,0
ENLC,20170529,17.75,17.75,17.75,17.75,0
ENO,20170529,25.68,25.68,25.68,25.68,0
ENR,20170529,54.57,54.57,54.57,54.57,0
ENS,20170529,83.7,83.7,83.7,83.7,0
ENV,20170529,35.9,35.9,35.9,35.9,0
ENVA,20170529,13.4,13.4,13.4,13.4,0
ENZ,20170529,9.08,9.08,9.08,9.08,0
EOD,20170529,6.46,6.46,6.46,6.46,0
EOG,20170529,91.22,91.22,91.22,91.22,0
EOI,20170529,13.5,13.5,13.5,13.5,0
EOS,20170529,14.6,14.6,14.6,14.6,0
EOT,20170529,21.82,21.82,21.82,21.82,0
EP-C,20170529,50.25,50.25,50.25,50.25,0
EPAM,20170529,84.15,84.15,84.15,84.15,0
EPC,20170529,73.36,73.36,73.36,73.36,0
EPD,20170529,26.89,26.89,26.89,26.89,0
EPR,20170529,71.08,71.08,71.08,71.08,0
EPR-C,20170529,28.47,28.47,28.47,28.47,0
EPR-E,20170529,35.54,35.54,35.54,35.54,0
EQC,20170529,31.22,31.22,31.22,31.22,0
EQC-D,20170529,25.88,25.88,25.88,25.88,0
EQM,20170529,74.36,74.36,74.36,74.36,0
EQR,20170529,65.17,65.17,65.17,65.17,0
EQS,20170529,2.92,2.92,2.92,2.92,0
EQT,20170529,56.69,56.69,56.69,56.69,0
ERA,20170529,9.14,9.14,9.14,9.14,0
ERF,20170529,8.04,8.04,8.04,8.04,0
ERJ,20170529,20.13,20.13,20.13,20.13,0
EROS,20170529,10.25,10.25,10.25,10.25,0
ES,20170529,61.4,61.4,61.4,61.4,0
ESE,20170529,57.85,57.85,57.85,57.85,0
ESNT,20170529,36.89,36.89,36.89,36.89,0
ESRT,20170529,20.86,20.86,20.86,20.86,0
ESS,20170529,256.3,256.3,256.3,256.3,0
ESTE,20170529,11.92,11.92,11.92,11.92,0
ETB,20170529,16.48,16.48,16.48,16.48,0
ETG,20170529,16.88,16.88,16.88,16.88,0
ETH,20170529,27.4,27.4,27.4,27.4,0
ETJ,20170529,9.24,9.24,9.24,9.24,0
ETM,20170529,10.45,10.45,10.45,10.45,0
ETN,20170529,77.56,77.56,77.56,77.56,0
ETO,20170529,23.87,23.87,23.87,23.87,0
ETR,20170529,77.65,77.65,77.65,77.65,0
ETV,20170529,15.51,15.51,15.51,15.51,0
ETW,20170529,11.49,11.49,11.49,11.49,0
ETX,20170529,20.46,20.46,20.46,20.46,0
ETY,20170529,11.32,11.32,11.32,11.32,0
EURN,20170529,7.4,7.4,7.4,7.4,0
EV,20170529,47.29,47.29,47.29,47.29,0
EVA,20170529,27.9,27.9,27.9,27.9,0
EVC,20170529,5.85,5.85,5.85,5.85,0
EVF,20170529,6.77,6.77,6.77,6.77,0
EVG,20170529,14.09,14.09,14.09,14.09,0
EVH,20170529,23.5,23.5,23.5,23.5,0
EVN,20170529,12.94,12.94,12.94,12.94,0
EVR,20170529,70.95,70.95,70.95,70.95,0
EVRI,20170529,6.83,6.83,6.83,6.83,0
EVT,20170529,21.54,21.54,21.54,21.54,0
EVTC,20170529,16.4,16.4,16.4,16.4,0
EW,20170529,114.25,114.25,114.25,114.25,0
EXD,20170529,11.38,11.38,11.38,11.38,0
EXG,20170529,9.02,9.02,9.02,9.02,0
EXK,20170529,2.93,2.93,2.93,2.93,0
EXP,20170529,95.09,95.09,95.09,95.09,0
EXPR,20170529,7.85,7.85,7.85,7.85,0
EXR,20170529,78,78,78,78,0
EXTN,20170529,28.69,28.69,28.69,28.69,0
EZT,20170529,26.2,26.2,26.2,26.2,0
F,20170529,10.93,10.93,10.93,10.93,0
FAF,20170529,43.1,43.1,43.1,43.1,0
FAM,20170529,12.05,12.05,12.05,12.05,0
FBC,20170529,29.31,29.31,29.31,29.31,0
FBHS,20170529,62.85,62.85,62.85,62.85,0
FBK,20170529,36.91,36.91,36.91,36.91,0
FBM,20170529,14,14,14,14,0
FBP,20170529,5.38,5.38,5.38,5.38,0
FC,20170529,20.5,20.5,20.5,20.5,0
FCAU,20170529,10.55,10.55,10.55,10.55,0
FCF,20170529,12.47,12.47,12.47,12.47,0
FCN,20170529,34.53,34.53,34.53,34.53,0
FCPT,20170529,24.46,24.46,24.46,24.46,0
FCT,20170529,13.64,13.64,13.64,13.64,0
FCX,20170529,11.67,11.67,11.67,11.67,0
FDEU,20170529,19.22,19.22,19.22,19.22,0
FDP,20170529,52.36,52.36,52.36,52.36,0
FDS,20170529,161.95,161.95,161.95,161.95,0
FDX,20170529,194.26,194.26,194.26,194.26,0
FE,20170529,28.92,28.92,28.92,28.92,0
FEI,20170529,15.96,15.96,15.96,15.96,0
FENG,20170529,3.02,3.02,3.02,3.02,0
FEO,20170529,16.39,16.39,16.39,16.39,0
FET,20170529,16.5,16.5,16.5,16.5,0
FF,20170529,13.94,13.94,13.94,13.94,0
FFA,20170529,14.77,14.77,14.77,14.77,0
FFC,20170529,21.47,21.47,21.47,21.47,0
FFG,20170529,63.15,63.15,63.15,63.15,0
FGB,20170529,7.28,7.28,7.28,7.28,0
FHN,20170529,17.08,17.08,17.08,17.08,0
FHN-A,20170529,25.64,25.64,25.64,25.64,0
FI,20170529,7.56,7.56,7.56,7.56,0
FICO,20170529,133.53,133.53,133.53,133.53,0
FIF,20170529,18.49,18.49,18.49,18.49,0
FIS,20170529,85.28,85.28,85.28,85.28,0
FIT,20170529,5.31,5.31,5.31,5.31,0
FIV,20170529,9.99,9.99,9.99,9.99,0
FIX,20170529,34.9,34.9,34.9,34.9,0
FL,20170529,59.82,59.82,59.82,59.82,0
FLC,20170529,21.89,21.89,21.89,21.89,0
FLO,20170529,18.56,18.56,18.56,18.56,0
FLOW,20170529,37.8,37.8,37.8,37.8,0
FLR,20170529,44.98,44.98,44.98,44.98,0
FLS,20170529,48.1,48.1,48.1,48.1,0
FLT,20170529,146.37,146.37,146.37,146.37,0
FLY,20170529,12.98,12.98,12.98,12.98,0
FMC,20170529,75.25,75.25,75.25,75.25,0
FMN,20170529,14.22,14.22,14.22,14.22,0
FMO,20170529,14.25,14.25,14.25,14.25,0
FMS,20170529,46.62,46.62,46.62,46.62,0
FMX,20170529,94.97,94.97,94.97,94.97,0
FMY,20170529,14.15,14.15,14.15,14.15,0
FN,20170529,36.7,36.7,36.7,36.7,0
FNB,20170529,13.51,13.51,13.51,13.51,0
FNB-E,20170529,29.33,29.33,29.33,29.33,0
FND,20170529,42.38,42.38,42.38,42.38,0
FNF,20170529,42.42,42.42,42.42,42.42,0
FNV,20170529,73.59,73.59,73.59,73.59,0
FOE,20170529,17.07,17.07,17.07,17.07,0
FOF,20170529,12.92,12.92,12.92,12.92,0
FOR,20170529,14.1,14.1,14.1,14.1,0
FPF,20170529,24.4,24.4,24.4,24.4,0
FPH,20170529,15.72,15.72,15.72,15.72,0
FPI,20170529,9.94,9.94,9.94,9.94,0
FPL,20170529,13.21,13.21,13.21,13.21,0
FR,20170529,28.77,28.77,28.77,28.77,0
FRA,20170529,14.41,14.41,14.41,14.41,0
FRC,20170529,92.63,92.63,92.63,92.63,0
FRC-F,20170529,26.18,26.18,26.18,26.18,0
FRC-G,20170529,26.31,26.31,26.31,26.31,0
FRO,20170529,5.63,5.63,5.63,5.63,0
FRT,20170529,126.32,126.32,126.32,126.32,0
FSB,20170529,39.7,39.7,39.7,39.7,0
FSD,20170529,17.25,17.25,17.25,17.25,0
FSM,20170529,4.71,4.71,4.71,4.71,0
FSS,20170529,15.98,15.98,15.98,15.98,0
FT,20170529,7.14,7.14,7.14,7.14,0
FTAI,20170529,16.42,16.42,16.42,16.42,0
FTI,20170529,29.07,29.07,29.07,29.07,0
FTK,20170529,10.24,10.24,10.24,10.24,0
FTS,20170529,32.88,32.88,32.88,32.88,0
FTV,20170529,63.51,63.51,63.51,63.51,0
FUL,20170529,50.98,50.98,50.98,50.98,0
FUN,20170529,70.76,70.76,70.76,70.76,0
G,20170529,27.13,27.13,27.13,27.13,0
GAB,20170529,6.15,6.15,6.15,6.15,0
GAB-G,20170529,24.65,24.65,24.65,24.65,0
GAB-H,20170529,24.49,24.49,24.49,24.49,0
GAB-J,20170529,25.41,25.41,25.41,25.41,0
GAM,20170529,34.02,34.02,34.02,34.02,0
GAM-B,20170529,26.81,26.81,26.81,26.81,0
GATX,20170529,59.87,59.87,59.87,59.87,0
GBAB,20170529,23.12,23.12,23.12,23.12,0
GBL,20170529,29.3,29.3,29.3,29.3,0
GBX,20170529,44.65,44.65,44.65,44.65,0
GCAP,20170529,6.02,6.02,6.02,6.02,0
GCI,20170529,7.82,7.82,7.82,7.82,0
GCO,20170529,36.75,36.75,36.75,36.75,0
GCP,20170529,30.85,30.85,30.85,30.85,0
GCV,20170529,5.16,5.16,5.16,5.16,0
GD,20170529,202.24,202.24,202.24,202.24,0
GDDY,20170529,42.15,42.15,42.15,42.15,0
GDI,20170529,23.03,23.03,23.03,23.03,0
GDL,20170529,10.08,10.08,10.08,10.08,0
GDO,20170529,17.77,17.77,17.77,17.77,0
GDOT,20170529,36.37,36.37,36.37,36.37,0
GDV,20170529,21.66,21.66,21.66,21.66,0
GDV-A,20170529,26.73,26.73,26.73,26.73,0
GDV-G,20170529,25.29,25.29,25.29,25.29,0
GE,20170529,27.45,27.45,27.45,27.45,0
GEF,20170529,58.71,58.71,58.71,58.71,0
GEF.B,20170529,66.45,66.45,66.45,66.45,0
GEL,20170529,31.49,31.49,31.49,31.49,0
GEN,20170529,1.86,1.86,1.86,1.86,0
GEO,20170529,30.84,30.84,30.84,30.84,0
GER,20170529,7.72,7.72,7.72,7.72,0
GES,20170529,11.67,11.67,11.67,11.67,0
GF,20170529,16.51,16.51,16.51,16.51,0
GFF,20170529,22.1,22.1,22.1,22.1,0
GFI,20170529,3.81,3.81,3.81,3.81,0
GFY,20170529,16.74,16.74,16.74,16.74,0
GGB,20170529,2.89,2.89,2.89,2.89,0
GGG,20170529,36.46,36.46,36.46,36.46,0
GGM,20170529,23.46,23.46,23.46,23.46,0
GGT,20170529,8.75,8.75,8.75,8.75,0
GGZ,20170529,11.98,11.98,11.98,11.98,0
GGZ-A,20170529,25.39,25.39,25.39,25.39,0
GHC,20170529,594.05,594.05,594.05,594.05,0
GHL,20170529,21.2,21.2,21.2,21.2,0
GHM,20170529,21.63,21.63,21.63,21.63,0
GHY,20170529,15.2,15.2,15.2,15.2,0
GIB,20170529,49.19,49.19,49.19,49.19,0
GIL,20170529,28.58,28.58,28.58,28.58,0
GIM,20170529,6.59,6.59,6.59,6.59,0
GIS,20170529,57.32,57.32,57.32,57.32,0
GJH,20170529,10,10,10,10,0
GJO,20170529,21.92,21.92,21.92,21.92,0
GJP,20170529,21.98,21.98,21.98,21.98,0
GJR,20170529,20.85,20.85,20.85,20.85,0
GJS,20170529,19.32,19.32,19.32,19.32,0
GJT,20170529,19.2,19.2,19.2,19.2,0
GKOS,20170529,39.95,39.95,39.95,39.95,0
GLO-A,20170529,25.36,25.36,25.36,25.36,0
GLO-G,20170529,25.94,25.94,25.94,25.94,0
GLOB,20170529,39.86,39.86,39.86,39.86,0
GLOG,20170529,13.8,13.8,13.8,13.8,0
GLOP,20170529,23.1,23.1,23.1,23.1,0
GLP,20170529,19.25,19.25,19.25,19.25,0
GLT,20170529,18.3,18.3,18.3,18.3,0
GLW,20170529,29.3,29.3,29.3,29.3,0
GM,20170529,33.07,33.07,33.07,33.07,0
GME,20170529,22.22,22.22,22.22,22.22,0
GMED,20170529,30.87,30.87,30.87,30.87,0
GMRE,20170529,9.64,9.64,9.64,9.64,0
GMS,20170529,32.87,32.87,32.87,32.87,0
GMTA,20170529,25.52,25.52,25.52,25.52,0
GMZ,20170529,10.14,10.14,10.14,10.14,0
GNC,20170529,7.21,7.21,7.21,7.21,0
GNE,20170529,7.92,7.92,7.92,7.92,0
GNE-A,20170529,7.57,7.57,7.57,7.57,0
GNK,20170529,10.32,10.32,10.32,10.32,0
GNL,20170529,22.65,22.65,22.65,22.65,0
GNRC,20170529,34.83,34.83,34.83,34.83,0
GNT,20170529,7.13,7.13,7.13,7.13,0
GNW,20170529,3.56,3.56,3.56,3.56,0
GOF,20170529,20.93,20.93,20.93,20.93,0
GOL,20170529,12.09,12.09,12.09,12.09,0
GOLF,20170529,18.94,18.94,18.94,18.94,0
GOOS,20170529,18.01,18.01,18.01,18.01,0
GPC,20170529,93.28,93.28,93.28,93.28,0
GPI,20170529,61.72,61.72,61.72,61.72,0
GPK,20170529,13.5,13.5,13.5,13.5,0
GPM,20170529,8.34,8.34,8.34,8.34,0
GPN,20170529,91.85,91.85,91.85,91.85,0
GPRK,20170529,8.89,8.89,8.89,8.89,0
GPS,20170529,22.42,22.42,22.42,22.42,0
GPX,20170529,24.95,24.95,24.95,24.95,0
GRA,20170529,72,72,72,72,0
GRAM,20170529,3.11,3.11,3.11,3.11,0
GRC,20170529,24.49,24.49,24.49,24.49,0
GRP.U,20170529,38.02,38.02,38.02,38.02,0
GRUB,20170529,43.83,43.83,43.83,43.83,0
GRX,20170529,10.52,10.52,10.52,10.52,0
GRX-A,20170529,25.95,25.95,25.95,25.95,0
GRX-B,20170529,26.72,26.72,26.72,26.72,0
GS,20170529,223.53,223.53,223.53,223.53,0
GS-A,20170529,23.34,23.34,23.34,23.34,0
GS-C,20170529,22.8,22.8,22.8,22.8,0
GS-D,20170529,22.64,22.64,22.64,22.64,0
GS-J,20170529,27.59,27.59,27.59,27.59,0
GS-K,20170529,29.05,29.05,29.05,29.05,0
GS-N,20170529,26.83,26.83,26.83,26.83,0
GSBD,20170529,22.63,22.63,22.63,22.63,0
GSH,20170529,27.35,27.35,27.35,27.35,0
GSK,20170529,42.67,42.67,42.67,42.67,0
GSL,20170529,9.52,9.52,9.52,9.52,0
GSL-B,20170529,21.34,21.34,21.34,21.34,0
GTN,20170529,12.55,12.55,12.55,12.55,0
GTN.A,20170529,10.95,10.95,10.95,10.95,0
GTS,20170529,16.63,16.63,16.63,16.63,0
GTT,20170529,31.5,31.5,31.5,31.5,0
GTY,20170529,25.42,25.42,25.42,25.42,0
GUT,20170529,6.8,6.8,6.8,6.8,0
GUT-A,20170529,25.97,25.97,25.97,25.97,0
GUT-C,20170529,25.42,25.42,25.42,25.42,0
GVA,20170529,47.38,47.38,47.38,47.38,0
GWB,20170529,38.44,38.44,38.44,38.44,0
GWRE,20170529,67.73,67.73,67.73,67.73,0
GWW,20170529,173.58,173.58,173.58,173.58,0
GYC,20170529,23.34,23.34,23.34,23.34,0
H,20170529,57.52,57.52,57.52,57.52,0
HAE,20170529,41.2,41.2,41.2,41.2,0
HAL,20170529,45.76,45.76,45.76,45.76,0
HASI,20170529,22.37,22.37,22.37,22.37,0
HBI,20170529,20.7,20.7,20.7,20.7,0
HBM,20170529,5.35,5.35,5.35,5.35,0
HCA,20170529,82.7,82.7,82.7,82.7,0
HCC,20170529,17.12,17.12,17.12,17.12,0
HCHC,20170529,5.38,5.38,5.38,5.38,0
HCI,20170529,45.39,45.39,45.39,45.39,0
HD,20170529,154.9,154.9,154.9,154.9,0
HDB,20170529,43.27,43.27,43.27,43.27,0
HE,20170529,32.86,32.86,32.86,32.86,0
HEI,20170529,47.648,47.648,47.648,47.648,0
HEI.A,20170529,40,40,40,40,0
HEP,20170529,34.52,34.52,34.52,34.52,0
HEQ,20170529,17.36,17.36,17.36,17.36,0
HES,20170529,48.14,48.14,48.14,48.14,0
HESM,20170529,24.14,24.14,24.14,24.14,0
HFC,20170529,24.77,24.77,24.77,24.77,0
HGH,20170529,31.07,31.07,31.07,31.07,0
HGV,20170529,35.83,35.83,35.83,35.83,0
HHC,20170529,127.96,127.96,127.96,127.96,0
HHS,20170529,12.7,12.7,12.7,12.7,0
HI,20170529,35.8,35.8,35.8,35.8,0
HIE,20170529,13.43,13.43,13.43,13.43,0
HIG,20170529,49.23,49.23,49.23,49.23,0
HII,20170529,196.32,196.32,196.32,196.32,0
HIL,20170529,4.7,4.7,4.7,4.7,0
HIO,20170529,5.18,5.18,5.18,5.18,0
HIW,20170529,50.8,50.8,50.8,50.8,0
HIX,20170529,7.33,7.33,7.33,7.33,0
HJV,20170529,15.5,15.5,15.5,15.5,0
HL,20170529,6.02,6.02,6.02,6.02,0
HL-B,20170529,58.25,58.25,58.25,58.25,0
HLF,20170529,35.565,35.565,35.565,35.565,0
HLI,20170529,33.65,33.65,33.65,33.65,0
HLT,20170529,65.34,65.34,65.34,65.34,0
HLX,20170529,5.17,5.17,5.17,5.17,0
HMC,20170529,27.63,27.63,27.63,27.63,0
HMLP,20170529,19.25,19.25,19.25,19.25,0
HMN,20170529,38.6,38.6,38.6,38.6,0
HMY,20170529,2.13,2.13,2.13,2.13,0
HNI,20170529,42.86,42.86,42.86,42.86,0
HNP,20170529,30.36,30.36,30.36,30.36,0
HOG,20170529,52.32,52.32,52.32,52.32,0
HOME,20170529,18.95,18.95,18.95,18.95,0
HON,20170529,133.25,133.25,133.25,133.25,0
HOV,20170529,63.75,63.75,63.75,63.75,0
HP,20170529,53.67,53.67,53.67,53.67,0
HPE,20170529,18.83,18.83,18.83,18.83,0
HPF,20170529,21.88,21.88,21.88,21.88,0
HPI,20170529,22.04,22.04,22.04,22.04,0
HPP,20170529,32.92,32.92,32.92,32.92,0
HPQ,20170529,18.47,18.47,18.47,18.47,0
HPS,20170529,18.87,18.87,18.87,18.87,0
HQH,20170529,25.15,25.15,25.15,25.15,0
HQL,20170529,20.98,20.98,20.98,20.98,0
HR,20170529,33.09,33.09,33.09,33.09,0
HRB,20170529,26.11,26.11,26.11,26.11,0
HRC,20170529,76.53,76.53,76.53,76.53,0
HRI,20170529,36.56,36.56,36.56,36.56,0
HRL,20170529,33.12,33.12,33.12,33.12,0
HRTG,20170529,12.77,12.77,12.77,12.77,0
HSB-A,20170529,26.02,26.02,26.02,26.02,0
HSBC,20170529,43.15,43.15,43.15,43.15,0
HSC,20170529,14.9,14.9,14.9,14.9,0
HST,20170529,18.07,18.07,18.07,18.07,0
HSY,20170529,115.96,115.96,115.96,115.96,0
HT,20170529,18.71,18.71,18.71,18.71,0
HT-C,20170529,25.25,25.25,25.25,25.25,0
HT-D,20170529,25.05,25.05,25.05,25.05,0
HT-E,20170529,25.01,25.01,25.01,25.01,0
HTA,20170529,30.83,30.83,30.83,30.83,0
HTD,20170529,26.3,26.3,26.3,26.3,0
HTGC,20170529,13.22,13.22,13.22,13.22,0
HTH,20170529,25.66,25.66,25.66,25.66,0
HTY,20170529,9.82,9.82,9.82,9.82,0
HTZ,20170529,9.48,9.48,9.48,9.48,0
HUBB,20170529,117.15,117.15,117.15,117.15,0
HUBS,20170529,70.95,70.95,70.95,70.95,0
HUM,20170529,232.25,232.25,232.25,232.25,0
HUN,20170529,24.75,24.75,24.75,24.75,0
HVT,20170529,24.4,24.4,24.4,24.4,0
HVT.A,20170529,24.25,24.25,24.25,24.25,0
HXL,20170529,50.66,50.66,50.66,50.66,0
HY,20170529,73.75,73.75,73.75,73.75,0
HYB,20170529,9.55,9.55,9.55,9.55,0
HYI,20170529,15.5,15.5,15.5,15.5,0
HYT,20170529,11.16,11.16,11.16,11.16,0
HZN,20170529,14.95,14.95,14.95,14.95,0
HZO,20170529,18.05,18.05,18.05,18.05,0
I,20170529,3.18,3.18,3.18,3.18,0
IAE,20170529,10.22,10.22,10.22,10.22,0
IAG,20170529,4.34,4.34,4.34,4.34,0
IBA,20170529,56.43,56.43,56.43,56.43,0
IBM,20170529,152.49,152.49,152.49,152.49,0
IBN,20170529,8.8364,8.8364,8.8364,8.8364,0
IBP,20170529,48.8,48.8,48.8,48.8,0
ICD,20170529,3.98,3.98,3.98,3.98,0
ICE,20170529,60.35,60.35,60.35,60.35,0
ICL,20170529,4.3,4.3,4.3,4.3,0
IDA,20170529,86.46,86.46,86.46,86.46,0
IDE,20170529,14.85,14.85,14.85,14.85,0
IDT,20170529,17.04,17.04,17.04,17.04,0
IEX,20170529,107.72,107.72,107.72,107.72,0
IFF,20170529,138.44,138.44,138.44,138.44,0
IFN,20170529,27,27,27,27,0
IGA,20170529,10.79,10.79,10.79,10.79,0
IGD,20170529,7.62,7.62,7.62,7.62,0
IGI,20170529,20.67,20.67,20.67,20.67,0
IGR,20170529,7.55,7.55,7.55,7.55,0
IGT,20170529,18.22,18.22,18.22,18.22,0
IHC,20170529,19.95,19.95,19.95,19.95,0
IHD,20170529,8.97,8.97,8.97,8.97,0
IHG,20170529,55.94,55.94,55.94,55.94,0
IHIT,20170529,10.15,10.15,10.15,10.15,0
IID,20170529,7.23,7.23,7.23,7.23,0
IIF,20170529,32.89,32.89,32.89,32.89,0
IIM,20170529,14.94,14.94,14.94,14.94,0
IIPR,20170529,17.24,17.24,17.24,17.24,0
IMAX,20170529,27,27,27,27,0
INF,20170529,14.04,14.04,14.04,14.04,0
INFY,20170529,7.765,7.765,7.765,7.765,0
ING,20170529,17,17,17,17,0
INGR,20170529,115.84,115.84,115.84,115.84,0
INN,20170529,18.04,18.04,18.04,18.04,0
INN-D,20170529,25.7,25.7,25.7,25.7,0
INSI,20170529,19.61,19.61,19.61,19.61,0
INST,20170529,26.7,26.7,26.7,26.7,0
INSW,20170529,20.56,20.56,20.56,20.56,0
INT,20170529,35.93,35.93,35.93,35.93,0
INVH,20170529,21.2,21.2,21.2,21.2,0
INXN,20170529,44.34,44.34,44.34,44.34,0
IO,20170529,4.45,4.45,4.45,4.45,0
IP,20170529,52.42,52.42,52.42,52.42,0
IPG,20170529,24.69,24.69,24.69,24.69,0
IPHI,20170529,40.56,40.56,40.56,40.56,0
IPI,20170529,2.36,2.36,2.36,2.36,0
IQI,20170529,12.6,12.6,12.6,12.6,0
IR,20170529,89.35,89.35,89.35,89.35,0
IRET,20170529,5.86,5.86,5.86,5.86,0
IRL,20170529,13.88,13.88,13.88,13.88,0
IRM,20170529,35.17,35.17,35.17,35.17,0
IRR,20170529,6.36,6.36,6.36,6.36,0
IRS,20170529,24.49,24.49,24.49,24.49,0
ISD,20170529,15.55,15.55,15.55,15.55,0
ISG,20170529,26.1,26.1,26.1,26.1,0
IT,20170529,117.72,117.72,117.72,117.72,0
ITCB,20170529,14.37,14.37,14.37,14.37,0
ITGR,20170529,40.8,40.8,40.8,40.8,0
ITT,20170529,38.33,38.33,38.33,38.33,0
ITUB,20170529,7.2867,7.2867,7.2867,7.2867,0
ITW,20170529,140.37,140.37,140.37,140.37,0
IVC,20170529,14.35,14.35,14.35,14.35,0
IVH,20170529,15.81,15.81,15.81,15.81,0
IVR,20170529,16.17,16.17,16.17,16.17,0
IVR-A,20170529,25.31,25.31,25.31,25.31,0
IVR-B,20170529,25.59,25.59,25.59,25.59,0
IVZ,20170529,32,32,32,32,0
IX,20170529,79.65,79.65,79.65,79.65,0
JAX,20170529,10.95,10.95,10.95,10.95,0
JBK,20170529,23.6,23.6,23.6,23.6,0
JBL,20170529,29.32,29.32,29.32,29.32,0
JBN,20170529,15.52,15.52,15.52,15.52,0
JBR,20170529,15.5,15.5,15.5,15.5,0
JBT,20170529,85.95,85.95,85.95,85.95,0
JCAP,20170529,22.22,22.22,22.22,22.22,0
JCE,20170529,14.77,14.77,14.77,14.77,0
JCI,20170529,42.03,42.03,42.03,42.03,0
JCO,20170529,10.09,10.09,10.09,10.09,0
JCP,20170529,4.71,4.71,4.71,4.71,0
JDD,20170529,12.44,12.44,12.44,12.44,0
JE,20170529,5.3,5.3,5.3,5.3,0
JE-A,20170529,26.24,26.24,26.24,26.24,0
JELD,20170529,30.83,30.83,30.83,30.83,0
JEQ,20170529,8.41,8.41,8.41,8.41,0
JFR,20170529,12.02,12.02,12.02,12.02,0
JGH,20170529,17.1,17.1,17.1,17.1,0
JHB,20170529,10.13,10.13,10.13,10.13,0
JHI,20170529,17.75,17.75,17.75,17.75,0
JHS,20170529,14.63,14.63,14.63,14.63,0
JHX,20170529,14.73,14.73,14.73,14.73,0
JHY,20170529,10.18,10.18,10.18,10.18,0
JILL,20170529,11.3,11.3,11.3,11.3,0
JKS,20170529,19.03,19.03,19.03,19.03,0
JLL,20170529,114.52,114.52,114.52,114.52,0
JLS,20170529,25.24,25.24,25.24,25.24,0
JMEI,20170529,3,3,3,3,0
JMF,20170529,13.06,13.06,13.06,13.06,0
JMLP,20170529,9.66,9.66,9.66,9.66,0
JMM,20170529,7.57,7.57,7.57,7.57,0
JMP,20170529,5.41,5.41,5.41,5.41,0
JNJ,20170529,126.92,126.92,126.92,126.92,0
JNPR,20170529,29.32,29.32,29.32,29.32,0
JOE,20170529,17.6,17.6,17.6,17.6,0
JOF,20170529,11.35,11.35,11.35,11.35,0
JP,20170529,7.82,7.82,7.82,7.82,0
JPC,20170529,10.31,10.31,10.31,10.31,0
JPI,20170529,25.08,25.08,25.08,25.08,0
JPM,20170529,85.36,85.36,85.36,85.36,0
JPM-D,20170529,25.5,25.5,25.5,25.5,0
JPM-F,20170529,26.85,26.85,26.85,26.85,0
JPM-G,20170529,26.93,26.93,26.93,26.93,0
JPM-H,20170529,27.15,27.15,27.15,27.15,0
JPS,20170529,10.11,10.11,10.11,10.11,0
JPT,20170529,25.08,25.08,25.08,25.08,0
JQC,20170529,8.77,8.77,8.77,8.77,0
JRI,20170529,17.41,17.41,17.41,17.41,0
JRO,20170529,11.88,11.88,11.88,11.88,0
JRS,20170529,11.48,11.48,11.48,11.48,0
JSD,20170529,17.96,17.96,17.96,17.96,0
JTA,20170529,12.71,12.71,12.71,12.71,0
JTD,20170529,16,16,16,16,0
JW.A,20170529,50.9,50.9,50.9,50.9,0
JW.B,20170529,50.8,50.8,50.8,50.8,0
JWN,20170529,42.47,42.47,42.47,42.47,0
K,20170529,72.62,72.62,72.62,72.62,0
KAI,20170529,70.05,70.05,70.05,70.05,0
KAMN,20170529,48.12,48.12,48.12,48.12,0
KAR,20170529,16.6439,16.6439,16.6439,16.6439,0
KB,20170529,48.39,48.39,48.39,48.39,0
KBH,20170529,21.32,21.32,21.32,21.32,0
KBR,20170529,14.03,14.03,14.03,14.03,0
KDMN,20170529,2.45,2.45,2.45,2.45,0
KEM,20170529,13.84,13.84,13.84,13.84,0
KEN,20170529,12.87,12.87,12.87,12.87,0
KEP,20170529,19.02,19.02,19.02,19.02,0
KEX,20170529,66.8,66.8,66.8,66.8,0
KEY,20170529,17.99,17.99,17.99,17.99,0
KEY-I,20170529,28.15,28.15,28.15,28.15,0
KEYS,20170529,38.36,38.36,38.36,38.36,0
KF,20170529,40.86,40.86,40.86,40.86,0
KFS,20170529,6.25,6.25,6.25,6.25,0
KFY,20170529,32.08,32.08,32.08,32.08,0
KGC,20170529,4.22,4.22,4.22,4.22,0
KIM,20170529,18.03,18.03,18.03,18.03,0
KIO,20170529,17.46,17.46,17.46,17.46,0
KKR,20170529,18.67,18.67,18.67,18.67,0
KKR-A,20170529,27.17,27.17,27.17,27.17,0
KKR-B,20170529,26.87,26.87,26.87,26.87,0
KMB,20170529,129.51,129.51,129.51,129.51,0
KMF,20170529,15.47,15.47,15.47,15.47,0
KMI,20170529,19.25,19.25,19.25,19.25,0
KMPR,20170529,38.75,38.75,38.75,38.75,0
KMT,20170529,38.78,38.78,38.78,38.78,0
KMX,20170529,64.72,64.72,64.72,64.72,0
KN,20170529,16.95,16.95,16.95,16.95,0
KNL,20170529,21.66,21.66,21.66,21.66,0
KNOP,20170529,22.4,22.4,22.4,22.4,0
KNX,20170529,33.25,33.25,33.25,33.25,0
KO,20170529,45.39,45.39,45.39,45.39,0
KODK,20170529,9.7,9.7,9.7,9.7,0
KOF,20170529,80.81,80.81,80.81,80.81,0
KOP,20170529,37.4,37.4,37.4,37.4,0
KOS,20170529,6.63,6.63,6.63,6.63,0
KR,20170529,29.45,29.45,29.45,29.45,0
KRA,20170529,33.39,33.39,33.39,33.39,0
KRC,20170529,72.97,72.97,72.97,72.97,0
KREF,20170529,22.8,22.8,22.8,22.8,0
KRG,20170529,18.65,18.65,18.65,18.65,0
KRO,20170529,18.96,18.96,18.96,18.96,0
KRP,20170529,19.85,19.85,19.85,19.85,0
KSM,20170529,12.64,12.64,12.64,12.64,0
KSS,20170529,38.73,38.73,38.73,38.73,0
KSU,20170529,95.95,95.95,95.95,95.95,0
KSU.P,20170529,27.82,27.82,27.82,27.82,0
KT,20170529,16.76,16.76,16.76,16.76,0
KTF,20170529,13.62,13.62,13.62,13.62,0
KTH,20170529,31.91,31.91,31.91,31.91,0
KTN,20170529,33.19,33.19,33.19,33.19,0
KTP,20170529,17.28,17.28,17.28,17.28,0
KW,20170529,19.75,19.75,19.75,19.75,0
KWR,20170529,140,140,140,140,0
KYN,20170529,19.03,19.03,19.03,19.03,0
KYN-F,20170529,25.43,25.43,25.43,25.43,0
L,20170529,46.88,46.88,46.88,46.88,0
LAD,20170529,91.8,91.8,91.8,91.8,0
LADR,20170529,14.18,14.18,14.18,14.18,0
LAZ,20170529,44.96,44.96,44.96,44.96,0
LB,20170529,50.51,50.51,50.51,50.51,0
LC,20170529,27.95,27.95,27.95,27.95,0
LCI,20170529,20.05,20.05,20.05,20.05,0
LCII,20170529,88,88,88,88,0
LDL,20170529,50.35,50.35,50.35,50.35,0
LDOS,20170529,54.88,54.88,54.88,54.88,0
LDP,20170529,26.08,26.08,26.08,26.08,0
LEA,20170529,147.58,147.58,147.58,147.58,0
LEE,20170529,2.1,2.1,2.1,2.1,0
LEG,20170529,52.08,52.08,52.08,52.08,0
LEJU,20170529,2.99,2.99,2.99,2.99,0
LEN,20170529,51.53,51.53,51.53,51.53,0
LEN.B,20170529,43.2,43.2,43.2,43.2,0
LEO,20170529,8.88,8.88,8.88,8.88,0
LFC,20170529,16.32,16.32,16.32,16.32,0
LGF.A,20170529,27.76,27.76,27.76,27.76,0
LGF.B,20170529,25.56,25.56,25.56,25.56,0
LGI,20170529,16.1,16.1,16.1,16.1,0
LH,20170529,140.1,140.1,140.1,140.1,0
LII,20170529,175.09,175.09,175.09,175.09,0
LITB,20170529,2.44,2.44,2.44,2.44,0
LL,20170529,29.9,29.9,29.9,29.9,0
LLY,20170529,78.05,78.05,78.05,78.05,0
LM,20170529,37.3,37.3,37.3,37.3,0
LMHA,20170529,26.45,26.45,26.45,26.45,0
LMHB,20170529,24.22,24.22,24.22,24.22,0
LMT,20170529,283.65,283.65,283.65,283.65,0
LN,20170529,34.92,34.92,34.92,34.92,0
LNC,20170529,64.95,64.95,64.95,64.95,0
LND,20170529,3.67,3.67,3.67,3.67,0
LNN,20170529,85.27,85.27,85.27,85.27,0
LOW,20170529,80.91,80.91,80.91,80.91,0
LPG,20170529,8.28,8.28,8.28,8.28,0
LPI,20170529,12.63,12.63,12.63,12.63,0
LPL,20170529,13.41,13.41,13.41,13.41,0
LPT,20170529,41.16,41.16,41.16,41.16,0
LPX,20170529,22.58,22.58,22.58,22.58,0
LRN,20170529,19.22,19.22,19.22,19.22,0
LSI,20170529,76.36,76.36,76.36,76.36,0
LTC,20170529,47.92,47.92,47.92,47.92,0
LTM,20170529,11.22,11.22,11.22,11.22,0
LUB,20170529,2.52,2.52,2.52,2.52,0
LUV,20170529,60.67,60.67,60.67,60.67,0
LVS,20170529,58.02,58.02,58.02,58.02,0
LW,20170529,45.66,45.66,45.66,45.66,0
LXFR,20170529,12.7,12.7,12.7,12.7,0
LXP,20170529,9.64,9.64,9.64,9.64,0
LXP-C,20170529,50.26,50.26,50.26,50.26,0
LXU,20170529,9.4,9.4,9.4,9.4,0
LYB,20170529,80.73,80.73,80.73,80.73,0
LYG,20170529,3.76,3.76,3.76,3.76,0
LYV,20170529,34.25,34.25,34.25,34.25,0
LZB,20170529,26.95,26.95,26.95,26.95,0
M,20170529,23.44,23.44,23.44,23.44,0
MA,20170529,121.63,121.63,121.63,121.63,0
MAA,20170529,101.13,101.13,101.13,101.13,0
MAA-I,20170529,64.5,64.5,64.5,64.5,0
MAC,20170529,58.77,58.77,58.77,58.77,0
MAIN,20170529,38.52,38.52,38.52,38.52,0
MAN,20170529,101.81,101.81,101.81,101.81,0
MANU,20170529,17.3,17.3,17.3,17.3,0
MAS,20170529,37,37,37,37,0
MATX,20170529,30.03,30.03,30.03,30.03,0
MAV,20170529,11.43,11.43,11.43,11.43,0
MBI,20170529,8.23,8.23,8.23,8.23,0
MBT,20170529,9.14,9.14,9.14,9.14,0
MC,20170529,36.75,36.75,36.75,36.75,0
MCA,20170529,14.92,14.92,14.92,14.92,0
MCC,20170529,6,6,6,6,0
MCD,20170529,149.86,149.86,149.86,149.86,0
MCI,20170529,15.18,15.18,15.18,15.18,0
MCK,20170529,161.2,161.2,161.2,161.2,0
MCN,20170529,7.94,7.94,7.94,7.94,0
MCO,20170529,117.11,117.11,117.11,117.11,0
MCR,20170529,8.75,8.75,8.75,8.75,0
MCS,20170529,33.85,33.85,33.85,33.85,0
MCV,20170529,25.49,25.49,25.49,25.49,0
MCX,20170529,25.83,25.83,25.83,25.83,0
MCY,20170529,55.66,55.66,55.66,55.66,0
MD,20170529,54.89,54.89,54.89,54.89,0
MDC,20170529,33.97,33.97,33.97,33.97,0
MDLQ,20170529,24.98,24.98,24.98,24.98,0
MDLX,20170529,24.13,24.13,24.13,24.13,0
MDLY,20170529,5.75,5.75,5.75,5.75,0
MDP,20170529,54.25,54.25,54.25,54.25,0
MDT,20170529,85.09,85.09,85.09,85.09,0
MDU,20170529,27.31,27.31,27.31,27.31,0
MED,20170529,41.57,41.57,41.57,41.57,0
MEI,20170529,40.25,40.25,40.25,40.25,0
MEN,20170529,11.81,11.81,11.81,11.81,0
MER-K,20170529,25.66,25.66,25.66,25.66,0
MET,20170529,51.05,51.05,51.05,51.05,0
MET-A,20170529,25.29,25.29,25.29,25.29,0
MFA,20170529,8.33,8.33,8.33,8.33,0
MFA-B,20170529,25.58,25.58,25.58,25.58,0
MFC,20170529,17.61,17.61,17.61,17.61,0
MFD,20170529,13.1,13.1,13.1,13.1,0
MFG,20170529,3.55,3.55,3.55,3.55,0
MFL,20170529,14.57,14.57,14.57,14.57,0
MFM,20170529,7.13,7.13,7.13,7.13,0
MFO,20170529,25.58,25.58,25.58,25.58,0
MFT,20170529,14.07,14.07,14.07,14.07,0
MFV,20170529,6.21,6.21,6.21,6.21,0
MG,20170529,20.81,20.81,20.81,20.81,0
MGA,20170529,44.99,44.99,44.99,44.99,0
MGF,20170529,4.94,4.94,4.94,4.94,0
MGM,20170529,31.82,31.82,31.82,31.82,0
MGP,20170529,27.99,27.99,27.99,27.99,0
MGR,20170529,25.33,25.33,25.33,25.33,0
MGU,20170529,24.58,24.58,24.58,24.58,0
MH-A,20170529,25.67,25.67,25.67,25.67,0
MH-C,20170529,25.87,25.87,25.87,25.87,0
MHD,20170529,17,17,17,17,0
MHF,20170529,7.47,7.47,7.47,7.47,0
MHI,20170529,11.86,11.86,11.86,11.86,0
MHK,20170529,235.89,235.89,235.89,235.89,0
MHLA,20170529,25.94,25.94,25.94,25.94,0
MHN,20170529,13.75,13.75,13.75,13.75,0
MHNC,20170529,26.7,26.7,26.7,26.7,0
MHO,20170529,28.54,28.54,28.54,28.54,0
MIC,20170529,78.37,78.37,78.37,78.37,0
MIE,20170529,11.07,11.07,11.07,11.07,0
MIN,20170529,4.3,4.3,4.3,4.3,0
MIT-A,20170529,25.3,25.3,25.3,25.3,0
MIT-B,20170529,25.29,25.29,25.29,25.29,0
MITT,20170529,18.67,18.67,18.67,18.67,0
MIXT,20170529,6.8,6.8,6.8,6.8,0
MIY,20170529,13.96,13.96,13.96,13.96,0
MKC,20170529,104.48,104.48,104.48,104.48,0
MKC.V,20170529,104.26,104.26,104.26,104.26,0
MKL,20170529,967.57,967.57,967.57,967.57,0
MLI,20170529,28.67,28.67,28.67,28.67,0
MLM,20170529,227.76,227.76,227.76,227.76,0
MLP,20170529,17.05,17.05,17.05,17.05,0
MLR,20170529,25.45,25.45,25.45,25.45,0
MMC,20170529,76.37,76.37,76.37,76.37,0
MMD,20170529,19.74,19.74,19.74,19.74,0
MMI,20170529,24.41,24.41,24.41,24.41,0
MMM,20170529,200.67,200.67,200.67,200.67,0
MMP,20170529,73.55,73.55,73.55,73.55,0
MMS,20170529,62.4,62.4,62.4,62.4,0
MMT,20170529,6.27,6.27,6.27,6.27,0
MMU,20170529,13.79,13.79,13.79,13.79,0
MN,20170529,4.75,4.75,4.75,4.75,0
MNE,20170529,13.82,13.82,13.82,13.82,0
MNK,20170529,43.28,43.28,43.28,43.28,0
MNP,20170529,15.69,15.69,15.69,15.69,0
MNR,20170529,14.82,14.82,14.82,14.82,0
MNR-C,20170529,25,25,25,25,0
MO,20170529,74.41,74.41,74.41,74.41,0
MOD,20170529,15.2,15.2,15.2,15.2,0
MODN,20170529,12.85,12.85,12.85,12.85,0
MOG.A,20170529,70.73,70.73,70.73,70.73,0
MOG.B,20170529,70.36,70.36,70.36,70.36,0
MOH,20170529,66.87,66.87,66.87,66.87,0
MOS,20170529,23.16,23.16,23.16,23.16,0
MOV,20170529,21.4,21.4,21.4,21.4,0
MPA,20170529,14.39,14.39,14.39,14.39,0
MPC,20170529,52.82,52.82,52.82,52.82,0
MPLX,20170529,34.05,34.05,34.05,34.05,0
MPV,20170529,14.34,14.34,14.34,14.34,0
MPW,20170529,12.8,12.8,12.8,12.8,0
MPX,20170529,13.35,13.35,13.35,13.35,0
MQT,20170529,13.05,13.05,13.05,13.05,0
MQY,20170529,15.39,15.39,15.39,15.39,0
MRC,20170529,19.67,19.67,19.67,19.67,0
MRK,20170529,64.92,64.92,64.92,64.92,0
MRO,20170529,13.52,13.52,13.52,13.52,0
MS,20170529,42.84,42.84,42.84,42.84,0
MS-A,20170529,23.65,23.65,23.65,23.65,0
MS-E,20170529,29.42,29.42,29.42,29.42,0
MS-F,20170529,29.23,29.23,29.23,29.23,0
MS-I,20170529,27.87,27.87,27.87,27.87,0
MS-K,20170529,26.76,26.76,26.76,26.76,0
MSA,20170529,79.38,79.38,79.38,79.38,0
MSB,20170529,14.15,14.15,14.15,14.15,0
MSCI,20170529,100.51,100.51,100.51,100.51,0
MSD,20170529,10.02,10.02,10.02,10.02,0
MSG,20170529,195.67,195.67,195.67,195.67,0
MSGN,20170529,21.45,21.45,21.45,21.45,0
MSI,20170529,81.86,81.86,81.86,81.86,0
MSM,20170529,85.48,85.48,85.48,85.48,0
MT,20170529,22.26,22.26,22.26,22.26,0
MTB,20170529,160.2,160.2,160.2,160.2,0
MTD,20170529,578.4,578.4,578.4,578.4,0
MTDR,20170529,23.89,23.89,23.89,23.89,0
MTG,20170529,10.84,10.84,10.84,10.84,0
MTH,20170529,40.35,40.35,40.35,40.35,0
MTL,20170529,5.25,5.25,5.25,5.25,0
MTL.P,20170529,0.86,0.86,0.86,0.86,0
MTN,20170529,208.57,208.57,208.57,208.57,0
MTOR,20170529,16,16,16,16,0
MTR,20170529,14.85,14.85,14.85,14.85,0
MTRN,20170529,34.6,34.6,34.6,34.6,0
MTT,20170529,22.55,22.55,22.55,22.55,0
MTW,20170529,5.91,5.91,5.91,5.91,0
MTX,20170529,72.75,72.75,72.75,72.75,0
MTZ,20170529,41.3,41.3,41.3,41.3,0
MUA,20170529,14.67,14.67,14.67,14.67,0
MUC,20170529,14.34,14.34,14.34,14.34,0
MUE,20170529,13.77,13.77,13.77,13.77,0
MUH,20170529,15.73,15.73,15.73,15.73,0
MUI,20170529,14.08,14.08,14.08,14.08,0
MUJ,20170529,14.44,14.44,14.44,14.44,0
MUR,20170529,25.31,25.31,25.31,25.31,0
MUS,20170529,13.65,13.65,13.65,13.65,0
MUSA,20170529,68.37,68.37,68.37,68.37,0
MUX,20170529,2.68,2.68,2.68,2.68,0
MVC,20170529,8.74,8.74,8.74,8.74,0
MVO,20170529,6.18,6.18,6.18,6.18,0
MVT,20170529,15.9,15.9,15.9,15.9,0
MWA,20170529,11.16,11.16,11.16,11.16,0
MX,20170529,8.6,8.6,8.6,8.6,0
MXE,20170529,11.14,11.14,11.14,11.14,0
MXF,20170529,16.87,16.87,16.87,16.87,0
MXL,20170529,31.55,31.55,31.55,31.55,0
MYC,20170529,15.08,15.08,15.08,15.08,0
MYD,20170529,14.83,14.83,14.83,14.83,0
MYE,20170529,16.7,16.7,16.7,16.7,0
MYF,20170529,15.62,15.62,15.62,15.62,0
MYI,20170529,14.44,14.44,14.44,14.44,0
MYJ,20170529,15.58,15.58,15.58,15.58,0
MYN,20170529,13.05,13.05,13.05,13.05,0
MYOV,20170529,13.3,13.3,13.3,13.3,0
NAC,20170529,14.71,14.71,14.71,14.71,0
NAD,20170529,14,14,14,14,0
NAN,20170529,13.86,13.86,13.86,13.86,0
NAT,20170529,5.97,5.97,5.97,5.97,0
NAV,20170529,26.92,26.92,26.92,26.92,0
NAV-D,20170529,10.22,10.22,10.22,10.22,0
NAZ,20170529,14.27,14.27,14.27,14.27,0
NBB,20170529,20.94,20.94,20.94,20.94,0
NBHC,20170529,30.79,30.79,30.79,30.79,0
NBR,20170529,8.75,8.75,8.75,8.75,0
NC,20170529,65.7,65.7,65.7,65.7,0
NCA,20170529,10.36,10.36,10.36,10.36,0
NCB,20170529,17.05,17.05,17.05,17.05,0
NCR,20170529,40.36,40.36,40.36,40.36,0
NCV,20170529,6.94,6.94,6.94,6.94,0
NCZ,20170529,6.17,6.17,6.17,6.17,0
NDP,20170529,14.94,14.94,14.94,14.94,0
NE,20170529,4.07,4.07,4.07,4.07,0
NEA,20170529,13.66,13.66,13.66,13.66,0
NEE,20170529,140.71,140.71,140.71,140.71,0
NEE-I,20170529,24.98,24.98,24.98,24.98,0
NEE-J,20170529,25.03,25.03,25.03,25.03,0
NEE-K,20170529,24.86,24.86,24.86,24.86,0
NEM,20170529,34.11,34.11,34.11,34.11,0
NEP,20170529,34.55,34.55,34.55,34.55,0
NEU,20170529,470.87,470.87,470.87,470.87,0
NEV,20170529,14.36,14.36,14.36,14.36,0
NEWR,20170529,44.6,44.6,44.6,44.6,0
NFG,20170529,57.21,57.21,57.21,57.21,0
NFJ,20170529,13.32,13.32,13.32,13.32,0
NGG,20170529,69.99,69.99,69.99,69.99,0
NGL,20170529,14.15,14.15,14.15,14.15,0
NGL-A,20170529,27.4,27.4,27.4,27.4,0
NGS,20170529,26.45,26.45,26.45,26.45,0
NGVC,20170529,9.81,9.81,9.81,9.81,0
NGVT,20170529,59.51,59.51,59.51,59.51,0
NHA,20170529,9.85,9.85,9.85,9.85,0
NHF,20170529,22.08,22.08,22.08,22.08,0
NHI,20170529,75.39,75.39,75.39,75.39,0
NI,20170529,25.56,25.56,25.56,25.56,0
NID,20170529,13.24,13.24,13.24,13.24,0
NIE,20170529,19.9,19.9,19.9,19.9,0
NIM,20170529,10.01,10.01,10.01,10.01,0
NIQ,20170529,13.06,13.06,13.06,13.06,0
NJR,20170529,41.75,41.75,41.75,41.75,0
NKE,20170529,52.59,52.59,52.59,52.59,0
NKG,20170529,13.19,13.19,13.19,13.19,0
NKX,20170529,15.16,15.16,15.16,15.16,0
NL,20170529,7.9,7.9,7.9,7.9,0
NLS,20170529,18.1,18.1,18.1,18.1,0
NLSN,20170529,38.54,38.54,38.54,38.54,0
NLY,20170529,11.82,11.82,11.82,11.82,0
NLY-D,20170529,25.7,25.7,25.7,25.7,0
NM,20170529,11.6,11.6,11.6,11.6,0
NM-G,20170529,17.5,17.5,17.5,17.5,0
NM-H,20170529,17.05,17.05,17.05,17.05,0
NMFC,20170529,14.6,14.6,14.6,14.6,0
NMI,20170529,11.9,11.9,11.9,11.9,0
NMK-B,20170529,97,97,97,97,0
NMK-C,20170529,101.79,101.79,101.79,101.79,0
NMM,20170529,25.5,25.5,25.5,25.5,0
NMR,20170529,6.07,6.07,6.07,6.07,0
NMS,20170529,16.08,16.08,16.08,16.08,0
NMT,20170529,13.78,13.78,13.78,13.78,0
NMY,20170529,12.92,12.92,12.92,12.92,0
NMZ,20170529,13.41,13.41,13.41,13.41,0
NNA,20170529,23.25,23.25,23.25,23.25,0
NNI,20170529,39.62,39.62,39.62,39.62,0
NNN,20170529,38.45,38.45,38.45,38.45,0
NNN-F,20170529,24.03,24.03,24.03,24.03,0
NNY,20170529,9.91,9.91,9.91,9.91,0
NOA,20170529,4.6,4.6,4.6,4.6,0
NOAH,20170529,27.82,27.82,27.82,27.82,0
NOC,20170529,256.99,256.99,256.99,256.99,0
NOK,20170529,6.38,6.38,6.38,6.38,0
NOM,20170529,15.76,15.76,15.76,15.76,0
NOMD,20170529,14.21,14.21,14.21,14.21,0
NOV,20170529,32.77,32.77,32.77,32.77,0
NOW,20170529,106.03,106.03,106.03,106.03,0
NP,20170529,78.5,78.5,78.5,78.5,0
NPK,20170529,106.5,106.5,106.5,106.5,0
NPO,20170529,65.89,65.89,65.89,65.89,0
NPTN,20170529,9.01,9.01,9.01,9.01,0
NPV,20170529,13.18,13.18,13.18,13.18,0
NQP,20170529,13.4,13.4,13.4,13.4,0
NR,20170529,7.7,7.7,7.7,7.7,0
NRG,20170529,16.47,16.47,16.47,16.47,0
NRK,20170529,13.08,13.08,13.08,13.08,0
NRP,20170529,29.8,29.8,29.8,29.8,0
NRT,20170529,7.22,7.22,7.22,7.22,0
NRZ,20170529,16.55,16.55,16.55,16.55,0
NS,20170529,46.27,46.27,46.27,46.27,0
NS-A,20170529,27,27,27,27,0
NS-B,20170529,25.54,25.54,25.54,25.54,0
NSA,20170529,24.54,24.54,24.54,24.54,0
NSC,20170529,122.33,122.33,122.33,122.33,0
NSL,20170529,6.92,6.92,6.92,6.92,0
NSP,20170529,38.2,38.2,38.2,38.2,0
NSS,20170529,25.75,25.75,25.75,25.75,0
NTB,20170529,33.13,33.13,33.13,33.13,0
NTG,20170529,19.35,19.35,19.35,19.35,0
NTP,20170529,8,8,8,8,0
NTX,20170529,14.33,14.33,14.33,14.33,0
NTZ,20170529,12.7,12.7,12.7,12.7,0
NUE,20170529,58.15,58.15,58.15,58.15,0
NUM,20170529,13.67,13.67,13.67,13.67,0
NUO,20170529,15,15,15,15,0
NUS,20170529,54.89,54.89,54.89,54.89,0
NUV,20170529,10,10,10,10,0
NUW,20170529,17.24,17.24,17.24,17.24,0
NVG,20170529,14.97,14.97,14.97,14.97,0
NVGS,20170529,7.8,7.8,7.8,7.8,0
NVO,20170529,41.68,41.68,41.68,41.68,0
NVR,20170529,2285.63,2285.63,2285.63,2285.63,0
NVRO,20170529,73.84,73.84,73.84,73.84,0
NVS,20170529,70.9245,70.9245,70.9245,70.9245,0
NVTA,20170529,8.6,8.6,8.6,8.6,0
NWE,20170529,61.41,61.41,61.41,61.41,0
NWHM,20170529,10.97,10.97,10.97,10.97,0
NWN,20170529,61.15,61.15,61.15,61.15,0
NX,20170529,19.45,19.45,19.45,19.45,0
NXC,20170529,16.06,16.06,16.06,16.06,0
NXJ,20170529,13.72,13.72,13.72,13.72,0
NXN,20170529,13.86,13.86,13.86,13.86,0
NXP,20170529,14.36,14.36,14.36,14.36,0
NXQ,20170529,13.79,13.79,13.79,13.79,0
NXR,20170529,14.7,14.7,14.7,14.7,0
NXRT,20170529,24.68,24.68,24.68,24.68,0
NYC-A,20170529,28.46,28.46,28.46,28.46,0
NYC-U,20170529,50.15,50.15,50.15,50.15,0
NYCB,20170529,13.01,13.01,13.01,13.01,0
NYT,20170529,17.25,17.25,17.25,17.25,0
NYV,20170529,14.95,14.95,14.95,14.95,0
NZF,20170529,14.8,14.8,14.8,14.8,0
O,20170529,55.18,55.18,55.18,55.18,0
OAK-A,20170529,24.99,24.99,24.99,24.99,0
OC,20170529,61.63,61.63,61.63,61.63,0
OCN,20170529,2.66,2.66,2.66,2.66,0
ODC,20170529,34.79,34.79,34.79,34.79,0
OEC,20170529,17.85,17.85,17.85,17.85,0
OFC,20170529,33.71,33.71,33.71,33.71,0
OFG,20170529,9.65,9.65,9.65,9.65,0
OFG-A,20170529,24.18,24.18,24.18,24.18,0
OFG-B,20170529,23.72,23.72,23.72,23.72,0
OFG-D,20170529,24.05,24.05,24.05,24.05,0
OGE,20170529,35.15,35.15,35.15,35.15,0
OGS,20170529,70.67,70.67,70.67,70.67,0
OHI,20170529,31.56,31.56,31.56,31.56,0
OI,20170529,22.46,22.46,22.46,22.46,0
OIA,20170529,7.96,7.96,7.96,7.96,0
OIB.C,20170529,6.25,6.25,6.25,6.25,0
OII,20170529,24.8,24.8,24.8,24.8,0
OIS,20170529,29.15,29.15,29.15,29.15,0
OKE,20170529,51.69,51.69,51.69,51.69,0
OLN,20170529,30.15,30.15,30.15,30.15,0
OLP,20170529,22.56,22.56,22.56,22.56,0
OMC,20170529,83.26,83.26,83.26,83.26,0
OMF,20170529,23.13,23.13,23.13,23.13,0
OMI,20170529,31.91,31.91,31.91,31.91,0
OMN,20170529,8.6,8.6,8.6,8.6,0
ONDK,20170529,3.57,3.57,3.57,3.57,0
OOMA,20170529,8.7,8.7,8.7,8.7,0
OPP,20170529,19.2,19.2,19.2,19.2,0
OPY,20170529,15.75,15.75,15.75,15.75,0
OR,20170529,10.61,10.61,10.61,10.61,0
ORA,20170529,59.48,59.48,59.48,59.48,0
ORAN,20170529,17.5,17.5,17.5,17.5,0
ORC,20170529,10.1,10.1,10.1,10.1,0
ORCL,20170529,45.26,45.26,45.26,45.26,0
ORI,20170529,19.74,19.74,19.74,19.74,0
ORN,20170529,7.18,7.18,7.18,7.18,0
OSB,20170529,29.1,29.1,29.1,29.1,0
OSG,20170529,3.11,3.11,3.11,3.11,0
OSK,20170529,64.91,64.91,64.91,64.91,0
OUT,20170529,22.54,22.54,22.54,22.54,0
OXM,20170529,53.48,53.48,53.48,53.48,0
OXY,20170529,61,61,61,61,0
PAA,20170529,26.92,26.92,26.92,26.92,0
PAC,20170529,107.08,107.08,107.08,107.08,0
PACD,20170529,1.93,1.93,1.93,1.93,0
PAG,20170529,43.01,43.01,43.01,43.01,0
PAGP,20170529,27.35,27.35,27.35,27.35,0
PAI,20170529,14.68,14.68,14.68,14.68,0
PAM,20170529,63.01,63.01,63.01,63.01,0
PANW,20170529,118.08,118.08,118.08,118.08,0
PAR,20170529,8.57,8.57,8.57,8.57,0
PAYC,20170529,65.96,65.96,65.96,65.96,0
PB,20170529,63.96,63.96,63.96,63.96,0
PBA,20170529,32.09,32.09,32.09,32.09,0
PBB,20170529,25.95,25.95,25.95,25.95,0
PBF,20170529,20.15,20.15,20.15,20.15,0
PBFX,20170529,19.85,19.85,19.85,19.85,0
PBH,20170529,49.81,49.81,49.81,49.81,0
PBI,20170529,14.93,14.93,14.93,14.93,0
PBI-B,20170529,26.34,26.34,26.34,26.34,0
PBR,20170529,8.95,8.95,8.95,8.95,0
PBR.A,20170529,8.33,8.33,8.33,8.33,0
PBT,20170529,9.79,9.79,9.79,9.79,0
PCF,20170529,8.76,8.76,8.76,8.76,0
PCG,20170529,67.37,67.37,67.37,67.37,0
PCI,20170529,22.31,22.31,22.31,22.31,0
PCK,20170529,10.07,10.07,10.07,10.07,0
PCM,20170529,10.75,10.75,10.75,10.75,0
PCN,20170529,16.82,16.82,16.82,16.82,0
PCQ,20170529,16.84,16.84,16.84,16.84,0
PDI,20170529,29.64,29.64,29.64,29.64,0
PDM,20170529,21.37,21.37,21.37,21.37,0
PDS,20170529,3.77,3.77,3.77,3.77,0
PDT,20170529,16.9,16.9,16.9,16.9,0
PE,20170529,30.8,30.8,30.8,30.8,0
PEB,20170529,30.98,30.98,30.98,30.98,0
PEB-C,20170529,25.19,25.19,25.19,25.19,0
PEB-D,20170529,25.58,25.58,25.58,25.58,0
PEG,20170529,44.43,44.43,44.43,44.43,0
PEI,20170529,11.19,11.19,11.19,11.19,0
PEI-B,20170529,25.48,25.48,25.48,25.48,0
PEI-C,20170529,26.34,26.34,26.34,26.34,0
PEN,20170529,84.1,84.1,84.1,84.1,0
PEO,20170529,19.01,19.01,19.01,19.01,0
PER,20170529,3,3,3,3,0
PFD,20170529,15.25,15.25,15.25,15.25,0
PFE,20170529,32.14,32.14,32.14,32.14,0
PFGC,20170529,28.35,28.35,28.35,28.35,0
PFH,20170529,17.11,17.11,17.11,17.11,0
PFL,20170529,11.79,11.79,11.79,11.79,0
PFN,20170529,10.47,10.47,10.47,10.47,0
PFO,20170529,12.49,12.49,12.49,12.49,0
PFS,20170529,23.96,23.96,23.96,23.96,0
PFSI,20170529,16.45,16.45,16.45,16.45,0
PG,20170529,87.25,87.25,87.25,87.25,0
PGP,20170529,19.85,19.85,19.85,19.85,0
PGR,20170529,42.3,42.3,42.3,42.3,0
PGRE,20170529,15.53,15.53,15.53,15.53,0
PGTI,20170529,11.45,11.45,11.45,11.45,0
PGZ,20170529,17.62,17.62,17.62,17.62,0
PH,20170529,159.26,159.26,159.26,159.26,0
PHD,20170529,11.96,11.96,11.96,11.96,0
PHG,20170529,35.13,35.13,35.13,35.13,0
PHI,20170529,34.79,34.79,34.79,34.79,0
PHK,20170529,8.81,8.81,8.81,8.81,0
PHM,20170529,22.84,22.84,22.84,22.84,0
PHT,20170529,10.04,10.04,10.04,10.04,0
PHX,20170529,19.35,19.35,19.35,19.35,0
PII,20170529,84.74,84.74,84.74,84.74,0
PIM,20170529,4.75,4.75,4.75,4.75,0
PIR,20170529,104.6,104.6,104.6,104.6,0
PIY,20170529,25.19,25.19,25.19,25.19,0
PJH,20170529,26.11,26.11,26.11,26.11,0
PJT,20170529,38.99,38.99,38.99,38.99,0
PK,20170529,25.62,25.62,25.62,25.62,0
PKD,20170529,21.75,21.75,21.75,21.75,0
PKE,20170529,16.4,16.4,16.4,16.4,0
PKG,20170529,102.18,102.18,102.18,102.18,0
PKI,20170529,62.8,62.8,62.8,62.8,0
PKO,20170529,26.14,26.14,26.14,26.14,0
PKX,20170529,62.86,62.86,62.86,62.86,0
PLD,20170529,55.79,55.79,55.79,55.79,0
PLNT,20170529,21.63,21.63,21.63,21.63,0
PLOW,20170529,29.15,29.15,29.15,29.15,0
PLT,20170529,53.06,53.06,53.06,53.06,0
PM,20170529,119.83,119.83,119.83,119.83,0
PMF,20170529,13.47,13.47,13.47,13.47,0
PML,20170529,13.03,13.03,13.03,13.03,0
PMM,20170529,7.49,7.49,7.49,7.49,0
PMO,20170529,12.37,12.37,12.37,12.37,0
PMT,20170529,17.73,17.73,17.73,17.73,0
PMT-A,20170529,25.77,25.77,25.77,25.77,0
PMX,20170529,11.52,11.52,11.52,11.52,0
PNC,20170529,121.32,121.32,121.32,121.32,0
PNC-P,20170529,29.84,29.84,29.84,29.84,0
PNC-Q,20170529,25.25,25.25,25.25,25.25,0
PNF,20170529,12.69,12.69,12.69,12.69,0
PNI,20170529,11.57,11.57,11.57,11.57,0
PNM,20170529,37.7,37.7,37.7,37.7,0
PNR,20170529,44.4821,44.4821,44.4821,44.4821,0
PNW,20170529,87.4,87.4,87.4,87.4,0
POL,20170529,37.72,37.72,37.72,37.72,0
POR,20170529,46.94,46.94,46.94,46.94,0
POST,20170529,81.42,81.42,81.42,81.42,0
PPG,20170529,107.24,107.24,107.24,107.24,0
PPL,20170529,39.86,39.86,39.86,39.86,0
PPR,20170529,5.41,5.41,5.41,5.41,0
PPT,20170529,5.19,5.19,5.19,5.19,0
PPX,20170529,25.82,25.82,25.82,25.82,0
PRA,20170529,59.25,59.25,59.25,59.25,0
PRE-F,20170529,25.5,25.5,25.5,25.5,0
PRE-G,20170529,26.89,26.89,26.89,26.89,0
PRE-H,20170529,29,29,29,29,0
PRE-I,20170529,26.19,26.19,26.19,26.19,0
PRGO,20170529,69.95,69.95,69.95,69.95,0
PRH,20170529,26.1,26.1,26.1,26.1,0
PRI,20170529,71.75,71.75,71.75,71.75,0
PRLB,20170529,64,64,64,64,0
PRO,20170529,29.53,29.53,29.53,29.53,0
PRTY,20170529,16.95,16.95,16.95,16.95,0
PRU,20170529,105.07,105.07,105.07,105.07,0
PSA,20170529,216.39,216.39,216.39,216.39,0
PSA-B,20170529,25.83,25.83,25.83,25.83,0
PSA-C,20170529,25.44,25.44,25.44,25.44,0
PSA-D,20170529,24.45,24.45,24.45,24.45,0
PSA-E,20170529,24.01,24.01,24.01,24.01,0
PSA-V,20170529,25.26,25.26,25.26,25.26,0
PSA-W,20170529,25.3,25.3,25.3,25.3,0
PSA-X,20170529,25.16,25.16,25.16,25.16,0
PSB,20170529,124.64,124.64,124.64,124.64,0
PSB-W,20170529,24.49,24.49,24.49,24.49,0
PSF,20170529,27.96,27.96,27.96,27.96,0
PSO,20170529,8.92,8.92,8.92,8.92,0
PSTG,20170529,12.74,12.74,12.74,12.74,0
PSX,20170529,77.44,77.44,77.44,77.44,0
PSXP,20170529,50.57,50.57,50.57,50.57,0
PTR,20170529,67.78,67.78,67.78,67.78,0
PTY,20170529,16.27,16.27,16.27,16.27,0
PUK,20170529,44.97,44.97,44.97,44.97,0
PUK-A,20170529,26.25,26.25,26.25,26.25,0
PUK.P,20170529,26.65,26.65,26.65,26.65,0
PUMP,20170529,13.71,13.71,13.71,13.71,0
PVG,20170529,9.18,9.18,9.18,9.18,0
PVH,20170529,105.29,105.29,105.29,105.29,0
PWR,20170529,31.07,31.07,31.07,31.07,0
PXD,20170529,170.24,170.24,170.24,170.24,0
PYN,20170529,9.73,9.73,9.73,9.73,0
PYS,20170529,23.47,23.47,23.47,23.47,0
PYT,20170529,20.58,20.58,20.58,20.58,0
PZC,20170529,12.54,12.54,12.54,12.54,0
PZN,20170529,8.81,8.81,8.81,8.81,0
QEP,20170529,10.53,10.53,10.53,10.53,0
QHC,20170529,3.64,3.64,3.64,3.64,0
QSR,20170529,61.42,61.42,61.42,61.42,0
QTS,20170529,52.4,52.4,52.4,52.4,0
QTWO,20170529,40.05,40.05,40.05,40.05,0
QUAD,20170529,22.16,22.16,22.16,22.16,0
QUOT,20170529,11.1,11.1,11.1,11.1,0
R,20170529,65.81,65.81,65.81,65.81,0
RA,20170529,23.54,23.54,23.54,23.54,0
RACE,20170529,85.5,85.5,85.5,85.5,0
RAD,20170529,73.4,73.4,73.4,73.4,0
RBA,20170529,31.17,31.17,31.17,31.17,0
RBC,20170529,78.9,78.9,78.9,78.9,0
RBS,20170529,6.72,6.72,6.72,6.72,0
RCI,20170529,46.56,46.56,46.56,46.56,0
RCL,20170529,111.08,111.08,111.08,111.08,0
RCS,20170529,10.01,10.01,10.01,10.01,0
RDN,20170529,16.55,16.55,16.55,16.55,0
RDS.A,20170529,54.41,54.41,54.41,54.41,0
RDS.B,20170529,56.33,56.33,56.33,56.33,0
RDY,20170529,37.28,37.28,37.28,37.28,0
RE,20170529,248.66,248.66,248.66,248.66,0
RELX,20170529,21.4,21.4,21.4,21.4,0
RENN,20170529,6.84,6.84,6.84,6.84,0
RES,20170529,19.34,19.34,19.34,19.34,0
RESI,20170529,14.3,14.3,14.3,14.3,0
REV,20170529,18.9,18.9,18.9,18.9,0
REVG,20170529,28.43,28.43,28.43,28.43,0
REX,20170529,93.5,93.5,93.5,93.5,0
REX-A,20170529,24.74,24.74,24.74,24.74,0
REXR,20170529,27.35,27.35,27.35,27.35,0
RF,20170529,14.13,14.13,14.13,14.13,0
RF-A,20170529,26.19,26.19,26.19,26.19,0
RF-B,20170529,29.03,29.03,29.03,29.03,0
RFI,20170529,12.52,12.52,12.52,12.52,0
RFP,20170529,4.7,4.7,4.7,4.7,0
RGA,20170529,125.66,125.66,125.66,125.66,0
RGR,20170529,63.3,63.3,63.3,63.3,0
RGS,20170529,9.28,9.28,9.28,9.28,0
RGT,20170529,9.43,9.43,9.43,9.43,0
RH,20170529,57.81,57.81,57.81,57.81,0
RHI,20170529,45.9,45.9,45.9,45.9,0
RHP,20170529,64.27,64.27,64.27,64.27,0
RIG,20170529,9.56,9.56,9.56,9.56,0
RIO,20170529,40.98,40.98,40.98,40.98,0
RIV,20170529,20.02,20.02,20.02,20.02,0
RJF,20170529,73.68,73.68,73.68,73.68,0
RL,20170529,66.11,66.11,66.11,66.11,0
RLGY,20170529,30.54,30.54,30.54,30.54,0
RLH,20170529,6.55,6.55,6.55,6.55,0
RLI,20170529,55.67,55.67,55.67,55.67,0
RLJ,20170529,20.51,20.51,20.51,20.51,0
RM,20170529,20.41,20.41,20.41,20.41,0
RMAX,20170529,55.2,55.2,55.2,55.2,0
RMD,20170529,70.07,70.07,70.07,70.07,0
RMT,20170529,8.67,8.67,8.67,8.67,0
RNG,20170529,34,34,34,34,0
RNP,20170529,20.16,20.16,20.16,20.16,0
RNR,20170529,141.18,141.18,141.18,141.18,0
RNR-C,20170529,25.49,25.49,25.49,25.49,0
RNR-E,20170529,25.64,25.64,25.64,25.64,0
ROG,20170529,108.7,108.7,108.7,108.7,0
ROK,20170529,159.28,159.28,159.28,159.28,0
ROL,20170529,28.72,28.72,28.72,28.72,0
ROP,20170529,227.08,227.08,227.08,227.08,0
ROYT,20170529,1.97,1.97,1.97,1.97,0
RPAI,20170529,12.64,12.64,12.64,12.64,0
RPM,20170529,53.99,53.99,53.99,53.99,0
RPT,20170529,12.77,12.77,12.77,12.77,0
RPT-D,20170529,52.04,52.04,52.04,52.04,0
RQI,20170529,12.46,12.46,12.46,12.46,0
RRC,20170529,24.2,24.2,24.2,24.2,0
RRD,20170529,11.99,11.99,11.99,11.99,0
RRTS,20170529,156.25,156.25,156.25,156.25,0
RS,20170529,72.84,72.84,72.84,72.84,0
RSG,20170529,63.07,63.07,63.07,63.07,0
RST,20170529,11.91,11.91,11.91,11.91,0
RTN,20170529,163.3,163.3,163.3,163.3,0
RUBI,20170529,5,5,5,5,0
RVT,20170529,14.45,14.45,14.45,14.45,0
RWT,20170529,16.98,16.98,16.98,16.98,0
RXN,20170529,23,23,23,23,0
RY,20170529,69.79,69.79,69.79,69.79,0
RY-T,20170529,28.44,28.44,28.44,28.44,0
RYAM,20170529,16.05,16.05,16.05,16.05,0
RYI,20170529,8.75,8.75,8.75,8.75,0
RYN,20170529,28,28,28,28,0
RZA,20170529,29.42,29.42,29.42,29.42,0
RZB,20170529,29.13,29.13,29.13,29.13,0
S,20170529,8.4,8.4,8.4,8.4,0
SA,20170529,10.35,10.35,10.35,10.35,0
SAB,20170529,26.2,26.2,26.2,26.2,0
SAH,20170529,18.5,18.5,18.5,18.5,0
SAIC,20170529,77.17,77.17,77.17,77.17,0
SALT,20170529,6.15,6.15,6.15,6.15,0
SAM,20170529,144.85,144.85,144.85,144.85,0
SAN,20170529,6.59,6.59,6.59,6.59,0
SAN-B,20170529,24.31,24.31,24.31,24.31,0
SAP,20170529,106.3,106.3,106.3,106.3,0
SAR,20170529,21.78,21.78,21.78,21.78,0
SB,20170529,2.17,2.17,2.17,2.17,0
SB-C,20170529,19.04,19.04,19.04,19.04,0
SB-D,20170529,19.4,19.4,19.4,19.4,0
SBGL,20170529,5.52,5.52,5.52,5.52,0
SBH,20170529,17.72,17.72,17.72,17.72,0
SBNA,20170529,24.07,24.07,24.07,24.07,0
SBOW,20170529,29.9,29.9,29.9,29.9,0
SBR,20170529,38.25,38.25,38.25,38.25,0
SBS,20170529,8.9,8.9,8.9,8.9,0
SC,20170529,11.84,11.84,11.84,11.84,0
SCCO,20170529,34.89,34.89,34.89,34.89,0
SCD,20170529,14.24,14.24,14.24,14.24,0
SCE-G,20170529,25.15,25.15,25.15,25.15,0
SCE-H,20170529,29.12,29.12,29.12,29.12,0
SCE-J,20170529,28.64,28.64,28.64,28.64,0
SCE-K,20170529,29.08,29.08,29.08,29.08,0
SCH-C,20170529,27.29,27.29,27.29,27.29,0
SCH-D,20170529,26.96,26.96,26.96,26.96,0
SCHW,20170529,39.52,39.52,39.52,39.52,0
SCI,20170529,31.96,31.96,31.96,31.96,0
SCL,20170529,85.96,85.96,85.96,85.96,0
SCM,20170529,14.06,14.06,14.06,14.06,0
SCS,20170529,16.75,16.75,16.75,16.75,0
SCX,20170529,9.35,9.35,9.35,9.35,0
SD,20170529,19.97,19.97,19.97,19.97,0
SDRL,20170529,139.2404,139.2404,139.2404,139.2404,0
SEAS,20170529,18.08,18.08,18.08,18.08,0
SEE,20170529,44.55,44.55,44.55,44.55,0
SEM,20170529,13.8,13.8,13.8,13.8,0
SERV,20170529,37.72,37.72,37.72,37.72,0
SF,20170529,43.22,43.22,43.22,43.22,0
SF-A,20170529,26.7,26.7,26.7,26.7,0
SFE,20170529,10.75,10.75,10.75,10.75,0
SFL,20170529,13.05,13.05,13.05,13.05,0
SFUN,20170529,18.4,18.4,18.4,18.4,0
SGU,20170529,9.98,9.98,9.98,9.98,0
SHAK,20170529,37.56,37.56,37.56,37.56,0
SHG,20170529,44.44,44.44,44.44,44.44,0
SHI,20170529,59.08,59.08,59.08,59.08,0
SHLX,20170529,30.57,30.57,30.57,30.57,0
SHO,20170529,15.76,15.76,15.76,15.76,0
SHO-E,20170529,25.98,25.98,25.98,25.98,0
SHO-F,20170529,25.4,25.4,25.4,25.4,0
SHOP,20170529,90.74,90.74,90.74,90.74,0
SHW,20170529,334.95,334.95,334.95,334.95,0
SID,20170529,2.12,2.12,2.12,2.12,0
SIG,20170529,49.31,49.31,49.31,49.31,0
SITE,20170529,52,52,52,52,0
SIX,20170529,60.85,60.85,60.85,60.85,0
SJI,20170529,35.98,35.98,35.98,35.98,0
SJM,20170529,128.17,128.17,128.17,128.17,0
SJR,20170529,21.23,21.23,21.23,21.23,0
SJT,20170529,7.32,7.32,7.32,7.32,0
SJW,20170529,47.88,47.88,47.88,47.88,0
SKM,20170529,25.09,25.09,25.09,25.09,0
SKT,20170529,26.14,26.14,26.14,26.14,0
SKX,20170529,24.88,24.88,24.88,24.88,0
SLB,20170529,70.09,70.09,70.09,70.09,0
SLCA,20170529,37.21,37.21,37.21,37.21,0
SLF,20170529,32.87,32.87,32.87,32.87,0
SLG,20170529,101.84,101.84,101.84,101.84,0
SLG-I,20170529,25.56,25.56,25.56,25.56,0
SM,20170529,18.85,18.85,18.85,18.85,0
SMFG,20170529,7.28,7.28,7.28,7.28,0
SMG,20170529,88.05,88.05,88.05,88.05,0
SMLP,20170529,23.25,23.25,23.25,23.25,0
SMM,20170529,12.49,12.49,12.49,12.49,0
SMP,20170529,48.55,48.55,48.55,48.55,0
SNA,20170529,160.71,160.71,160.71,160.71,0
SNAP,20170529,21.22,21.22,21.22,21.22,0
SNDR,20170529,19.61,19.61,19.61,19.61,0
SNE,20170529,36.68,36.68,36.68,36.68,0
SNN,20170529,34.89,34.89,34.89,34.89,0
SNP,20170529,82.49,82.49,82.49,82.49,0
SNR,20170529,9.63,9.63,9.63,9.63,0
SNV,20170529,41.5,41.5,41.5,41.5,0
SNX,20170529,110.89,110.89,110.89,110.89,0
SO,20170529,50.45,50.45,50.45,50.45,0
SOI,20170529,11.98,11.98,11.98,11.98,0
SOJA,20170529,26.74,26.74,26.74,26.74,0
SOJB,20170529,24.95,24.95,24.95,24.95,0
SOL,20170529,2.79,2.79,2.79,2.79,0
SON,20170529,51,51,51,51,0
SOR,20170529,38.2,38.2,38.2,38.2,0
SPB,20170529,132.01,132.01,132.01,132.01,0
SPE,20170529,15.02,15.02,15.02,15.02,0
SPE-B,20170529,25.6,25.6,25.6,25.6,0
SPG,20170529,157.26,157.26,157.26,157.26,0
SPG-J,20170529,72.49,72.49,72.49,72.49,0
SPGI,20170529,140.21,140.21,140.21,140.21,0
SPH,20170529,22.94,22.94,22.94,22.94,0
SPL-A,20170529,22.48,22.48,22.48,22.48,0
SPLP,20170529,18.95,18.95,18.95,18.95,0
SPN,20170529,10.91,10.91,10.91,10.91,0
SPR,20170529,54.66,54.66,54.66,54.66,0
SPXC,20170529,25.13,25.13,25.13,25.13,0
SPXX,20170529,15.71,15.71,15.71,15.71,0
SQ,20170529,22.33,22.33,22.33,22.33,0
SQM,20170529,37.31,37.31,37.31,37.31,0
SQNS,20170529,4.56,4.56,4.56,4.56,0
SR,20170529,70.4,70.4,70.4,70.4,0
SRC,20170529,36,36,36,36,0
SRE,20170529,114.48,114.48,114.48,114.48,0
SRF,20170529,8.93,8.93,8.93,8.93,0
SRG,20170529,39.67,39.67,39.67,39.67,0
SRI,20170529,15.68,15.68,15.68,15.68,0
SRLP,20170529,26.5,26.5,26.5,26.5,0
SRT,20170529,11.24,11.24,11.24,11.24,0
SRV,20170529,13.27,13.27,13.27,13.27,0
SSD,20170529,40.33,40.33,40.33,40.33,0
SSI,20170529,2.28,2.28,2.28,2.28,0
SSL,20170529,30.66,30.66,30.66,30.66,0
SSTK,20170529,46.45,46.45,46.45,46.45,0
SSW,20170529,5.73,5.73,5.73,5.73,0
SSW-D,20170529,21.66,21.66,21.66,21.66,0
SSW-E,20170529,22.33,22.33,22.33,22.33,0
SSW-G,20170529,21.58,21.58,21.58,21.58,0
SSW-H,20170529,21.06,21.06,21.06,21.06,0
ST,20170529,40.5,40.5,40.5,40.5,0
STA-C,20170529,27.47,27.47,27.47,27.47,0
STA-D,20170529,25.43,25.43,25.43,25.43,0
STA-G,20170529,25.32,25.32,25.32,25.32,0
STA-I,20170529,24.93,24.93,24.93,24.93,0
STAG,20170529,26.96,26.96,26.96,26.96,0
STAR,20170529,12.25,12.25,12.25,12.25,0
STC,20170529,44.85,44.85,44.85,44.85,0
STE,20170529,77.1,77.1,77.1,77.1,0
STK,20170529,23.15,23.15,23.15,23.15,0
STL,20170529,21.8,21.8,21.8,21.8,0
STM,20170529,16.5,16.5,16.5,16.5,0
STN,20170529,23.15,23.15,23.15,23.15,0
STNG,20170529,37.9,37.9,37.9,37.9,0
STON,20170529,9.37,9.37,9.37,9.37,0
STOR,20170529,20.56,20.56,20.56,20.56,0
STT,20170529,81.99,81.99,81.99,81.99,0
STT-C,20170529,25.16,25.16,25.16,25.16,0
STT-D,20170529,28.55,28.55,28.55,28.55,0
STT-G,20170529,27.15,27.15,27.15,27.15,0
STWD,20170529,22.14,22.14,22.14,22.14,0
STZ,20170529,180.93,180.93,180.93,180.93,0
STZ.B,20170529,181.59,181.59,181.59,181.59,0
SU,20170529,31.63,31.63,31.63,31.63,0
SUI,20170529,86.49,86.49,86.49,86.49,0
SUM,20170529,27.17,27.17,27.17,27.17,0
SUN,20170529,30.35,30.35,30.35,30.35,0
SUP,20170529,19.35,19.35,19.35,19.35,0
SUPV,20170529,17.09,17.09,17.09,17.09,0
SWK,20170529,136.79,136.79,136.79,136.79,0
SWM,20170529,38.13,38.13,38.13,38.13,0
SWN,20170529,6.61,6.61,6.61,6.61,0
SWP,20170529,103.53,103.53,103.53,103.53,0
SWX,20170529,79.35,79.35,79.35,79.35,0
SWZ,20170529,12.52,12.52,12.52,12.52,0
SXC,20170529,9.07,9.07,9.07,9.07,0
SXI,20170529,87.8,87.8,87.8,87.8,0
SXT,20170529,80.62,80.62,80.62,80.62,0
SYF,20170529,27.37,27.37,27.37,27.37,0
SYK,20170529,141.27,141.27,141.27,141.27,0
SYX,20170529,16.11,16.11,16.11,16.11,0
SYY,20170529,54.43,54.43,54.43,54.43,0
SZC,20170529,17.88,17.88,17.88,17.88,0
T,20170529,38.12,38.12,38.12,38.12,0
TAC,20170529,5.65,5.65,5.65,5.65,0
TAL,20170529,119.27,119.27,119.27,119.27,0
TAP,20170529,95.78,95.78,95.78,95.78,0
TAP.A,20170529,94,94,94,94,0
TARO,20170529,103.88,103.88,103.88,103.88,0
TBI,20170529,26.6,26.6,26.6,26.6,0
TCI,20170529,19.56,19.56,19.56,19.56,0
TCO,20170529,62.33,62.33,62.33,62.33,0
TCO-J,20170529,25.5,25.5,25.5,25.5,0
TCO-K,20170529,25.2,25.2,25.2,25.2,0
TCP,20170529,57.5,57.5,57.5,57.5,0
TCRZ,20170529,25.92,25.92,25.92,25.92,0
TCS,20170529,5.68,5.68,5.68,5.68,0
TD,20170529,47.73,47.73,47.73,47.73,0
TDA,20170529,25,25,25,25,0
TDC,20170529,28.6,28.6,28.6,28.6,0
TDE,20170529,25.58,25.58,25.58,25.58,0
TDF,20170529,19.46,19.46,19.46,19.46,0
TDG,20170529,264.41,264.41,264.41,264.41,0
TDI,20170529,25.67,25.67,25.67,25.67,0
TDJ,20170529,25.7,25.7,25.7,25.7,0
TDOC,20170529,30.3,30.3,30.3,30.3,0
TDS,20170529,27.86,27.86,27.86,27.86,0
TDW,20170529,0.75,0.75,0.75,0.75,0
TDY,20170529,131.35,131.35,131.35,131.35,0
TECK,20170529,18.71,18.71,18.71,18.71,0
TEF,20170529,11.26,11.26,11.26,11.26,0
TEI,20170529,11.42,11.42,11.42,11.42,0
TEL,20170529,78.01,78.01,78.01,78.01,0
TEN,20170529,56.82,56.82,56.82,56.82,0
TEO,20170529,25.07,25.07,25.07,25.07,0
TEVA,20170529,28.5,28.5,28.5,28.5,0
TEX,20170529,32.91,32.91,32.91,32.91,0
TFX,20170529,201.21,201.21,201.21,201.21,0
TG,20170529,15.95,15.95,15.95,15.95,0
TGH,20170529,11.35,11.35,11.35,11.35,0
TGI,20170529,33.25,33.25,33.25,33.25,0
TGNA,20170529,15.4295,15.4295,15.4295,15.4295,0
TGP,20170529,16.45,16.45,16.45,16.45,0
TGP-A,20170529,25.31,25.31,25.31,25.31,0
TGS,20170529,15.99,15.99,15.99,15.99,0
TGT,20170529,54.4,54.4,54.4,54.4,0
THC,20170529,17.45,17.45,17.45,17.45,0
THG,20170529,82.87,82.87,82.87,82.87,0
THGA,20170529,25.63,25.63,25.63,25.63,0
THO,20170529,91.4,91.4,91.4,91.4,0
THQ,20170529,17.27,17.27,17.27,17.27,0
THR,20170529,17.84,17.84,17.84,17.84,0
THS,20170529,77.49,77.49,77.49,77.49,0
THW,20170529,14.46,14.46,14.46,14.46,0
TIF,20170529,86.18,86.18,86.18,86.18,0
TISI,20170529,25.75,25.75,25.75,25.75,0
TJX,20170529,37.765,37.765,37.765,37.765,0
TK,20170529,6.5,6.5,6.5,6.5,0
TKC,20170529,8.45,8.45,8.45,8.45,0
TKR,20170529,46.1,46.1,46.1,46.1,0
TLI,20170529,11.6,11.6,11.6,11.6,0
TLK,20170529,33.63,33.63,33.63,33.63,0
TLRD,20170529,10.31,10.31,10.31,10.31,0
TLYS,20170529,10.15,10.15,10.15,10.15,0
TM,20170529,107.1,107.1,107.1,107.1,0
TMHC,20170529,23.65,23.65,23.65,23.65,0
TMO,20170529,173.42,173.42,173.42,173.42,0
TMST,20170529,13.71,13.71,13.71,13.71,0
TNC,20170529,70.7,70.7,70.7,70.7,0
TNET,20170529,30.8,30.8,30.8,30.8,0
TNK,20170529,1.93,1.93,1.93,1.93,0
TNP,20170529,4.51,4.51,4.51,4.51,0
TNP-C,20170529,25.67,25.67,25.67,25.67,0
TNP-D,20170529,24.97,24.97,24.97,24.97,0
TNP-E,20170529,24.91,24.91,24.91,24.91,0
TOL,20170529,37.39,37.39,37.39,37.39,0
TOO-A,20170529,18.5,18.5,18.5,18.5,0
TOO-B,20170529,20.49,20.49,20.49,20.49,0
TOT,20170529,53,53,53,53,0
TPB,20170529,16.32,16.32,16.32,16.32,0
TPC,20170529,26.45,26.45,26.45,26.45,0
TPH,20170529,12.49,12.49,12.49,12.49,0
TPL,20170529,289.38,289.38,289.38,289.38,0
TPRE,20170529,12.7,12.7,12.7,12.7,0
TPVG,20170529,13.53,13.53,13.53,13.53,0
TPX,20170529,45.96,45.96,45.96,45.96,0
TPZ,20170529,22.17,22.17,22.17,22.17,0
TR,20170529,35.6,35.6,35.6,35.6,0
TRC,20170529,20.58,20.58,20.58,20.58,0
TREC,20170529,10.65,10.65,10.65,10.65,0
TREX,20170529,31.365,31.365,31.365,31.365,0
TRGP,20170529,47.34,47.34,47.34,47.34,0
TRI,20170529,43.79,43.79,43.79,43.79,0
TRN,20170529,25.91,25.91,25.91,25.91,0
TRNO,20170529,32.69,32.69,32.69,32.69,0
TROX,20170529,16.55,16.55,16.55,16.55,0
TRP,20170529,47.01,47.01,47.01,47.01,0
TRQ,20170529,2.72,2.72,2.72,2.72,0
TRTN,20170529,29.55,29.55,29.55,29.55,0
TRU,20170529,43.1,43.1,43.1,43.1,0
TRV,20170529,123.66,123.66,123.66,123.66,0
TS,20170529,31.13,31.13,31.13,31.13,0
TSE,20170529,64.95,64.95,64.95,64.95,0
TSI,20170529,5.52,5.52,5.52,5.52,0
TSLF,20170529,18.26,18.26,18.26,18.26,0
TSLX,20170529,20.73,20.73,20.73,20.73,0
TSM,20170529,35.51,35.51,35.51,35.51,0
TSN,20170529,58.34,58.34,58.34,58.34,0
TSQ,20170529,10.12,10.12,10.12,10.12,0
TSU,20170529,15.18,15.18,15.18,15.18,0
TTC,20170529,67.2,67.2,67.2,67.2,0
TTI,20170529,3.29,3.29,3.29,3.29,0
TTM,20170529,37.07,37.07,37.07,37.07,0
TTP,20170529,20.46,20.46,20.46,20.46,0
TU,20170529,34.14,34.14,34.14,34.14,0
TUP,20170529,70.66,70.66,70.66,70.66,0
TV,20170529,25.14,25.14,25.14,25.14,0
TVC,20170529,25.16,25.16,25.16,25.16,0
TVE,20170529,24.92,24.92,24.92,24.92,0
TWI,20170529,10.56,10.56,10.56,10.56,0
TWLO,20170529,25.01,25.01,25.01,25.01,0
TWN,20170529,19.41,19.41,19.41,19.41,0
TWO,20170529,10.05,10.05,10.05,10.05,0
TWO-A,20170529,27.24,27.24,27.24,27.24,0
TWTR,20170529,18.23,18.23,18.23,18.23,0
TX,20170529,26.38,26.38,26.38,26.38,0
TXT,20170529,48.16,48.16,48.16,48.16,0
TY,20170529,24.07,24.07,24.07,24.07,0
TY.P,20170529,51.12,51.12,51.12,51.12,0
TYG,20170529,32.55,32.55,32.55,32.55,0
TYL,20170529,170.5,170.5,170.5,170.5,0
UA,20170529,18.07,18.07,18.07,18.07,0
UAA,20170529,19.69,19.69,19.69,19.69,0
UAN,20170529,4.41,4.41,4.41,4.41,0
UBA,20170529,18.93,18.93,18.93,18.93,0
UBP,20170529,16.52,16.52,16.52,16.52,0
UBS,20170529,16.22,16.22,16.22,16.22,0
UDR,20170529,38.33,38.33,38.33,38.33,0
UE,20170529,24.14,24.14,24.14,24.14,0
UFI,20170529,27.6,27.6,27.6,27.6,0
UFS,20170529,36.32,36.32,36.32,36.32,0
UGI,20170529,50.42,50.42,50.42,50.42,0
UGP,20170529,11.66,11.66,11.66,11.66,0
UHS,20170529,116.07,116.07,116.07,116.07,0
UHT,20170529,71.96,71.96,71.96,71.96,0
UIS,20170529,12.05,12.05,12.05,12.05,0
UL,20170529,55.13,55.13,55.13,55.13,0
UMC,20170529,2.06,2.06,2.06,2.06,0
UMH,20170529,17.24,17.24,17.24,17.24,0
UMH-B,20170529,26.69,26.69,26.69,26.69,0
UN,20170529,56.45,56.45,56.45,56.45,0
UNF,20170529,139.75,139.75,139.75,139.75,0
UNH,20170529,177.5,177.5,177.5,177.5,0
UNM,20170529,45.05,45.05,45.05,45.05,0
UNP,20170529,110.57,110.57,110.57,110.57,0
UNT,20170529,18.81,18.81,18.81,18.81,0
UNVR,20170529,31.18,31.18,31.18,31.18,0
UPS,20170529,105.87,105.87,105.87,105.87,0
URI,20170529,111.17,111.17,111.17,111.17,0
USA,20170529,5.61,5.61,5.61,5.61,0
USAC,20170529,16.05,16.05,16.05,16.05,0
USB,20170529,51.44,51.44,51.44,51.44,0
USB-A,20170529,885.01,885.01,885.01,885.01,0
USB-H,20170529,24.08,24.08,24.08,24.08,0
USB-M,20170529,30.3,30.3,30.3,30.3,0
USB-O,20170529,26.3,26.3,26.3,26.3,0
USDP,20170529,13.95,13.95,13.95,13.95,0
USFD,20170529,29.81,29.81,29.81,29.81,0
USM,20170529,39.17,39.17,39.17,39.17,0
USNA,20170529,64.35,64.35,64.35,64.35,0
USPH,20170529,63.5,63.5,63.5,63.5,0
UTF,20170529,22.99,22.99,22.99,22.99,0
UTI,20170529,3.71,3.71,3.71,3.71,0
UTL,20170529,47.43,47.43,47.43,47.43,0
UTX,20170529,121.85,121.85,121.85,121.85,0
UVE,20170529,24.8,24.8,24.8,24.8,0
UVV,20170529,65.7,65.7,65.7,65.7,0
UZA,20170529,25.9,25.9,25.9,25.9,0
UZB,20170529,26.58,26.58,26.58,26.58,0
UZC,20170529,26.91,26.91,26.91,26.91,0
V,20170529,94.67,94.67,94.67,94.67,0
VAC,20170529,116.15,116.15,116.15,116.15,0
VAL,20170529,112.99,112.99,112.99,112.99,0
VALE,20170529,8.53,8.53,8.53,8.53,0
VAR,20170529,97.87,97.87,97.87,97.87,0
VBF,20170529,19.54,19.54,19.54,19.54,0
VCRA,20170529,26.26,26.26,26.26,26.26,0
VCV,20170529,12.58,12.58,12.58,12.58,0
VEC,20170529,29.62,29.62,29.62,29.62,0
VEDL,20170529,15.3,15.3,15.3,15.3,0
VEEV,20170529,66.82,66.82,66.82,66.82,0
VER,20170529,8.33,8.33,8.33,8.33,0
VER-F,20170529,26.11,26.11,26.11,26.11,0
VET,20170529,32.07,32.07,32.07,32.07,0
VFC,20170529,53.71,53.71,53.71,53.71,0
VGI,20170529,17.07,17.07,17.07,17.07,0
VGM,20170529,13.18,13.18,13.18,13.18,0
VGR,20170529,21.83,21.83,21.83,21.83,0
VHI,20170529,3.43,3.43,3.43,3.43,0
VIPS,20170529,12.87,12.87,12.87,12.87,0
VIV,20170529,14.11,14.11,14.11,14.11,0
VJET,20170529,5.54,5.54,5.54,5.54,0
VKQ,20170529,12.69,12.69,12.69,12.69,0
VLO,20170529,62.45,62.45,62.45,62.45,0
VLRS,20170529,13.69,13.69,13.69,13.69,0
VLT,20170529,14.76,14.76,14.76,14.76,0
VMC,20170529,126.43,126.43,126.43,126.43,0
VMI,20170529,146.6,146.6,146.6,146.6,0
VMO,20170529,13.11,13.11,13.11,13.11,0
VMW,20170529,96.81,96.81,96.81,96.81,0
VNCE,20170529,0.55,0.55,0.55,0.55,0
VNO,20170529,92.52,92.52,92.52,92.52,0
VNO-K,20170529,25.4,25.4,25.4,25.4,0
VNO-L,20170529,25.1,25.1,25.1,25.1,0
VOC,20170529,4.32,4.32,4.32,4.32,0
VOYA,20170529,34.71,34.71,34.71,34.71,0
VPG,20170529,17.45,17.45,17.45,17.45,0
VPV,20170529,12.34,12.34,12.34,12.34,0
VRS,20170529,3.54,3.54,3.54,3.54,0
VRTV,20170529,44.45,44.45,44.45,44.45,0
VSH,20170529,16.5,16.5,16.5,16.5,0
VSLR,20170529,3.1,3.1,3.1,3.1,0
VST,20170529,14.99,14.99,14.99,14.99,0
VSTO,20170529,21.18,21.18,21.18,21.18,0
VTA,20170529,12.21,12.21,12.21,12.21,0
VTN,20170529,13.59,13.59,13.59,13.59,0
VTR,20170529,66.58,66.58,66.58,66.58,0
VVI,20170529,43.4,43.4,43.4,43.4,0
VVR,20170529,4.68,4.68,4.68,4.68,0
VVV,20170529,22.23,22.23,22.23,22.23,0
VZ,20170529,45.32,45.32,45.32,45.32,0
W,20170529,65,65,65,65,0
WAAS,20170529,17.11,17.11,17.11,17.11,0
WAB,20170529,81.25,81.25,81.25,81.25,0
WAL,20170529,45.92,45.92,45.92,45.92,0
WALA,20170529,25.72,25.72,25.72,25.72,0
WAT,20170529,178.07,178.07,178.07,178.07,0
WBAI,20170529,9.62,9.62,9.62,9.62,0
WBC,20170529,120.41,120.41,120.41,120.41,0
WBK,20170529,22.78,22.78,22.78,22.78,0
WBS,20170529,49.52,49.52,49.52,49.52,0
WBT,20170529,19.79,19.79,19.79,19.79,0
WCC,20170529,61.4,61.4,61.4,61.4,0
WCN,20170529,62.9267,62.9267,62.9267,62.9267,0
WD,20170529,46.97,46.97,46.97,46.97,0
WDR,20170529,16.73,16.73,16.73,16.73,0
WEA,20170529,13.64,13.64,13.64,13.64,0
WEC,20170529,62.45,62.45,62.45,62.45,0
WES,20170529,55.61,55.61,55.61,55.61,0
WEX,20170529,103.4,103.4,103.4,103.4,0
WF,20170529,42.4,42.4,42.4,42.4,0
WFC,20170529,52.41,52.41,52.41,52.41,0
WFC-L,20170529,1266,1266,1266,1266,0
WFC-N,20170529,24.9,24.9,24.9,24.9,0
WFC-O,20170529,24.86,24.86,24.86,24.86,0
WFC-P,20170529,25.36,25.36,25.36,25.36,0
WFC-Q,20170529,27.34,27.34,27.34,27.34,0
WFC-R,20170529,30.07,30.07,30.07,30.07,0
WFC-T,20170529,26.33,26.33,26.33,26.33,0
WFC-V,20170529,26.42,26.42,26.42,26.42,0
WFC-W,20170529,25.63,25.63,25.63,25.63,0
WFC-X,20170529,25.18,25.18,25.18,25.18,0
WFC-Y,20170529,25.17,25.17,25.17,25.17,0
WGO,20170529,25.15,25.15,25.15,25.15,0
WHG,20170529,55.52,55.52,55.52,55.52,0
WHR,20170529,179.13,179.13,179.13,179.13,0
WIA,20170529,11.34,11.34,11.34,11.34,0
WIT,20170529,4.0725,4.0725,4.0725,4.0725,0
WIW,20170529,11.11,11.11,11.11,11.11,0
WK,20170529,18.3,18.3,18.3,18.3,0
WLH,20170529,22.95,22.95,22.95,22.95,0
WLK,20170529,62.54,62.54,62.54,62.54,0
WLKP,20170529,24.6,24.6,24.6,24.6,0
WLL,20170529,7.97,7.97,7.97,7.97,0
WM,20170529,71.84,71.84,71.84,71.84,0
WMB,20170529,29.69,29.69,29.69,29.69,0
WMC,20170529,10.26,10.26,10.26,10.26,0
WMK,20170529,53.88,53.88,53.88,53.88,0
WMS,20170529,20.65,20.65,20.65,20.65,0
WMT,20170529,78.13,78.13,78.13,78.13,0
WNC,20170529,20.88,20.88,20.88,20.88,0
WNS,20170529,33.39,33.39,33.39,33.39,0
WOR,20170529,42.54,42.54,42.54,42.54,0
WOW,20170529,17.55,17.55,17.55,17.55,0
WPC,20170529,65,65,65,65,0
WPG,20170529,7.99,7.99,7.99,7.99,0
WPG-H,20170529,25.03,25.03,25.03,25.03,0
WPG-I,20170529,25.05,25.05,25.05,25.05,0
WPM,20170529,20.89,20.89,20.89,20.89,0
WPX,20170529,11.76,11.76,11.76,11.76,0
WRB,20170529,45.5333,45.5333,45.5333,45.5333,0
WRB-B,20170529,24.97,24.97,24.97,24.97,0
WRB-C,20170529,26.11,26.11,26.11,26.11,0
WRB-D,20170529,25.14,25.14,25.14,25.14,0
WRE,20170529,32.45,32.45,32.45,32.45,0
WRI,20170529,30.72,30.72,30.72,30.72,0
WRK,20170529,55.15,55.15,55.15,55.15,0
WSM,20170529,49.13,49.13,49.13,49.13,0
WSO,20170529,140.61,140.61,140.61,140.61,0
WSO.B,20170529,138.12,138.12,138.12,138.12,0
WSR,20170529,11.88,11.88,11.88,11.88,0
WST,20170529,97.04,97.04,97.04,97.04,0
WTI,20170529,2.14,2.14,2.14,2.14,0
WTM,20170529,878.35,878.35,878.35,878.35,0
WTS,20170529,62.15,62.15,62.15,62.15,0
WTTR,20170529,15.9,15.9,15.9,15.9,0
WU,20170529,19.07,19.07,19.07,19.07,0
WUBA,20170529,45.3,45.3,45.3,45.3,0
WWE,20170529,19.91,19.91,19.91,19.91,0
WWW,20170529,25.95,25.95,25.95,25.95,0
WY,20170529,33.01,33.01,33.01,33.01,0
X,20170529,19.74,19.74,19.74,19.74,0
XEC,20170529,110.95,110.95,110.95,110.95,0
XHR,20170529,17.9,17.9,17.9,17.9,0
XIN,20170529,4.84,4.84,4.84,4.84,0
XOM,20170529,81.55,81.55,81.55,81.55,0
XPO,20170529,52.87,52.87,52.87,52.87,0
XRF,20170529,7.07,7.07,7.07,7.07,0
XRX,20170529,28,28,28,28,0
XYL,20170529,51.41,51.41,51.41,51.41,0
Y,20170529,588.44,588.44,588.44,588.44,0
YELP,20170529,27.65,27.65,27.65,27.65,0
YEXT,20170529,13.75,13.75,13.75,13.75,0
YPF,20170529,24.91,24.91,24.91,24.91,0
YRD,20170529,23.83,23.83,23.83,23.83,0
YUM,20170529,72.09,72.09,72.09,72.09,0
YUMC,20170529,37.76,37.76,37.76,37.76,0
ZAYO,20170529,31.77,31.77,31.77,31.77,0
ZBH,20170529,119.23,119.23,119.23,119.23,0
ZEN,20170529,26.74,26.74,26.74,26.74,0
ZNH,20170529,37.17,37.17,37.17,37.17,0
ZTO,20170529,14.33,14.33,14.33,14.33,0
ZTR,20170529,12.51,12.51,12.51,12.51,0
ZTS,20170529,62.61,62.61,62.61,62.61,0
ZYME,20170529,12.59,12.59,12.59,12.59,0
