A,20170904,64.38,64.38,64.38,64.38,0
AA,20170904,45.04,45.04,45.04,45.04,0
AAN,20170904,44.5,44.5,44.5,44.5,0
AAP,20170904,98.06,98.06,98.06,98.06,0
AAT,20170904,40.75,40.75,40.75,40.75,0
AB,20170904,23.6,23.6,23.6,23.6,0
ABB,20170904,23.26,23.26,23.26,23.26,0
ABBV,20170904,75.42,75.42,75.42,75.42,0
ABC,20170904,80.24,80.24,80.24,80.24,0
ABEV,20170904,6.24,6.24,6.24,6.24,0
ABG,20170904,54.4,54.4,54.4,54.4,0
ABM,20170904,44.63,44.63,44.63,44.63,0
ABR,20170904,8.24,8.24,8.24,8.24,0
ABR-A,20170904,25.6,25.6,25.6,25.6,0
ABR-B,20170904,25.4,25.4,25.4,25.4,0
ABR-C,20170904,25.79,25.79,25.79,25.79,0
ABT,20170904,51.18,51.18,51.18,51.18,0
AC,20170904,34.45,34.45,34.45,34.45,0
ACC,20170904,47.92,47.92,47.92,47.92,0
ACCO,20170904,11.1,11.1,11.1,11.1,0
ACH,20170904,19.3,19.3,19.3,19.3,0
ACM,20170904,33.5,33.5,33.5,33.5,0
ACN,20170904,130.1,130.1,130.1,130.1,0
ACP,20170904,14.5,14.5,14.5,14.5,0
ACRE,20170904,13.25,13.25,13.25,13.25,0
ACV,20170904,21.34,21.34,21.34,21.34,0
ADC,20170904,50.26,50.26,50.26,50.26,0
ADM,20170904,42.2,42.2,42.2,42.2,0
ADNT,20170904,72.18,72.18,72.18,72.18,0
ADS,20170904,225.18,225.18,225.18,225.18,0
ADSW,20170904,23.85,23.85,23.85,23.85,0
ADX,20170904,14.81,14.81,14.81,14.81,0
AEB,20170904,24.95,24.95,24.95,24.95,0
AEE,20170904,59.8,59.8,59.8,59.8,0
AEG,20170904,5.73,5.73,5.73,5.73,0
AEL,20170904,28.42,28.42,28.42,28.42,0
AEM,20170904,51.23,51.23,51.23,51.23,0
AEO,20170904,12.29,12.29,12.29,12.29,0
AEP,20170904,73.54,73.54,73.54,73.54,0
AER,20170904,50.39,50.39,50.39,50.39,0
AES,20170904,11.12,11.12,11.12,11.12,0
AFB,20170904,14.09,14.09,14.09,14.09,0
AFC,20170904,25.84,25.84,25.84,25.84,0
AFG,20170904,102.28,102.28,102.28,102.28,0
AFGH,20170904,27.21,27.21,27.21,27.21,0
AFI,20170904,15.34,15.34,15.34,15.34,0
AFL,20170904,41.45,41.45,41.45,41.45,0
AFT,20170904,16.81,16.81,16.81,16.81,0
AG,20170904,7.11,7.11,7.11,7.11,0
AGCO,20170904,68.41,68.41,68.41,68.41,0
AGD,20170904,10.43,10.43,10.43,10.43,0
AGI,20170904,8.29,8.29,8.29,8.29,0
AGM,20170904,67.31,67.31,67.31,67.31,0
AGM-A,20170904,26.1,26.1,26.1,26.1,0
AGM-C,20170904,27.13,27.13,27.13,27.13,0
AGM.A,20170904,67.9,67.9,67.9,67.9,0
AGN,20170904,227.73,227.73,227.73,227.73,0
AGO,20170904,42.5,42.5,42.5,42.5,0
AGO-B,20170904,25.82,25.82,25.82,25.82,0
AGO-E,20170904,25.87,25.87,25.87,25.87,0
AGO-F,20170904,25.2,25.2,25.2,25.2,0
AGR,20170904,48.61,48.61,48.61,48.61,0
AGRO,20170904,9.84,9.84,9.84,9.84,0
AGX,20170904,64.15,64.15,64.15,64.15,0
AHC,20170904,5.05,5.05,5.05,5.05,0
AHH,20170904,13.51,13.51,13.51,13.51,0
AHL-C,20170904,28.93,28.93,28.93,28.93,0
AHL-D,20170904,25.84,25.84,25.84,25.84,0
AHT,20170904,6.26,6.26,6.26,6.26,0
AHT-D,20170904,25.77,25.77,25.77,25.77,0
AHT-F,20170904,25.13,25.13,25.13,25.13,0
AHT-G,20170904,25.12,25.12,25.12,25.12,0
AHT-H,20170904,24.93,24.93,24.93,24.93,0
AI,20170904,13.03,13.03,13.03,13.03,0
AI-B,20170904,25.1,25.1,25.1,25.1,0
AIC,20170904,24.38,24.38,24.38,24.38,0
AIF,20170904,16.21,16.21,16.21,16.21,0
AIG,20170904,60.7,60.7,60.7,60.7,0
AIG.W,20170904,18.51,18.51,18.51,18.51,0
AIN,20170904,53.95,53.95,53.95,53.95,0
AIR,20170904,36.25,36.25,36.25,36.25,0
AIT,20170904,57.75,57.75,57.75,57.75,0
AIV,20170904,45.22,45.22,45.22,45.22,0
AIW,20170904,24.615,24.615,24.615,24.615,0
AIZ,20170904,94.6,94.6,94.6,94.6,0
AJG,20170904,57.92,57.92,57.92,57.92,0
AJRD,20170904,29.95,29.95,29.95,29.95,0
AJX,20170904,14.3,14.3,14.3,14.3,0
AJXA,20170904,25.75,25.75,25.75,25.75,0
AKO.A,20170904,25.89,25.89,25.89,25.89,0
AKO.B,20170904,28.71,28.71,28.71,28.71,0
AKR,20170904,29.05,29.05,29.05,29.05,0
AKS,20170904,5.69,5.69,5.69,5.69,0
AL,20170904,40.49,40.49,40.49,40.49,0
ALB,20170904,118.63,118.63,118.63,118.63,0
ALE,20170904,77.52,77.52,77.52,77.52,0
ALEX,20170904,43.7,43.7,43.7,43.7,0
ALG,20170904,92.02,92.02,92.02,92.02,0
ALK,20170904,75.15,75.15,75.15,75.15,0
ALL,20170904,89.78,89.78,89.78,89.78,0
ALL-B,20170904,27,27,27,27,0
ALL-Y,20170904,26.17,26.17,26.17,26.17,0
ALLE,20170904,79.15,79.15,79.15,79.15,0
ALLY,20170904,22.74,22.74,22.74,22.74,0
ALSN,20170904,35.04,35.04,35.04,35.04,0
ALV,20170904,78.6744,78.6744,78.6744,78.6744,0
ALX,20170904,417.71,417.71,417.71,417.71,0
AM,20170904,33.55,33.55,33.55,33.55,0
AMC,20170904,14.15,14.15,14.15,14.15,0
AME,20170904,63.23,63.23,63.23,63.23,0
AMG,20170904,177.11,177.11,177.11,177.11,0
AMH,20170904,22.25,22.25,22.25,22.25,0
AMH-D,20170904,26.9,26.9,26.9,26.9,0
AMH-E,20170904,26.75,26.75,26.75,26.75,0
AMH-F,20170904,25.65,25.65,25.65,25.65,0
AMH-G,20170904,25.38,25.38,25.38,25.38,0
AMN,20170904,37.1,37.1,37.1,37.1,0
AMOV,20170904,18.56,18.56,18.56,18.56,0
AMP,20170904,139.82,139.82,139.82,139.82,0
AMRC,20170904,7.3,7.3,7.3,7.3,0
AMT,20170904,145.77,145.77,145.77,145.77,0
AMX,20170904,18.58,18.58,18.58,18.58,0
AN,20170904,45.52,45.52,45.52,45.52,0
ANET,20170904,177.49,177.49,177.49,177.49,0
ANF,20170904,13.1,13.1,13.1,13.1,0
ANH,20170904,6.1,6.1,6.1,6.1,0
ANH-A,20170904,26.65,26.65,26.65,26.65,0
ANH-B,20170904,29.76,29.76,29.76,29.76,0
ANH-C,20170904,25.32,25.32,25.32,25.32,0
ANTM,20170904,197.43,197.43,197.43,197.43,0
AOD,20170904,8.79,8.79,8.79,8.79,0
AON,20170904,138.86,138.86,138.86,138.86,0
AOS,20170904,55.79,55.79,55.79,55.79,0
AP,20170904,15.45,15.45,15.45,15.45,0
APA,20170904,39.48,39.48,39.48,39.48,0
APAM,20170904,31,31,31,31,0
APD,20170904,145.65,145.65,145.65,145.65,0
APH,20170904,80.87,80.87,80.87,80.87,0
APLE,20170904,18.2,18.2,18.2,18.2,0
APO,20170904,29.46,29.46,29.46,29.46,0
APO-A,20170904,26.08,26.08,26.08,26.08,0
APRN,20170904,78.3,78.3,78.3,78.3,0
APTS,20170904,18.29,18.29,18.29,18.29,0
AQN,20170904,10.87,10.87,10.87,10.87,0
AR,20170904,19.88,19.88,19.88,19.88,0
ARA,20170904,14.33,14.33,14.33,14.33,0
ARC,20170904,3.63,3.63,3.63,3.63,0
ARCH,20170904,80.11,80.11,80.11,80.11,0
ARCO,20170904,8.9,8.9,8.9,8.9,0
ARD,20170904,20.82,20.82,20.82,20.82,0
ARDC,20170904,16.38,16.38,16.38,16.38,0
ARE,20170904,121.3,121.3,121.3,121.3,0
ARE-A,20170904,27.34,27.34,27.34,27.34,0
ARES,20170904,18.2,18.2,18.2,18.2,0
ARI,20170904,18.18,18.18,18.18,18.18,0
ARL,20170904,8.39,8.39,8.39,8.39,0
ARMK,20170904,40.75,40.75,40.75,40.75,0
ARNC,20170904,25.51,25.51,25.51,25.51,0
AROC,20170904,10.5,10.5,10.5,10.5,0
ARR,20170904,26.64,26.64,26.64,26.64,0
ARR-B,20170904,25.09,25.09,25.09,25.09,0
ARW,20170904,79.14,79.14,79.14,79.14,0
ASA,20170904,12.61,12.61,12.61,12.61,0
ASB,20170904,22.15,22.15,22.15,22.15,0
ASB-C,20170904,27.01,27.01,27.01,27.01,0
ASB-D,20170904,25.66,25.66,25.66,25.66,0
ASC,20170904,8.1,8.1,8.1,8.1,0
ASG,20170904,5.02,5.02,5.02,5.02,0
ASGN,20170904,47.8,47.8,47.8,47.8,0
ASH,20170904,62.3,62.3,62.3,62.3,0
ASIX,20170904,32.8,32.8,32.8,32.8,0
ASPN,20170904,4.17,4.17,4.17,4.17,0
ASR,20170904,204.64,204.64,204.64,204.64,0
ASX,20170904,6.13,6.13,6.13,6.13,0
AT,20170904,2.4,2.4,2.4,2.4,0
ATEN,20170904,6.6,6.6,6.6,6.6,0
ATGE,20170904,34,34,34,34,0
ATH,20170904,54.34,54.34,54.34,54.34,0
ATHM,20170904,65.33,65.33,65.33,65.33,0
ATI,20170904,21.59,21.59,21.59,21.59,0
ATKR,20170904,17.11,17.11,17.11,17.11,0
ATO,20170904,88.16,88.16,88.16,88.16,0
ATR,20170904,83.88,83.88,83.88,83.88,0
ATTO,20170904,11.95,11.95,11.95,11.95,0
ATUS,20170904,30.5,30.5,30.5,30.5,0
ATV,20170904,15.07,15.07,15.07,15.07,0
AU,20170904,10.14,10.14,10.14,10.14,0
AUY,20170904,2.96,2.96,2.96,2.96,0
AVA,20170904,51.54,51.54,51.54,51.54,0
AVAL,20170904,9.13,9.13,9.13,9.13,0
AVB,20170904,188,188,188,188,0
AVD,20170904,20.35,20.35,20.35,20.35,0
AVH,20170904,7.64,7.64,7.64,7.64,0
AVK,20170904,16.24,16.24,16.24,16.24,0
AVX,20170904,17.55,17.55,17.55,17.55,0
AVY,20170904,95.01,95.01,95.01,95.01,0
AWF,20170904,12.97,12.97,12.97,12.97,0
AWI,20170904,47.9,47.9,47.9,47.9,0
AWK,20170904,80.83,80.83,80.83,80.83,0
AWP,20170904,6.58,6.58,6.58,6.58,0
AWR,20170904,48.98,48.98,48.98,48.98,0
AXE,20170904,73,73,73,73,0
AXL,20170904,15.32,15.32,15.32,15.32,0
AXP,20170904,86.14,86.14,86.14,86.14,0
AXR,20170904,6.85,6.85,6.85,6.85,0
AXS,20170904,60.39,60.39,60.39,60.39,0
AXS-E,20170904,25.31,25.31,25.31,25.31,0
AXTA,20170904,29.47,29.47,29.47,29.47,0
AYI,20170904,176.96,176.96,176.96,176.96,0
AYR,20170904,22.44,22.44,22.44,22.44,0
AYX,20170904,22.81,22.81,22.81,22.81,0
AZN,20170904,30.11,30.11,30.11,30.11,0
AZO,20170904,538.77,538.77,538.77,538.77,0
AZRE,20170904,14.56,14.56,14.56,14.56,0
AZUL,20170904,25.46,25.46,25.46,25.46,0
AZZ,20170904,48.55,48.55,48.55,48.55,0
B,20170904,62.58,62.58,62.58,62.58,0
BA,20170904,240.33,240.33,240.33,240.33,0
BABA,20170904,171.04,171.04,171.04,171.04,0
BAC,20170904,24.09,24.09,24.09,24.09,0
BAC-A,20170904,26.92,26.92,26.92,26.92,0
BAC-C,20170904,26.94,26.94,26.94,26.94,0
BAC-E,20170904,24.9,24.9,24.9,24.9,0
BAC-L,20170904,1319.01,1319.01,1319.01,1319.01,0
BAF,20170904,15.19,15.19,15.19,15.19,0
BAH,20170904,34.66,34.66,34.66,34.66,0
BAK,20170904,24.41,24.41,24.41,24.41,0
BAM,20170904,39.32,39.32,39.32,39.32,0
BAN-D,20170904,26.09,26.09,26.09,26.09,0
BAN-E,20170904,26.76,26.76,26.76,26.76,0
BANC,20170904,18.8,18.8,18.8,18.8,0
BAP,20170904,204.78,204.78,204.78,204.78,0
BAX,20170904,62.23,62.23,62.23,62.23,0
BBD,20170904,9.075,9.075,9.075,9.075,0
BBDO,20170904,8.6167,8.6167,8.6167,8.6167,0
BBF,20170904,15.05,15.05,15.05,15.05,0
BBK,20170904,16.01,16.01,16.01,16.01,0
BBL,20170904,38.75,38.75,38.75,38.75,0
BBN,20170904,23.86,23.86,23.86,23.86,0
BBU,20170904,30.69,30.69,30.69,30.69,0
BBVA,20170904,8.87,8.87,8.87,8.87,0
BBW,20170904,9.35,9.35,9.35,9.35,0
BBX,20170904,7.28,7.28,7.28,7.28,0
BBY,20170904,54.48,54.48,54.48,54.48,0
BC,20170904,53.03,53.03,53.03,53.03,0
BCC,20170904,30.1,30.1,30.1,30.1,0
BCE,20170904,47.75,47.75,47.75,47.75,0
BCEI,20170904,27.36,27.36,27.36,27.36,0
BCH,20170904,29.6033,29.6033,29.6033,29.6033,0
BCO,20170904,79.4,79.4,79.4,79.4,0
BCRH,20170904,18.75,18.75,18.75,18.75,0
BCS,20170904,9.94,9.94,9.94,9.94,0
BCX,20170904,8.71,8.71,8.71,8.71,0
BDC,20170904,78.12,78.12,78.12,78.12,0
BDJ,20170904,8.86,8.86,8.86,8.86,0
BDN,20170904,17.27,17.27,17.27,17.27,0
BDX,20170904,199.15,199.15,199.15,199.15,0
BDXA,20170904,55.59,55.59,55.59,55.59,0
BEDU,20170904,18.62,18.62,18.62,18.62,0
BEN,20170904,43.4,43.4,43.4,43.4,0
BEP,20170904,34.71,34.71,34.71,34.71,0
BERY,20170904,56.85,56.85,56.85,56.85,0
BF.A,20170904,44.48,44.48,44.48,44.48,0
BF.B,20170904,42.704,42.704,42.704,42.704,0
BFAM,20170904,79.88,79.88,79.88,79.88,0
BFK,20170904,14.55,14.55,14.55,14.55,0
BFO,20170904,15.05,15.05,15.05,15.05,0
BFS,20170904,61.2,61.2,61.2,61.2,0
BFZ,20170904,14.62,14.62,14.62,14.62,0
BG,20170904,76.2,76.2,76.2,76.2,0
BGB,20170904,15.95,15.95,15.95,15.95,0
BGG,20170904,20.92,20.92,20.92,20.92,0
BGH,20170904,20.28,20.28,20.28,20.28,0
BGIO,20170904,9.97,9.97,9.97,9.97,0
BGR,20170904,12.77,12.77,12.77,12.77,0
BGS,20170904,31.1,31.1,31.1,31.1,0
BGT,20170904,13.75,13.75,13.75,13.75,0
BGX,20170904,15.97,15.97,15.97,15.97,0
BGY,20170904,6.41,6.41,6.41,6.41,0
BH,20170904,303.83,303.83,303.83,303.83,0
BHE,20170904,32.85,32.85,32.85,32.85,0
BHK,20170904,14.15,14.15,14.15,14.15,0
BHLB,20170904,34,34,34,34,0
BHP,20170904,44.16,44.16,44.16,44.16,0
BHVN,20170904,38,38,38,38,0
BIF,20170904,10.04,10.04,10.04,10.04,0
BIG,20170904,47.79,47.79,47.79,47.79,0
BIO,20170904,219.03,219.03,219.03,219.03,0
BIO.B,20170904,218.3,218.3,218.3,218.3,0
BIP,20170904,43.4,43.4,43.4,43.4,0
BIT,20170904,18.54,18.54,18.54,18.54,0
BITA,20170904,35.99,35.99,35.99,35.99,0
BK,20170904,52.33,52.33,52.33,52.33,0
BK-C,20170904,25.18,25.18,25.18,25.18,0
BKD,20170904,12.05,12.05,12.05,12.05,0
BKE,20170904,14.55,14.55,14.55,14.55,0
BKH,20170904,70.42,70.42,70.42,70.42,0
BKK,20170904,15.65,15.65,15.65,15.65,0
BKN,20170904,15.42,15.42,15.42,15.42,0
BKT,20170904,6.34,6.34,6.34,6.34,0
BKU,20170904,33.49,33.49,33.49,33.49,0
BLD,20170904,59.05,59.05,59.05,59.05,0
BLK,20170904,421.78,421.78,421.78,421.78,0
BLL,20170904,40.15,40.15,40.15,40.15,0
BLW,20170904,16,16,16,16,0
BLX,20170904,27.33,27.33,27.33,27.33,0
BMA,20170904,106.42,106.42,106.42,106.42,0
BME,20170904,36.17,36.17,36.17,36.17,0
BMI,20170904,45.7,45.7,45.7,45.7,0
BML-G,20170904,22.28,22.28,22.28,22.28,0
BML-H,20170904,22.33,22.33,22.33,22.33,0
BML-J,20170904,24.11,24.11,24.11,24.11,0
BML-L,20170904,23.89,23.89,23.89,23.89,0
BMO,20170904,72.25,72.25,72.25,72.25,0
BMY,20170904,59.9,59.9,59.9,59.9,0
BNED,20170904,5.51,5.51,5.51,5.51,0
BNS,20170904,62.7,62.7,62.7,62.7,0
BNY,20170904,15.27,15.27,15.27,15.27,0
BOE,20170904,13.26,13.26,13.26,13.26,0
BOH,20170904,78.48,78.48,78.48,78.48,0
BOOT,20170904,8.68,8.68,8.68,8.68,0
BOX,20170904,19.06,19.06,19.06,19.06,0
BP,20170904,34.77,34.77,34.77,34.77,0
BPT,20170904,20.55,20.55,20.55,20.55,0
BQH,20170904,14.6,14.6,14.6,14.6,0
BR,20170904,78.01,78.01,78.01,78.01,0
BRC,20170904,33.6,33.6,33.6,33.6,0
BRFS,20170904,13.77,13.77,13.77,13.77,0
BRK.A,20170904,271061.8,271061.8,271061.8,271061.8,0
BRK.B,20170904,180.73,180.73,180.73,180.73,0
BRO,20170904,22.525,22.525,22.525,22.525,0
BRT,20170904,7.75,7.75,7.75,7.75,0
BRX,20170904,18.95,18.95,18.95,18.95,0
BSAC,20170904,29.17,29.17,29.17,29.17,0
BSBR,20170904,8.95,8.95,8.95,8.95,0
BSD,20170904,14.73,14.73,14.73,14.73,0
BSE,20170904,13.59,13.59,13.59,13.59,0
BSL,20170904,17.6,17.6,17.6,17.6,0
BSM,20170904,17.68,17.68,17.68,17.68,0
BSMX,20170904,10.37,10.37,10.37,10.37,0
BST,20170904,24.14,24.14,24.14,24.14,0
BSX,20170904,27.5,27.5,27.5,27.5,0
BTA,20170904,12.21,12.21,12.21,12.21,0
BTE,20170904,2.55,2.55,2.55,2.55,0
BTI,20170904,62.67,62.67,62.67,62.67,0
BTO,20170904,33.51,33.51,33.51,33.51,0
BTT,20170904,22.93,22.93,22.93,22.93,0
BTU,20170904,30.1,30.1,30.1,30.1,0
BTZ,20170904,13.49,13.49,13.49,13.49,0
BUD,20170904,118.63,118.63,118.63,118.63,0
BUI,20170904,21.34,21.34,21.34,21.34,0
BURL,20170904,87.78,87.78,87.78,87.78,0
BVN,20170904,13.46,13.46,13.46,13.46,0
BW,20170904,27.2,27.2,27.2,27.2,0
BWA,20170904,46.66,46.66,46.66,46.66,0
BWG,20170904,13.59,13.59,13.59,13.59,0
BWXT,20170904,54.59,54.59,54.59,54.59,0
BX,20170904,32.71,32.71,32.71,32.71,0
BXC,20170904,9.93,9.93,9.93,9.93,0
BXMT,20170904,31.39,31.39,31.39,31.39,0
BXMX,20170904,13.77,13.77,13.77,13.77,0
BXP,20170904,121.3,121.3,121.3,121.3,0
BXP-B,20170904,25.73,25.73,25.73,25.73,0
BXS,20170904,29.15,29.15,29.15,29.15,0
BY,20170904,21.5,21.5,21.5,21.5,0
BYD,20170904,26.5,26.5,26.5,26.5,0
BYM,20170904,15.1,15.1,15.1,15.1,0
BZH,20170904,15.08,15.08,15.08,15.08,0
C,20170904,68.58,68.58,68.58,68.58,0
C-J,20170904,29.48,29.48,29.48,29.48,0
C-K,20170904,28.93,28.93,28.93,28.93,0
C-N,20170904,27.17,27.17,27.17,27.17,0
C-S,20170904,26.98,26.98,26.98,26.98,0
CABO,20170904,757.25,757.25,757.25,757.25,0
CACI,20170904,131.65,131.65,131.65,131.65,0
CADE,20170904,20.83,20.83,20.83,20.83,0
CAE,20170904,16.53,16.53,16.53,16.53,0
CAF,20170904,23.2,23.2,23.2,23.2,0
CAG,20170904,32.88,32.88,32.88,32.88,0
CAH,20170904,67.82,67.82,67.82,67.82,0
CAI,20170904,30.97,30.97,30.97,30.97,0
CAJ,20170904,34.87,34.87,34.87,34.87,0
CAL,20170904,27.77,27.77,27.77,27.77,0
CALX,20170904,4.95,4.95,4.95,4.95,0
CAPL,20170904,26.95,26.95,26.95,26.95,0
CARS,20170904,26.31,26.31,26.31,26.31,0
CAT,20170904,118.28,118.28,118.28,118.28,0
CATO,20170904,13.66,13.66,13.66,13.66,0
CB,20170904,140.49,140.49,140.49,140.49,0
CBB,20170904,21.7,21.7,21.7,21.7,0
CBB-B,20170904,50.7,50.7,50.7,50.7,0
CBD,20170904,22.84,22.84,22.84,22.84,0
CBH,20170904,9.94,9.94,9.94,9.94,0
CBL,20170904,8.21,8.21,8.21,8.21,0
CBL-D,20170904,24.68,24.68,24.68,24.68,0
CBL-E,20170904,24.98,24.98,24.98,24.98,0
CBT,20170904,53.43,53.43,53.43,53.43,0
CBU,20170904,51.67,51.67,51.67,51.67,0
CBZ,20170904,15.15,15.15,15.15,15.15,0
CC,20170904,49.99,49.99,49.99,49.99,0
CCC,20170904,12.65,12.65,12.65,12.65,0
CCI,20170904,107.01,107.01,107.01,107.01,0
CCI-A,20170904,1101.5,1101.5,1101.5,1101.5,0
CCJ,20170904,10.01,10.01,10.01,10.01,0
CCK,20170904,59.26,59.26,59.26,59.26,0
CCL,20170904,69.13,69.13,69.13,69.13,0
CCM,20170904,3.97,3.97,3.97,3.97,0
CCO,20170904,4.05,4.05,4.05,4.05,0
CCS,20170904,22.45,22.45,22.45,22.45,0
CCU,20170904,27.46,27.46,27.46,27.46,0
CCZ,20170904,59.59,59.59,59.59,59.59,0
CDE,20170904,8.86,8.86,8.86,8.86,0
CDR,20170904,5.06,5.06,5.06,5.06,0
CDR-B,20170904,25.18,25.18,25.18,25.18,0
CDR-C,20170904,24.85,24.85,24.85,24.85,0
CE,20170904,98.05,98.05,98.05,98.05,0
CEA,20170904,27.29,27.29,27.29,27.29,0
CEE,20170904,24.09,24.09,24.09,24.09,0
CEL,20170904,8.86,8.86,8.86,8.86,0
CELP,20170904,7.19,7.19,7.19,7.19,0
CEM,20170904,15.17,15.17,15.17,15.17,0
CEN,20170904,10.57,10.57,10.57,10.57,0
CEO,20170904,121.81,121.81,121.81,121.81,0
CEQP,20170904,25,25,25,25,0
CF,20170904,29.98,29.98,29.98,29.98,0
CFG,20170904,33.61,33.61,33.61,33.61,0
CFR,20170904,85.11,85.11,85.11,85.11,0
CFR-A,20170904,25.07,25.07,25.07,25.07,0
CFX,20170904,40.59,40.59,40.59,40.59,0
CGA,20170904,1.24,1.24,1.24,1.24,0
CHA,20170904,52.21,52.21,52.21,52.21,0
CHCT,20170904,26.73,26.73,26.73,26.73,0
CHD,20170904,50.21,50.21,50.21,50.21,0
CHE,20170904,197.38,197.38,197.38,197.38,0
CHGG,20170904,13.82,13.82,13.82,13.82,0
CHH,20170904,62,62,62,62,0
CHK,20170904,3.76,3.76,3.76,3.76,0
CHK-D,20170904,51.43,51.43,51.43,51.43,0
CHKR,20170904,2.25,2.25,2.25,2.25,0
CHL,20170904,53,53,53,53,0
CHM-A,20170904,25.32,25.32,25.32,25.32,0
CHMI,20170904,18.67,18.67,18.67,18.67,0
CHN,20170904,20.52,20.52,20.52,20.52,0
CHS,20170904,8.09,8.09,8.09,8.09,0
CHT,20170904,34.64,34.64,34.64,34.64,0
CHU,20170904,14.52,14.52,14.52,14.52,0
CI,20170904,183.17,183.17,183.17,183.17,0
CIA,20170904,7.46,7.46,7.46,7.46,0
CIB,20170904,47.44,47.44,47.44,47.44,0
CIEN,20170904,22.06,22.06,22.06,22.06,0
CIF,20170904,2.91,2.91,2.91,2.91,0
CIG,20170904,2.71,2.71,2.71,2.71,0
CIG.C,20170904,2.92,2.92,2.92,2.92,0
CII,20170904,15.37,15.37,15.37,15.37,0
CIM,20170904,19.16,19.16,19.16,19.16,0
CIM-A,20170904,25.89,25.89,25.89,25.89,0
CIM-B,20170904,25.81,25.81,25.81,25.81,0
CINR,20170904,24.15,24.15,24.15,24.15,0
CIO,20170904,12.85,12.85,12.85,12.85,0
CIO-A,20170904,26.42,26.42,26.42,26.42,0
CIR,20170904,48.88,48.88,48.88,48.88,0
CIT,20170904,45.24,45.24,45.24,45.24,0
CKH,20170904,39.38,39.38,39.38,39.38,0
CL,20170904,71.3,71.3,71.3,71.3,0
CLB,20170904,89.59,89.59,89.59,89.59,0
CLDR,20170904,19.23,19.23,19.23,19.23,0
CLDT,20170904,20.36,20.36,20.36,20.36,0
CLF,20170904,8.48,8.48,8.48,8.48,0
CLGX,20170904,47.41,47.41,47.41,47.41,0
CLH,20170904,53.87,53.87,53.87,53.87,0
CLI,20170904,23.38,23.38,23.38,23.38,0
CLN-G,20170904,25.87,25.87,25.87,25.87,0
CLN-H,20170904,25.55,25.55,25.55,25.55,0
CLN-I,20170904,25.6,25.6,25.6,25.6,0
CLPR,20170904,11.1,11.1,11.1,11.1,0
CLR,20170904,34.33,34.33,34.33,34.33,0
CLS,20170904,11.63,11.63,11.63,11.63,0
CLW,20170904,46.3,46.3,46.3,46.3,0
CLX,20170904,137.98,137.98,137.98,137.98,0
CM,20170904,84.6,84.6,84.6,84.6,0
CMA,20170904,69.3,69.3,69.3,69.3,0
CMC,20170904,19.03,19.03,19.03,19.03,0
CMCM,20170904,9.23,9.23,9.23,9.23,0
CMD,20170904,82.55,82.55,82.55,82.55,0
CMG,20170904,319.95,319.95,319.95,319.95,0
CMI,20170904,159.36,159.36,159.36,159.36,0
CMO,20170904,9.72,9.72,9.72,9.72,0
CMO-E,20170904,25,25,25,25,0
CMP,20170904,67.8,67.8,67.8,67.8,0
CMR-B,20170904,24.46,24.46,24.46,24.46,0
CMR-C,20170904,24.79,24.79,24.79,24.79,0
CMR-D,20170904,25.165,25.165,25.165,25.165,0
CMRE,20170904,6.38,6.38,6.38,6.38,0
CMS,20170904,48.42,48.42,48.42,48.42,0
CMS-B,20170904,103.1,103.1,103.1,103.1,0
CMU,20170904,4.73,4.73,4.73,4.73,0
CNA,20170904,49,49,49,49,0
CNC,20170904,44.31,44.31,44.31,44.31,0
CNHI,20170904,11.32,11.32,11.32,11.32,0
CNI,20170904,81.22,81.22,81.22,81.22,0
CNK,20170904,34.02,34.02,34.02,34.02,0
CNO,20170904,22.64,22.64,22.64,22.64,0
CNP,20170904,29.63,29.63,29.63,29.63,0
CNQ,20170904,31.24,31.24,31.24,31.24,0
CNS,20170904,37.67,37.67,37.67,37.67,0
CNX,20170904,14.78,14.78,14.78,14.78,0
CO,20170904,13.32,13.32,13.32,13.32,0
COD-A,20170904,25.02,25.02,25.02,25.02,0
CODI,20170904,17,17,17,17,0
COE,20170904,13.98,13.98,13.98,13.98,0
COF,20170904,80.31,80.31,80.31,80.31,0
COF-F,20170904,26.78,26.78,26.78,26.78,0
COF-G,20170904,25.12,25.12,25.12,25.12,0
COF-H,20170904,26.44,26.44,26.44,26.44,0
COF-P,20170904,25.29,25.29,25.29,25.29,0
COG,20170904,26.87,26.87,26.87,26.87,0
COO,20170904,236.18,236.18,236.18,236.18,0
COP,20170904,44.24,44.24,44.24,44.24,0
COR,20170904,118.12,118.12,118.12,118.12,0
COR-Z,20170904,25.27,25.27,25.27,25.27,0
CORR,20170904,33.03,33.03,33.03,33.03,0
COT,20170904,15.79,15.79,15.79,15.79,0
COTY,20170904,16.55,16.55,16.55,16.55,0
CP,20170904,156.29,156.29,156.29,156.29,0
CPA,20170904,127.08,127.08,127.08,127.08,0
CPAC,20170904,12.47,12.47,12.47,12.47,0
CPB,20170904,45.4,45.4,45.4,45.4,0
CPE,20170904,10.37,10.37,10.37,10.37,0
CPF,20170904,29.27,29.27,29.27,29.27,0
CPG,20170904,6.93,6.93,6.93,6.93,0
CPK,20170904,79.6,79.6,79.6,79.6,0
CPS,20170904,104.16,104.16,104.16,104.16,0
CPT,20170904,90.41,90.41,90.41,90.41,0
CR,20170904,74.31,74.31,74.31,74.31,0
CRC,20170904,7.74,7.74,7.74,7.74,0
CRCM,20170904,15.13,15.13,15.13,15.13,0
CRD.A,20170904,8.59,8.59,8.59,8.59,0
CRD.B,20170904,10.3,10.3,10.3,10.3,0
CRH,20170904,35.47,35.47,35.47,35.47,0
CRI,20170904,88.83,88.83,88.83,88.83,0
CRK,20170904,6.43,6.43,6.43,6.43,0
CRL,20170904,108.22,108.22,108.22,108.22,0
CRM,20170904,96.01,96.01,96.01,96.01,0
CRS,20170904,40.88,40.88,40.88,40.88,0
CRT,20170904,14.5,14.5,14.5,14.5,0
CRY,20170904,21.5,21.5,21.5,21.5,0
CS,20170904,14.68,14.68,14.68,14.68,0
CSL,20170904,94.72,94.72,94.72,94.72,0
CSLT,20170904,3.8,3.8,3.8,3.8,0
CSS,20170904,26.95,26.95,26.95,26.95,0
CSTM,20170904,11.55,11.55,11.55,11.55,0
CSU,20170904,12.53,12.53,12.53,12.53,0
CSV,20170904,24.3,24.3,24.3,24.3,0
CTAA,20170904,26.73,26.73,26.73,26.73,0
CTB,20170904,34,34,34,34,0
CTBB,20170904,25.29,25.29,25.29,25.29,0
CTDD,20170904,25.77,25.77,25.77,25.77,0
CTL,20170904,20.04,20.04,20.04,20.04,0
CTLT,20170904,40.66,40.66,40.66,40.66,0
CTR,20170904,12.37,12.37,12.37,12.37,0
CTS,20170904,22.65,22.65,22.65,22.65,0
CTT,20170904,11.56,11.56,11.56,11.56,0
CTV,20170904,26.2,26.2,26.2,26.2,0
CTY,20170904,25.22,25.22,25.22,25.22,0
CTZ,20170904,25.96,25.96,25.96,25.96,0
CUB,20170904,43.3,43.3,43.3,43.3,0
CUB-C,20170904,26.76,26.76,26.76,26.76,0
CUB-D,20170904,26.63,26.63,26.63,26.63,0
CUB-E,20170904,26.87,26.87,26.87,26.87,0
CUB-F,20170904,26.3,26.3,26.3,26.3,0
CUBE,20170904,24.84,24.84,24.84,24.84,0
CUBI,20170904,28.36,28.36,28.36,28.36,0
CUK,20170904,69.84,69.84,69.84,69.84,0
CULP,20170904,29,29,29,29,0
CUZ,20170904,37.4,37.4,37.4,37.4,0
CVA,20170904,14.4,14.4,14.4,14.4,0
CVE,20170904,8.02,8.02,8.02,8.02,0
CVEO,20170904,2.19,2.19,2.19,2.19,0
CVI,20170904,22.68,22.68,22.68,22.68,0
CVNA,20170904,17.34,17.34,17.34,17.34,0
CVS,20170904,77.92,77.92,77.92,77.92,0
CVX,20170904,108.76,108.76,108.76,108.76,0
CW,20170904,96.86,96.86,96.86,96.86,0
CWH,20170904,37.78,37.78,37.78,37.78,0
CWT,20170904,37.25,37.25,37.25,37.25,0
CX,20170904,9.47,9.47,9.47,9.47,0
CXE,20170904,5.27,5.27,5.27,5.27,0
CXH,20170904,10.32,10.32,10.32,10.32,0
CXO,20170904,111.79,111.79,111.79,111.79,0
CXP,20170904,21.16,21.16,21.16,21.16,0
CXW,20170904,26.75,26.75,26.75,26.75,0
CYD,20170904,18.56,18.56,18.56,18.56,0
CYH,20170904,7.87,7.87,7.87,7.87,0
CZZ,20170904,8.33,8.33,8.33,8.33,0
D,20170904,78.33,78.33,78.33,78.33,0
DAC,20170904,22.05,22.05,22.05,22.05,0
DAL,20170904,47.52,47.52,47.52,47.52,0
DAN,20170904,24.35,24.35,24.35,24.35,0
DAR,20170904,17.68,17.68,17.68,17.68,0
DB,20170904,16.06,16.06,16.06,16.06,0
DBD,20170904,20.45,20.45,20.45,20.45,0
DBL,20170904,24.61,24.61,24.61,24.61,0
DCI,20170904,47.37,47.37,47.37,47.37,0
DCO,20170904,27.76,27.76,27.76,27.76,0
DCP,20170904,32.2,32.2,32.2,32.2,0
DDD,20170904,12.85,12.85,12.85,12.85,0
DDF,20170904,10.46,10.46,10.46,10.46,0
DDS,20170904,60.36,60.36,60.36,60.36,0
DDT,20170904,25.49,25.49,25.49,25.49,0
DE,20170904,116.14,116.14,116.14,116.14,0
DEA,20170904,20.07,20.07,20.07,20.07,0
DECK,20170904,65.58,65.58,65.58,65.58,0
DEI,20170904,39.12,39.12,39.12,39.12,0
DEO,20170904,134.83,134.83,134.83,134.83,0
DEX,20170904,11.65,11.65,11.65,11.65,0
DFIN,20170904,21.5,21.5,21.5,21.5,0
DFP,20170904,26.56,26.56,26.56,26.56,0
DFS,20170904,59.59,59.59,59.59,59.59,0
DG,20170904,72.54,72.54,72.54,72.54,0
DGX,20170904,108.17,108.17,108.17,108.17,0
DHF,20170904,3.52,3.52,3.52,3.52,0
DHI,20170904,36.24,36.24,36.24,36.24,0
DHR,20170904,83.23,83.23,83.23,83.23,0
DHT,20170904,3.77,3.77,3.77,3.77,0
DHX,20170904,2.1,2.1,2.1,2.1,0
DIAX,20170904,16.75,16.75,16.75,16.75,0
DIN,20170904,40.35,40.35,40.35,40.35,0
DIS,20170904,101.5,101.5,101.5,101.5,0
DK,20170904,25.6,25.6,25.6,25.6,0
DKL,20170904,31.7,31.7,31.7,31.7,0
DKS,20170904,26.72,26.72,26.72,26.72,0
DL,20170904,7.3,7.3,7.3,7.3,0
DLB,20170904,50.71,50.71,50.71,50.71,0
DLN-A,20170904,26.4,26.4,26.4,26.4,0
DLNG,20170904,14.3,14.3,14.3,14.3,0
DLPH,20170904,97.62,97.62,97.62,97.62,0
DLR,20170904,117.71,117.71,117.71,117.71,0
DLR-G,20170904,25.77,25.77,25.77,25.77,0
DLR-I,20170904,27.05,27.05,27.05,27.05,0
DLR-J,20170904,24.74,24.74,24.74,24.74,0
DLX,20170904,69.29,69.29,69.29,69.29,0
DMB,20170904,13.31,13.31,13.31,13.31,0
DMO,20170904,25.9,25.9,25.9,25.9,0
DNI,20170904,12.55,12.55,12.55,12.55,0
DNOW,20170904,11.86,11.86,11.86,11.86,0
DNP,20170904,11.33,11.33,11.33,11.33,0
DNR,20170904,1.1,1.1,1.1,1.1,0
DO,20170904,12.07,12.07,12.07,12.07,0
DOC,20170904,18.67,18.67,18.67,18.67,0
DOOR,20170904,64.3,64.3,64.3,64.3,0
DOV,20170904,68.9874,68.9874,68.9874,68.9874,0
DPG,20170904,16.65,16.65,16.65,16.65,0
DPLO,20170904,16.71,16.71,16.71,16.71,0
DPZ,20170904,183.59,183.59,183.59,183.59,0
DQ,20170904,26.45,26.45,26.45,26.45,0
DRD,20170904,3.56,3.56,3.56,3.56,0
DRE,20170904,29.53,29.53,29.53,29.53,0
DRH,20170904,11.03,11.03,11.03,11.03,0
DRI,20170904,81.92,81.92,81.92,81.92,0
DRQ,20170904,37.85,37.85,37.85,37.85,0
DRUA,20170904,25.8,25.8,25.8,25.8,0
DS,20170904,2.72,2.72,2.72,2.72,0
DS-B,20170904,25.24,25.24,25.24,25.24,0
DS-C,20170904,24.045,24.045,24.045,24.045,0
DS-D,20170904,24.78,24.78,24.78,24.78,0
DSE,20170904,6.65,6.65,6.65,6.65,0
DSL,20170904,20.91,20.91,20.91,20.91,0
DSM,20170904,8.6,8.6,8.6,8.6,0
DSU,20170904,11.67,11.67,11.67,11.67,0
DSX,20170904,4.06,4.06,4.06,4.06,0
DSX-B,20170904,22.12,22.12,22.12,22.12,0
DTE,20170904,112.12,112.12,112.12,112.12,0
DTF,20170904,14.57,14.57,14.57,14.57,0
DTJ,20170904,25.85,25.85,25.85,25.85,0
DTL.P,20170904,27.56,27.56,27.56,27.56,0
DTQ,20170904,25.17,25.17,25.17,25.17,0
DTY,20170904,27.24,27.24,27.24,27.24,0
DUC,20170904,9.25,9.25,9.25,9.25,0
DUK,20170904,87.09,87.09,87.09,87.09,0
DUKH,20170904,25.65,25.65,25.65,25.65,0
DVA,20170904,57.88,57.88,57.88,57.88,0
DVD,20170904,2.15,2.15,2.15,2.15,0
DVN,20170904,32.11,32.11,32.11,32.11,0
DX,20170904,21.6,21.6,21.6,21.6,0
DX-A,20170904,25.7,25.7,25.7,25.7,0
DX-B,20170904,24.6,24.6,24.6,24.6,0
DXB,20170904,25.43,25.43,25.43,25.43,0
DXC,20170904,84.91,84.91,84.91,84.91,0
DY,20170904,81.76,81.76,81.76,81.76,0
E,20170904,31.74,31.74,31.74,31.74,0
EAB,20170904,25.05,25.05,25.05,25.05,0
EAE,20170904,25.13,25.13,25.13,25.13,0
EAI,20170904,24.98,24.98,24.98,24.98,0
EARN,20170904,14.71,14.71,14.71,14.71,0
EAT,20170904,31.24,31.24,31.24,31.24,0
EBF,20170904,19.2,19.2,19.2,19.2,0
EBR,20170904,5.61,5.61,5.61,5.61,0
EBR.B,20170904,6.53,6.53,6.53,6.53,0
EBS,20170904,37.05,37.05,37.05,37.05,0
EC,20170904,9.28,9.28,9.28,9.28,0
ECC,20170904,20.63,20.63,20.63,20.63,0
ECCB,20170904,26.4,26.4,26.4,26.4,0
ECCY,20170904,25.66,25.66,25.66,25.66,0
ECL,20170904,132.85,132.85,132.85,132.85,0
ECOM,20170904,11.55,11.55,11.55,11.55,0
ECT,20170904,2.275,2.275,2.275,2.275,0
ED,20170904,83.99,83.99,83.99,83.99,0
EDD,20170904,8.17,8.17,8.17,8.17,0
EDF,20170904,16.78,16.78,16.78,16.78,0
EDI,20170904,15.58,15.58,15.58,15.58,0
EDN,20170904,35.42,35.42,35.42,35.42,0
EDU,20170904,84.12,84.12,84.12,84.12,0
EE,20170904,55.4,55.4,55.4,55.4,0
EEA,20170904,9.49,9.49,9.49,9.49,0
EEX,20170904,22.01,22.01,22.01,22.01,0
EFC,20170904,15.84,15.84,15.84,15.84,0
EFF,20170904,16.57,16.57,16.57,16.57,0
EFL,20170904,10.08,10.08,10.08,10.08,0
EFR,20170904,14.82,14.82,14.82,14.82,0
EFT,20170904,14.64,14.64,14.64,14.64,0
EFX,20170904,141.59,141.59,141.59,141.59,0
EGF,20170904,13.5,13.5,13.5,13.5,0
EGIF,20170904,16.62,16.62,16.62,16.62,0
EGO,20170904,2.08,2.08,2.08,2.08,0
EGP,20170904,89.21,89.21,89.21,89.21,0
EGY,20170904,0.73,0.73,0.73,0.73,0
EHI,20170904,10.18,10.18,10.18,10.18,0
EHT,20170904,10.13,10.13,10.13,10.13,0
EIG,20170904,42.45,42.45,42.45,42.45,0
EIX,20170904,79.96,79.96,79.96,79.96,0
EL,20170904,107.93,107.93,107.93,107.93,0
ELC,20170904,24.89,24.89,24.89,24.89,0
ELF,20170904,20.22,20.22,20.22,20.22,0
ELJ,20170904,25.33,25.33,25.33,25.33,0
ELP,20170904,9.22,9.22,9.22,9.22,0
ELS,20170904,89.79,89.79,89.79,89.79,0
ELU,20170904,24.91,24.91,24.91,24.91,0
ELVT,20170904,6.29,6.29,6.29,6.29,0
ELY,20170904,13.76,13.76,13.76,13.76,0
EMD,20170904,15.67,15.67,15.67,15.67,0
EME,20170904,66.19,66.19,66.19,66.19,0
EMF,20170904,16.42,16.42,16.42,16.42,0
EMN,20170904,87.31,87.31,87.31,87.31,0
EMO,20170904,12.01,12.01,12.01,12.01,0
EMP,20170904,24.99,24.99,24.99,24.99,0
EMR,20170904,58.81,58.81,58.81,58.81,0
ENB,20170904,40.45,40.45,40.45,40.45,0
ENBL,20170904,15.01,15.01,15.01,15.01,0
ENIA,20170904,10.57,10.57,10.57,10.57,0
ENIC,20170904,5.92,5.92,5.92,5.92,0
ENJ,20170904,25.492,25.492,25.492,25.492,0
ENLC,20170904,17.1,17.1,17.1,17.1,0
ENO,20170904,26.76,26.76,26.76,26.76,0
ENR,20170904,45.03,45.03,45.03,45.03,0
ENS,20170904,65.29,65.29,65.29,65.29,0
ENV,20170904,44.2,44.2,44.2,44.2,0
ENVA,20170904,12.15,12.15,12.15,12.15,0
ENZ,20170904,11.35,11.35,11.35,11.35,0
EOD,20170904,6.46,6.46,6.46,6.46,0
EOG,20170904,85.65,85.65,85.65,85.65,0
EOI,20170904,13.49,13.49,13.49,13.49,0
EOS,20170904,15.16,15.16,15.16,15.16,0
EOT,20170904,22.55,22.55,22.55,22.55,0
EP-C,20170904,51.33,51.33,51.33,51.33,0
EPAM,20170904,82.11,82.11,82.11,82.11,0
EPC,20170904,76.33,76.33,76.33,76.33,0
EPD,20170904,26.09,26.09,26.09,26.09,0
EPR,20170904,70.12,70.12,70.12,70.12,0
EPR-C,20170904,28,28,28,28,0
EPR-E,20170904,36.47,36.47,36.47,36.47,0
EQC,20170904,30.86,30.86,30.86,30.86,0
EQC-D,20170904,25.89,25.89,25.89,25.89,0
EQM,20170904,76.58,76.58,76.58,76.58,0
EQR,20170904,66.99,66.99,66.99,66.99,0
EQS,20170904,2.35,2.35,2.35,2.35,0
EQT,20170904,62.61,62.61,62.61,62.61,0
ERA,20170904,8.96,8.96,8.96,8.96,0
ERF,20170904,8.93,8.93,8.93,8.93,0
ERJ,20170904,22.81,22.81,22.81,22.81,0
EROS,20170904,12.25,12.25,12.25,12.25,0
ES,20170904,62.57,62.57,62.57,62.57,0
ESE,20170904,54.9,54.9,54.9,54.9,0
ESNT,20170904,38.98,38.98,38.98,38.98,0
ESRT,20170904,20.39,20.39,20.39,20.39,0
ESS,20170904,265.77,265.77,265.77,265.77,0
ESTE,20170904,9.64,9.64,9.64,9.64,0
ETB,20170904,16.45,16.45,16.45,16.45,0
ETG,20170904,16.85,16.85,16.85,16.85,0
ETH,20170904,29.8,29.8,29.8,29.8,0
ETJ,20170904,9.4,9.4,9.4,9.4,0
ETM,20170904,10.15,10.15,10.15,10.15,0
ETN,20170904,71.63,71.63,71.63,71.63,0
ETO,20170904,23.84,23.84,23.84,23.84,0
ETR,20170904,79.26,79.26,79.26,79.26,0
ETV,20170904,15.38,15.38,15.38,15.38,0
ETW,20170904,11.74,11.74,11.74,11.74,0
ETX,20170904,20.6,20.6,20.6,20.6,0
ETY,20170904,11.29,11.29,11.29,11.29,0
EURN,20170904,7.55,7.55,7.55,7.55,0
EV,20170904,47.42,47.42,47.42,47.42,0
EVA,20170904,29,29,29,29,0
EVC,20170904,5.65,5.65,5.65,5.65,0
EVF,20170904,6.62,6.62,6.62,6.62,0
EVG,20170904,14.43,14.43,14.43,14.43,0
EVH,20170904,17.15,17.15,17.15,17.15,0
EVN,20170904,12.98,12.98,12.98,12.98,0
EVR,20170904,75.65,75.65,75.65,75.65,0
EVRI,20170904,7.8,7.8,7.8,7.8,0
EVT,20170904,21.81,21.81,21.81,21.81,0
EVTC,20170904,18.5,18.5,18.5,18.5,0
EW,20170904,113.31,113.31,113.31,113.31,0
EXD,20170904,11.65,11.65,11.65,11.65,0
EXG,20170904,9.26,9.26,9.26,9.26,0
EXK,20170904,2.48,2.48,2.48,2.48,0
EXP,20170904,98.11,98.11,98.11,98.11,0
EXPR,20170904,6.67,6.67,6.67,6.67,0
EXR,20170904,77.78,77.78,77.78,77.78,0
EXTN,20170904,27.49,27.49,27.49,27.49,0
EZT,20170904,26.16,26.16,26.16,26.16,0
F,20170904,11.35,11.35,11.35,11.35,0
FAF,20170904,48.92,48.92,48.92,48.92,0
FAM,20170904,11.79,11.79,11.79,11.79,0
FBC,20170904,32.86,32.86,32.86,32.86,0
FBHS,20170904,62.97,62.97,62.97,62.97,0
FBK,20170904,35.2,35.2,35.2,35.2,0
FBM,20170904,13.48,13.48,13.48,13.48,0
FBP,20170904,5.74,5.74,5.74,5.74,0
FC,20170904,18.75,18.75,18.75,18.75,0
FCAU,20170904,15.86,15.86,15.86,15.86,0
FCF,20170904,12.69,12.69,12.69,12.69,0
FCN,20170904,33.99,33.99,33.99,33.99,0
FCPT,20170904,25.43,25.43,25.43,25.43,0
FCT,20170904,13.39,13.39,13.39,13.39,0
FCX,20170904,15.07,15.07,15.07,15.07,0
FDEU,20170904,18.62,18.62,18.62,18.62,0
FDP,20170904,47.32,47.32,47.32,47.32,0
FDS,20170904,158.1,158.1,158.1,158.1,0
FDX,20170904,215.05,215.05,215.05,215.05,0
FE,20170904,32.42,32.42,32.42,32.42,0
FEI,20170904,15.02,15.02,15.02,15.02,0
FENG,20170904,4.45,4.45,4.45,4.45,0
FEO,20170904,17.3,17.3,17.3,17.3,0
FET,20170904,11.25,11.25,11.25,11.25,0
FF,20170904,13.64,13.64,13.64,13.64,0
FFA,20170904,14.97,14.97,14.97,14.97,0
FFC,20170904,21.18,21.18,21.18,21.18,0
FFG,20170904,68.9,68.9,68.9,68.9,0
FGB,20170904,6.93,6.93,6.93,6.93,0
FHN,20170904,17.36,17.36,17.36,17.36,0
FHN-A,20170904,25.67,25.67,25.67,25.67,0
FI,20170904,6.44,6.44,6.44,6.44,0
FICO,20170904,141.51,141.51,141.51,141.51,0
FIF,20170904,18.16,18.16,18.16,18.16,0
FIS,20170904,92.34,92.34,92.34,92.34,0
FIT,20170904,5.89,5.89,5.89,5.89,0
FIV,20170904,9.72,9.72,9.72,9.72,0
FIX,20170904,34.35,34.35,34.35,34.35,0
FL,20170904,36.34,36.34,36.34,36.34,0
FLC,20170904,21.54,21.54,21.54,21.54,0
FLO,20170904,17.47,17.47,17.47,17.47,0
FLOW,20170904,34.41,34.41,34.41,34.41,0
FLR,20170904,38.61,38.61,38.61,38.61,0
FLS,20170904,39.54,39.54,39.54,39.54,0
FLT,20170904,143.92,143.92,143.92,143.92,0
FLY,20170904,13.65,13.65,13.65,13.65,0
FMC,20170904,87.41,87.41,87.41,87.41,0
FMN,20170904,14.65,14.65,14.65,14.65,0
FMO,20170904,13.08,13.08,13.08,13.08,0
FMS,20170904,47.17,47.17,47.17,47.17,0
FMX,20170904,99.7,99.7,99.7,99.7,0
FMY,20170904,14.27,14.27,14.27,14.27,0
FN,20170904,38.73,38.73,38.73,38.73,0
FNB,20170904,12.82,12.82,12.82,12.82,0
FNB-E,20170904,29.85,29.85,29.85,29.85,0
FND,20170904,35.96,35.96,35.96,35.96,0
FNF,20170904,48.12,48.12,48.12,48.12,0
FNV,20170904,82.13,82.13,82.13,82.13,0
FOE,20170904,19.59,19.59,19.59,19.59,0
FOF,20170904,13.19,13.19,13.19,13.19,0
FOR,20170904,17.2,17.2,17.2,17.2,0
FPF,20170904,24.6,24.6,24.6,24.6,0
FPH,20170904,14.26,14.26,14.26,14.26,0
FPI,20170904,8.95,8.95,8.95,8.95,0
FPI-B,20170904,26.95,26.95,26.95,26.95,0
FPL,20170904,12.29,12.29,12.29,12.29,0
FR,20170904,31.04,31.04,31.04,31.04,0
FRA,20170904,14.12,14.12,14.12,14.12,0
FRC,20170904,97.38,97.38,97.38,97.38,0
FRC-F,20170904,26.59,26.59,26.59,26.59,0
FRC-G,20170904,26.61,26.61,26.61,26.61,0
FRC-H,20170904,25.16,25.16,25.16,25.16,0
FRO,20170904,5,5,5,5,0
FRT,20170904,128.2,128.2,128.2,128.2,0
FSB,20170904,33.15,33.15,33.15,33.15,0
FSD,20170904,16.87,16.87,16.87,16.87,0
FSM,20170904,4.89,4.89,4.89,4.89,0
FSS,20170904,18.84,18.84,18.84,18.84,0
FT,20170904,7.26,7.26,7.26,7.26,0
FTAI,20170904,17.12,17.12,17.12,17.12,0
FTI,20170904,26.32,26.32,26.32,26.32,0
FTK,20170904,5.21,5.21,5.21,5.21,0
FTS,20170904,36.88,36.88,36.88,36.88,0
FTV,20170904,65.1,65.1,65.1,65.1,0
FUL,20170904,50.68,50.68,50.68,50.68,0
FUN,20170904,66.8,66.8,66.8,66.8,0
G,20170904,28.46,28.46,28.46,28.46,0
GAB,20170904,6.34,6.34,6.34,6.34,0
GAB-G,20170904,24.96,24.96,24.96,24.96,0
GAB-H,20170904,25.3,25.3,25.3,25.3,0
GAB-J,20170904,25.905,25.905,25.905,25.905,0
GAM,20170904,35.13,35.13,35.13,35.13,0
GAM-B,20170904,27,27,27,27,0
GATX,20170904,62.08,62.08,62.08,62.08,0
GBAB,20170904,23.15,23.15,23.15,23.15,0
GBL,20170904,29.81,29.81,29.81,29.81,0
GBX,20170904,43.5,43.5,43.5,43.5,0
GCAP,20170904,6.37,6.37,6.37,6.37,0
GCI,20170904,8.74,8.74,8.74,8.74,0
GCO,20170904,23.2,23.2,23.2,23.2,0
GCP,20170904,29.1,29.1,29.1,29.1,0
GCV,20170904,5.81,5.81,5.81,5.81,0
GD,20170904,200,200,200,200,0
GDDY,20170904,44.95,44.95,44.95,44.95,0
GDI,20170904,23.7,23.7,23.7,23.7,0
GDL,20170904,10.29,10.29,10.29,10.29,0
GDO,20170904,18.16,18.16,18.16,18.16,0
GDOT,20170904,48.22,48.22,48.22,48.22,0
GDV,20170904,21.76,21.76,21.76,21.76,0
GDV-A,20170904,26.71,26.71,26.71,26.71,0
GDV-G,20170904,25.86,25.86,25.86,25.86,0
GE,20170904,25.14,25.14,25.14,25.14,0
GEF,20170904,58.57,58.57,58.57,58.57,0
GEF.B,20170904,61.2,61.2,61.2,61.2,0
GEL,20170904,26.55,26.55,26.55,26.55,0
GEN,20170904,1.16,1.16,1.16,1.16,0
GEO,20170904,27.46,27.46,27.46,27.46,0
GER,20170904,7.04,7.04,7.04,7.04,0
GES,20170904,15.99,15.99,15.99,15.99,0
GF,20170904,17.66,17.66,17.66,17.66,0
GFF,20170904,18.65,18.65,18.65,18.65,0
GFI,20170904,4.45,4.45,4.45,4.45,0
GFY,20170904,17.09,17.09,17.09,17.09,0
GGB,20170904,3.93,3.93,3.93,3.93,0
GGG,20170904,38.8933,38.8933,38.8933,38.8933,0
GGM,20170904,23.1,23.1,23.1,23.1,0
GGT,20170904,9.39,9.39,9.39,9.39,0
GGZ,20170904,12.72,12.72,12.72,12.72,0
GGZ-A,20170904,25.72,25.72,25.72,25.72,0
GHC,20170904,583,583,583,583,0
GHL,20170904,15.05,15.05,15.05,15.05,0
GHM,20170904,19.98,19.98,19.98,19.98,0
GHY,20170904,14.89,14.89,14.89,14.89,0
GIB,20170904,51.43,51.43,51.43,51.43,0
GIL,20170904,31.54,31.54,31.54,31.54,0
GIM,20170904,6.7,6.7,6.7,6.7,0
GIS,20170904,53.72,53.72,53.72,53.72,0
GJH,20170904,10.05,10.05,10.05,10.05,0
GJO,20170904,21.92,21.92,21.92,21.92,0
GJP,20170904,22.5,22.5,22.5,22.5,0
GJR,20170904,21.25,21.25,21.25,21.25,0
GJS,20170904,19.45,19.45,19.45,19.45,0
GJT,20170904,19.8,19.8,19.8,19.8,0
GKOS,20170904,37.83,37.83,37.83,37.83,0
GLO-A,20170904,26.45,26.45,26.45,26.45,0
GLO-G,20170904,26.35,26.35,26.35,26.35,0
GLOB,20170904,38.69,38.69,38.69,38.69,0
GLOG,20170904,16.75,16.75,16.75,16.75,0
GLOP,20170904,22.8,22.8,22.8,22.8,0
GLP,20170904,17.2,17.2,17.2,17.2,0
GLT,20170904,17.4,17.4,17.4,17.4,0
GLW,20170904,28.91,28.91,28.91,28.91,0
GM,20170904,37.36,37.36,37.36,37.36,0
GME,20170904,18.67,18.67,18.67,18.67,0
GMED,20170904,30.32,30.32,30.32,30.32,0
GMRE,20170904,8.62,8.62,8.62,8.62,0
GMS,20170904,32.69,32.69,32.69,32.69,0
GMTA,20170904,26.11,26.11,26.11,26.11,0
GMZ,20170904,9.39,9.39,9.39,9.39,0
GNC,20170904,8.2,8.2,8.2,8.2,0
GNE,20170904,5.95,5.95,5.95,5.95,0
GNE-A,20170904,7.48,7.48,7.48,7.48,0
GNK,20170904,14,14,14,14,0
GNL,20170904,21.49,21.49,21.49,21.49,0
GNRC,20170904,40.66,40.66,40.66,40.66,0
GNT,20170904,7.1,7.1,7.1,7.1,0
GNW,20170904,3.51,3.51,3.51,3.51,0
GOF,20170904,21.28,21.28,21.28,21.28,0
GOL,20170904,18.17,18.17,18.17,18.17,0
GOLF,20170904,16.36,16.36,16.36,16.36,0
GOOS,20170904,18.17,18.17,18.17,18.17,0
GPC,20170904,83.84,83.84,83.84,83.84,0
GPI,20170904,61.68,61.68,61.68,61.68,0
GPK,20170904,13.15,13.15,13.15,13.15,0
GPM,20170904,8.51,8.51,8.51,8.51,0
GPMT,20170904,19.19,19.19,19.19,19.19,0
GPN,20170904,95.52,95.52,95.52,95.52,0
GPRK,20170904,8.03,8.03,8.03,8.03,0
GPS,20170904,24.25,24.25,24.25,24.25,0
GPX,20170904,28.65,28.65,28.65,28.65,0
GRA,20170904,72.26,72.26,72.26,72.26,0
GRAM,20170904,3.85,3.85,3.85,3.85,0
GRC,20170904,29.84,29.84,29.84,29.84,0
GRP.U,20170904,40.51,40.51,40.51,40.51,0
GRUB,20170904,56.06,56.06,56.06,56.06,0
GRX,20170904,10.3,10.3,10.3,10.3,0
GRX-A,20170904,26.19,26.19,26.19,26.19,0
GRX-B,20170904,27.21,27.21,27.21,27.21,0
GS,20170904,225.88,225.88,225.88,225.88,0
GS-A,20170904,23.38,23.38,23.38,23.38,0
GS-C,20170904,23.775,23.775,23.775,23.775,0
GS-D,20170904,23.35,23.35,23.35,23.35,0
GS-J,20170904,27,27,27,27,0
GS-K,20170904,29.04,29.04,29.04,29.04,0
GS-N,20170904,27.16,27.16,27.16,27.16,0
GSBD,20170904,21.7,21.7,21.7,21.7,0
GSH,20170904,26.7,26.7,26.7,26.7,0
GSK,20170904,40.2,40.2,40.2,40.2,0
GSL,20170904,8.76,8.76,8.76,8.76,0
GSL-B,20170904,21.96,21.96,21.96,21.96,0
GTN,20170904,14.6,14.6,14.6,14.6,0
GTN.A,20170904,12.15,12.15,12.15,12.15,0
GTS,20170904,24.39,24.39,24.39,24.39,0
GTT,20170904,31.6,31.6,31.6,31.6,0
GTY,20170904,27.67,27.67,27.67,27.67,0
GUT,20170904,6.94,6.94,6.94,6.94,0
GUT-A,20170904,26.16,26.16,26.16,26.16,0
GUT-C,20170904,25.86,25.86,25.86,25.86,0
GVA,20170904,55.07,55.07,55.07,55.07,0
GWB,20170904,36.01,36.01,36.01,36.01,0
GWRE,20170904,75.8,75.8,75.8,75.8,0
GWW,20170904,163.79,163.79,163.79,163.79,0
GYC,20170904,23.4,23.4,23.4,23.4,0
H,20170904,59.66,59.66,59.66,59.66,0
HAE,20170904,43.61,43.61,43.61,43.61,0
HAL,20170904,38.9,38.9,38.9,38.9,0
HASI,20170904,23.13,23.13,23.13,23.13,0
HBI,20170904,24.75,24.75,24.75,24.75,0
HBM,20170904,9,9,9,9,0
HCA,20170904,78.67,78.67,78.67,78.67,0
HCC,20170904,27.13,27.13,27.13,27.13,0
HCHC,20170904,4.48,4.48,4.48,4.48,0
HCI,20170904,38.68,38.68,38.68,38.68,0
HD,20170904,150.78,150.78,150.78,150.78,0
HDB,20170904,48.71,48.71,48.71,48.71,0
HE,20170904,33.51,33.51,33.51,33.51,0
HEI,20170904,55.04,55.04,55.04,55.04,0
HEI.A,20170904,47.232,47.232,47.232,47.232,0
HEP,20170904,32.38,32.38,32.38,32.38,0
HEQ,20170904,17.71,17.71,17.71,17.71,0
HES,20170904,39.45,39.45,39.45,39.45,0
HESM,20170904,21.31,21.31,21.31,21.31,0
HFC,20170904,32.5,32.5,32.5,32.5,0
HGH,20170904,30.83,30.83,30.83,30.83,0
HGV,20170904,36.54,36.54,36.54,36.54,0
HHC,20170904,116.83,116.83,116.83,116.83,0
HHS,20170904,8.8,8.8,8.8,8.8,0
HI,20170904,35.75,35.75,35.75,35.75,0
HIE,20170904,12.99,12.99,12.99,12.99,0
HIG,20170904,54.05,54.05,54.05,54.05,0
HII,20170904,215.03,215.03,215.03,215.03,0
HIL,20170904,4.8,4.8,4.8,4.8,0
HIO,20170904,5.12,5.12,5.12,5.12,0
HIW,20170904,52.32,52.32,52.32,52.32,0
HIX,20170904,7.16,7.16,7.16,7.16,0
HJV,20170904,15.41,15.41,15.41,15.41,0
HL,20170904,5.33,5.33,5.33,5.33,0
HL-B,20170904,54.01,54.01,54.01,54.01,0
HLF,20170904,34.7,34.7,34.7,34.7,0
HLI,20170904,36.27,36.27,36.27,36.27,0
HLT,20170904,64.59,64.59,64.59,64.59,0
HLX,20170904,6.46,6.46,6.46,6.46,0
HMC,20170904,28.21,28.21,28.21,28.21,0
HMLP,20170904,18.55,18.55,18.55,18.55,0
HMN,20170904,35.15,35.15,35.15,35.15,0
HMY,20170904,2.03,2.03,2.03,2.03,0
HNI,20170904,37.14,37.14,37.14,37.14,0
HNP,20170904,26.35,26.35,26.35,26.35,0
HOG,20170904,47.37,47.37,47.37,47.37,0
HOME,20170904,25.38,25.38,25.38,25.38,0
HON,20170904,137.63,137.63,137.63,137.63,0
HOV,20170904,47,47,47,47,0
HP,20170904,43.02,43.02,43.02,43.02,0
HPE,20170904,14.31,14.31,14.31,14.31,0
HPF,20170904,21.8,21.8,21.8,21.8,0
HPI,20170904,21.91,21.91,21.91,21.91,0
HPP,20170904,32.85,32.85,32.85,32.85,0
HPQ,20170904,19.36,19.36,19.36,19.36,0
HPS,20170904,18.82,18.82,18.82,18.82,0
HQH,20170904,25.6,25.6,25.6,25.6,0
HQL,20170904,21.88,21.88,21.88,21.88,0
HR,20170904,33.25,33.25,33.25,33.25,0
HRB,20170904,26.77,26.77,26.77,26.77,0
HRC,20170904,76.71,76.71,76.71,76.71,0
HRI,20170904,42.98,42.98,42.98,42.98,0
HRL,20170904,30.92,30.92,30.92,30.92,0
HRTG,20170904,11.26,11.26,11.26,11.26,0
HSB-A,20170904,26.33,26.33,26.33,26.33,0
HSBC,20170904,48.5,48.5,48.5,48.5,0
HSC,20170904,17.45,17.45,17.45,17.45,0
HST,20170904,18.14,18.14,18.14,18.14,0
HSY,20170904,105.61,105.61,105.61,105.61,0
HT,20170904,18.6,18.6,18.6,18.6,0
HT-C,20170904,25.55,25.55,25.55,25.55,0
HT-D,20170904,25.73,25.73,25.73,25.73,0
HT-E,20170904,26.03,26.03,26.03,26.03,0
HTA,20170904,31.11,31.11,31.11,31.11,0
HTD,20170904,26.17,26.17,26.17,26.17,0
HTGC,20170904,12.41,12.41,12.41,12.41,0
HTH,20170904,23.75,23.75,23.75,23.75,0
HTY,20170904,9.22,9.22,9.22,9.22,0
HTZ,20170904,20.74,20.74,20.74,20.74,0
HUBB,20170904,112.79,112.79,112.79,112.79,0
HUBS,20170904,73.15,73.15,73.15,73.15,0
HUM,20170904,258.75,258.75,258.75,258.75,0
HUN,20170904,26.89,26.89,26.89,26.89,0
HVT,20170904,23.65,23.65,23.65,23.65,0
HVT.A,20170904,23.95,23.95,23.95,23.95,0
HXL,20170904,53.75,53.75,53.75,53.75,0
HY,20170904,71.69,71.69,71.69,71.69,0
HYB,20170904,9.59,9.59,9.59,9.59,0
HYI,20170904,15.4,15.4,15.4,15.4,0
HYT,20170904,11.2,11.2,11.2,11.2,0
HZN,20170904,17.41,17.41,17.41,17.41,0
HZO,20170904,16.2,16.2,16.2,16.2,0
I,20170904,3.92,3.92,3.92,3.92,0
IAE,20170904,10.64,10.64,10.64,10.64,0
IAG,20170904,6.71,6.71,6.71,6.71,0
IBA,20170904,63.47,63.47,63.47,63.47,0
IBM,20170904,144.08,144.08,144.08,144.08,0
IBN,20170904,9.4,9.4,9.4,9.4,0
IBP,20170904,56.85,56.85,56.85,56.85,0
ICD,20170904,3.3,3.3,3.3,3.3,0
ICE,20170904,65.1,65.1,65.1,65.1,0
ICL,20170904,4.36,4.36,4.36,4.36,0
IDA,20170904,89.32,89.32,89.32,89.32,0
IDE,20170904,15.2,15.2,15.2,15.2,0
IDT,20170904,14.74,14.74,14.74,14.74,0
IEX,20170904,117.78,117.78,117.78,117.78,0
IFF,20170904,137.94,137.94,137.94,137.94,0
IFN,20170904,28.13,28.13,28.13,28.13,0
IGA,20170904,11.1,11.1,11.1,11.1,0
IGD,20170904,7.81,7.81,7.81,7.81,0
IGI,20170904,21.67,21.67,21.67,21.67,0
IGR,20170904,7.86,7.86,7.86,7.86,0
IGT,20170904,20.54,20.54,20.54,20.54,0
IHC,20170904,21.55,21.55,21.55,21.55,0
IHD,20170904,9.43,9.43,9.43,9.43,0
IHG,20170904,50.34,50.34,50.34,50.34,0
IHIT,20170904,10.03,10.03,10.03,10.03,0
IID,20170904,7.27,7.27,7.27,7.27,0
IIF,20170904,35.02,35.02,35.02,35.02,0
IIM,20170904,15.23,15.23,15.23,15.23,0
IIPR,20170904,17.03,17.03,17.03,17.03,0
IMAX,20170904,19.55,19.55,19.55,19.55,0
INF,20170904,13.75,13.75,13.75,13.75,0
INFY,20170904,7.42,7.42,7.42,7.42,0
ING,20170904,17.84,17.84,17.84,17.84,0
INGR,20170904,124.67,124.67,124.67,124.67,0
INN,20170904,14.99,14.99,14.99,14.99,0
INN-D,20170904,25.48,25.48,25.48,25.48,0
INSI,20170904,20.17,20.17,20.17,20.17,0
INST,20170904,30.15,30.15,30.15,30.15,0
INSW,20170904,18.42,18.42,18.42,18.42,0
INT,20170904,34.83,34.83,34.83,34.83,0
INVH,20170904,23.26,23.26,23.26,23.26,0
INXN,20170904,51.32,51.32,51.32,51.32,0
IO,20170904,7.65,7.65,7.65,7.65,0
IP,20170904,54.91,54.91,54.91,54.91,0
IPG,20170904,20.19,20.19,20.19,20.19,0
IPHI,20170904,38.75,38.75,38.75,38.75,0
IPI,20170904,3.72,3.72,3.72,3.72,0
IQI,20170904,12.83,12.83,12.83,12.83,0
IR,20170904,85.08,85.08,85.08,85.08,0
IRET,20170904,6.32,6.32,6.32,6.32,0
IRL,20170904,13.78,13.78,13.78,13.78,0
IRM,20170904,39.44,39.44,39.44,39.44,0
IRR,20170904,6.06,6.06,6.06,6.06,0
IRS,20170904,25.05,25.05,25.05,25.05,0
IRT,20170904,10.26,10.26,10.26,10.26,0
ISD,20170904,15.23,15.23,15.23,15.23,0
ISG,20170904,26.17,26.17,26.17,26.17,0
IT,20170904,120.79,120.79,120.79,120.79,0
ITCB,20170904,14.26,14.26,14.26,14.26,0
ITGR,20170904,45.6,45.6,45.6,45.6,0
ITT,20170904,40.54,40.54,40.54,40.54,0
ITUB,20170904,8.7133,8.7133,8.7133,8.7133,0
ITW,20170904,137.72,137.72,137.72,137.72,0
IVC,20170904,13.75,13.75,13.75,13.75,0
IVH,20170904,15.71,15.71,15.71,15.71,0
IVR,20170904,16.99,16.99,16.99,16.99,0
IVR-A,20170904,25.23,25.23,25.23,25.23,0
IVR-B,20170904,25.29,25.29,25.29,25.29,0
IVR-C,20170904,25.09,25.09,25.09,25.09,0
IVZ,20170904,33.12,33.12,33.12,33.12,0
IX,20170904,80.16,80.16,80.16,80.16,0
JAX,20170904,10,10,10,10,0
JBGS,20170904,32.67,32.67,32.67,32.67,0
JBK,20170904,24.15,24.15,24.15,24.15,0
JBL,20170904,31.34,31.34,31.34,31.34,0
JBN,20170904,15.73,15.73,15.73,15.73,0
JBR,20170904,15.63,15.63,15.63,15.63,0
JBT,20170904,89.55,89.55,89.55,89.55,0
JCAP,20170904,19.54,19.54,19.54,19.54,0
JCE,20170904,15.48,15.48,15.48,15.48,0
JCI,20170904,39.89,39.89,39.89,39.89,0
JCO,20170904,9.82,9.82,9.82,9.82,0
JCP,20170904,3.99,3.99,3.99,3.99,0
JDD,20170904,12.85,12.85,12.85,12.85,0
JE,20170904,5.82,5.82,5.82,5.82,0
JE-A,20170904,25.95,25.95,25.95,25.95,0
JELD,20170904,30.96,30.96,30.96,30.96,0
JEQ,20170904,8.69,8.69,8.69,8.69,0
JFR,20170904,11.77,11.77,11.77,11.77,0
JGH,20170904,17.27,17.27,17.27,17.27,0
JHB,20170904,10.04,10.04,10.04,10.04,0
JHG,20170904,34.79,34.79,34.79,34.79,0
JHI,20170904,18.5,18.5,18.5,18.5,0
JHS,20170904,14.8,14.8,14.8,14.8,0
JHX,20170904,14.09,14.09,14.09,14.09,0
JHY,20170904,10.06,10.06,10.06,10.06,0
JILL,20170904,10.21,10.21,10.21,10.21,0
JKS,20170904,28.52,28.52,28.52,28.52,0
JLL,20170904,122.67,122.67,122.67,122.67,0
JLS,20170904,25.69,25.69,25.69,25.69,0
JMEI,20170904,3.3,3.3,3.3,3.3,0
JMF,20170904,12.36,12.36,12.36,12.36,0
JMLP,20170904,8.44,8.44,8.44,8.44,0
JMM,20170904,7.541,7.541,7.541,7.541,0
JMP,20170904,5.29,5.29,5.29,5.29,0
JNJ,20170904,131.03,131.03,131.03,131.03,0
JNPR,20170904,27.68,27.68,27.68,27.68,0
JOE,20170904,18.7,18.7,18.7,18.7,0
JOF,20170904,12.33,12.33,12.33,12.33,0
JP,20170904,11.54,11.54,11.54,11.54,0
JPC,20170904,10.44,10.44,10.44,10.44,0
JPI,20170904,24.97,24.97,24.97,24.97,0
JPM,20170904,91.7,91.7,91.7,91.7,0
JPM-D,20170904,25.4,25.4,25.4,25.4,0
JPM-F,20170904,26.87,26.87,26.87,26.87,0
JPM-G,20170904,27.1,27.1,27.1,27.1,0
JPM-H,20170904,27.25,27.25,27.25,27.25,0
JPS,20170904,10.27,10.27,10.27,10.27,0
JPT,20170904,25.24,25.24,25.24,25.24,0
JQC,20170904,8.46,8.46,8.46,8.46,0
JRI,20170904,18.21,18.21,18.21,18.21,0
JRO,20170904,11.66,11.66,11.66,11.66,0
JRS,20170904,11.25,11.25,11.25,11.25,0
JSD,20170904,17.2,17.2,17.2,17.2,0
JTA,20170904,13.13,13.13,13.13,13.13,0
JTD,20170904,16.42,16.42,16.42,16.42,0
JW.A,20170904,54.55,54.55,54.55,54.55,0
JW.B,20170904,53.36,53.36,53.36,53.36,0
JWN,20170904,46.44,46.44,46.44,46.44,0
K,20170904,65.45,65.45,65.45,65.45,0
KAI,20170904,87.05,87.05,87.05,87.05,0
KAMN,20170904,49.38,49.38,49.38,49.38,0
KAR,20170904,17.2235,17.2235,17.2235,17.2235,0
KB,20170904,49.58,49.58,49.58,49.58,0
KBH,20170904,21.59,21.59,21.59,21.59,0
KBR,20170904,16.43,16.43,16.43,16.43,0
KDMN,20170904,2.73,2.73,2.73,2.73,0
KEM,20170904,24.36,24.36,24.36,24.36,0
KEN,20170904,14.165,14.165,14.165,14.165,0
KEP,20170904,19.34,19.34,19.34,19.34,0
KEX,20170904,62.65,62.65,62.65,62.65,0
KEY,20170904,17.36,17.36,17.36,17.36,0
KEY-I,20170904,29.3,29.3,29.3,29.3,0
KEYS,20170904,40.55,40.55,40.55,40.55,0
KF,20170904,39.92,39.92,39.92,39.92,0
KFS,20170904,6.05,6.05,6.05,6.05,0
KFY,20170904,33.75,33.75,33.75,33.75,0
KGC,20170904,4.49,4.49,4.49,4.49,0
KIM,20170904,19.81,19.81,19.81,19.81,0
KIM-L,20170904,24.79,24.79,24.79,24.79,0
KIO,20170904,17.44,17.44,17.44,17.44,0
KKR,20170904,18.98,18.98,18.98,18.98,0
KKR-A,20170904,27.02,27.02,27.02,27.02,0
KKR-B,20170904,26.8,26.8,26.8,26.8,0
KL,20170904,13.29,13.29,13.29,13.29,0
KMB,20170904,123.21,123.21,123.21,123.21,0
KMF,20170904,14.22,14.22,14.22,14.22,0
KMI,20170904,19.36,19.36,19.36,19.36,0
KMPR,20170904,47.6,47.6,47.6,47.6,0
KMT,20170904,35.54,35.54,35.54,35.54,0
KMX,20170904,68.12,68.12,68.12,68.12,0
KN,20170904,14.99,14.99,14.99,14.99,0
KNL,20170904,18.31,18.31,18.31,18.31,0
KNOP,20170904,23.65,23.65,23.65,23.65,0
KNX,20170904,39.9,39.9,39.9,39.9,0
KO,20170904,45.78,45.78,45.78,45.78,0
KODK,20170904,7.8,7.8,7.8,7.8,0
KOF,20170904,82.03,82.03,82.03,82.03,0
KOP,20170904,40.3,40.3,40.3,40.3,0
KOS,20170904,7.17,7.17,7.17,7.17,0
KR,20170904,22.42,22.42,22.42,22.42,0
KRA,20170904,33.43,33.43,33.43,33.43,0
KRC,20170904,69.23,69.23,69.23,69.23,0
KREF,20170904,21.21,21.21,21.21,21.21,0
KRG,20170904,20.44,20.44,20.44,20.44,0
KRO,20170904,21.23,21.23,21.23,21.23,0
KRP,20170904,15.5,15.5,15.5,15.5,0
KSM,20170904,12.25,12.25,12.25,12.25,0
KSS,20170904,40.1,40.1,40.1,40.1,0
KSU,20170904,103.76,103.76,103.76,103.76,0
KSU.P,20170904,28,28,28,28,0
KT,20170904,16.22,16.22,16.22,16.22,0
KTF,20170904,12.96,12.96,12.96,12.96,0
KTH,20170904,31.84,31.84,31.84,31.84,0
KTN,20170904,32.12,32.12,32.12,32.12,0
KTP,20170904,16.76,16.76,16.76,16.76,0
KW,20170904,19.2,19.2,19.2,19.2,0
KWR,20170904,140.43,140.43,140.43,140.43,0
KYN,20170904,17.92,17.92,17.92,17.92,0
KYN-F,20170904,25.36,25.36,25.36,25.36,0
L,20170904,46.91,46.91,46.91,46.91,0
LAD,20170904,108.55,108.55,108.55,108.55,0
LADR,20170904,13.85,13.85,13.85,13.85,0
LAZ,20170904,43.06,43.06,43.06,43.06,0
LB,20170904,37.46,37.46,37.46,37.46,0
LC,20170904,31.55,31.55,31.55,31.55,0
LCI,20170904,17.7,17.7,17.7,17.7,0
LCII,20170904,99.2,99.2,99.2,99.2,0
LDL,20170904,47.4,47.4,47.4,47.4,0
LDOS,20170904,58.74,58.74,58.74,58.74,0
LDP,20170904,26.7,26.7,26.7,26.7,0
LEA,20170904,151.61,151.61,151.61,151.61,0
LEE,20170904,2.05,2.05,2.05,2.05,0
LEG,20170904,46.43,46.43,46.43,46.43,0
LEJU,20170904,1.82,1.82,1.82,1.82,0
LEN,20170904,51.76,51.76,51.76,51.76,0
LEN.B,20170904,43.23,43.23,43.23,43.23,0
LEO,20170904,8.95,8.95,8.95,8.95,0
LFC,20170904,16.07,16.07,16.07,16.07,0
LGF.A,20170904,30.35,30.35,30.35,30.35,0
LGF.B,20170904,28.96,28.96,28.96,28.96,0
LGI,20170904,16.67,16.67,16.67,16.67,0
LH,20170904,157.61,157.61,157.61,157.61,0
LII,20170904,165.96,165.96,165.96,165.96,0
LITB,20170904,2.68,2.68,2.68,2.68,0
LL,20170904,37.66,37.66,37.66,37.66,0
LLY,20170904,80.08,80.08,80.08,80.08,0
LM,20170904,38.42,38.42,38.42,38.42,0
LMHA,20170904,27.18,27.18,27.18,27.18,0
LMHB,20170904,25.27,25.27,25.27,25.27,0
LMT,20170904,302.19,302.19,302.19,302.19,0
LN,20170904,34.9,34.9,34.9,34.9,0
LNC,20170904,68.94,68.94,68.94,68.94,0
LND,20170904,3.87,3.87,3.87,3.87,0
LNN,20170904,86.26,86.26,86.26,86.26,0
LOW,20170904,74.65,74.65,74.65,74.65,0
LPG,20170904,7.06,7.06,7.06,7.06,0
LPI,20170904,12.7,12.7,12.7,12.7,0
LPL,20170904,13.85,13.85,13.85,13.85,0
LPT,20170904,42.76,42.76,42.76,42.76,0
LPX,20170904,25.92,25.92,25.92,25.92,0
LRN,20170904,17.72,17.72,17.72,17.72,0
LSI,20170904,74.31,74.31,74.31,74.31,0
LTC,20170904,48.79,48.79,48.79,48.79,0
LTM,20170904,12.78,12.78,12.78,12.78,0
LUB,20170904,2.66,2.66,2.66,2.66,0
LUV,20170904,52.19,52.19,52.19,52.19,0
LVS,20170904,62.87,62.87,62.87,62.87,0
LW,20170904,45.99,45.99,45.99,45.99,0
LXFR,20170904,12.47,12.47,12.47,12.47,0
LXP,20170904,9.89,9.89,9.89,9.89,0
LXP-C,20170904,50.64,50.64,50.64,50.64,0
LXU,20170904,6.14,6.14,6.14,6.14,0
LYB,20170904,90.25,90.25,90.25,90.25,0
LYG,20170904,3.32,3.32,3.32,3.32,0
LYV,20170904,40.1,40.1,40.1,40.1,0
LZB,20170904,24.4,24.4,24.4,24.4,0
M,20170904,21.41,21.41,21.41,21.41,0
MA,20170904,133.24,133.24,133.24,133.24,0
MAA,20170904,106.22,106.22,106.22,106.22,0
MAA-I,20170904,66,66,66,66,0
MAC,20170904,53.29,53.29,53.29,53.29,0
MAIN,20170904,39.48,39.48,39.48,39.48,0
MAN,20170904,112.1,112.1,112.1,112.1,0
MANU,20170904,17.1,17.1,17.1,17.1,0
MAS,20170904,37.06,37.06,37.06,37.06,0
MATX,20170904,26.08,26.08,26.08,26.08,0
MAV,20170904,11.71,11.71,11.71,11.71,0
MBI,20170904,10.11,10.11,10.11,10.11,0
MBT,20170904,9.99,9.99,9.99,9.99,0
MC,20170904,39.65,39.65,39.65,39.65,0
MCA,20170904,15.39,15.39,15.39,15.39,0
MCC,20170904,6.12,6.12,6.12,6.12,0
MCD,20170904,159.81,159.81,159.81,159.81,0
MCI,20170904,15.59,15.59,15.59,15.59,0
MCK,20170904,149.41,149.41,149.41,149.41,0
MCN,20170904,7.86,7.86,7.86,7.86,0
MCO,20170904,133.76,133.76,133.76,133.76,0
MCR,20170904,8.68,8.68,8.68,8.68,0
MCS,20170904,25.1,25.1,25.1,25.1,0
MCV,20170904,25.44,25.44,25.44,25.44,0
MCX,20170904,26.3,26.3,26.3,26.3,0
MCY,20170904,57.33,57.33,57.33,57.33,0
MD,20170904,44.09,44.09,44.09,44.09,0
MDC,20170904,31.43,31.43,31.43,31.43,0
MDLQ,20170904,25.25,25.25,25.25,25.25,0
MDLX,20170904,24.6,24.6,24.6,24.6,0
MDLY,20170904,6.15,6.15,6.15,6.15,0
MDP,20170904,55.45,55.45,55.45,55.45,0
MDT,20170904,80.05,80.05,80.05,80.05,0
MDU,20170904,27.19,27.19,27.19,27.19,0
MED,20170904,55.67,55.67,55.67,55.67,0
MEI,20170904,39.9,39.9,39.9,39.9,0
MEN,20170904,12.2,12.2,12.2,12.2,0
MER-K,20170904,26.2,26.2,26.2,26.2,0
MET,20170904,47.8,47.8,47.8,47.8,0
MET-A,20170904,25.25,25.25,25.25,25.25,0
MFA,20170904,8.8,8.8,8.8,8.8,0
MFA-B,20170904,25.37,25.37,25.37,25.37,0
MFC,20170904,19.93,19.93,19.93,19.93,0
MFD,20170904,13.69,13.69,13.69,13.69,0
MFG,20170904,3.42,3.42,3.42,3.42,0
MFGP,20170904,29.15,29.15,29.15,29.15,0
MFL,20170904,15.1,15.1,15.1,15.1,0
MFM,20170904,7.2,7.2,7.2,7.2,0
MFO,20170904,25.72,25.72,25.72,25.72,0
MFT,20170904,15.13,15.13,15.13,15.13,0
MFV,20170904,6.59,6.59,6.59,6.59,0
MG,20170904,19.31,19.31,19.31,19.31,0
MGA,20170904,49.11,49.11,49.11,49.11,0
MGF,20170904,4.94,4.94,4.94,4.94,0
MGM,20170904,33.21,33.21,33.21,33.21,0
MGP,20170904,30.67,30.67,30.67,30.67,0
MGU,20170904,26.33,26.33,26.33,26.33,0
MH-A,20170904,25.2,25.2,25.2,25.2,0
MH-C,20170904,26.03,26.03,26.03,26.03,0
MH-D,20170904,24.6,24.6,24.6,24.6,0
MHD,20170904,17.7,17.7,17.7,17.7,0
MHF,20170904,7.53,7.53,7.53,7.53,0
MHI,20170904,12.11,12.11,12.11,12.11,0
MHK,20170904,254.8,254.8,254.8,254.8,0
MHLA,20170904,25.87,25.87,25.87,25.87,0
MHN,20170904,14.38,14.38,14.38,14.38,0
MHNC,20170904,26.23,26.23,26.23,26.23,0
MHO,20170904,24.95,24.95,24.95,24.95,0
MIC,20170904,74.6,74.6,74.6,74.6,0
MIE,20170904,10.51,10.51,10.51,10.51,0
MIN,20170904,4.31,4.31,4.31,4.31,0
MIT-A,20170904,25.25,25.25,25.25,25.25,0
MIT-B,20170904,25.1,25.1,25.1,25.1,0
MITT,20170904,19.4,19.4,19.4,19.4,0
MIXT,20170904,9.59,9.59,9.59,9.59,0
MIY,20170904,14.17,14.17,14.17,14.17,0
MKC,20170904,96.14,96.14,96.14,96.14,0
MKC.V,20170904,95.48,95.48,95.48,95.48,0
MKL,20170904,1043.47,1043.47,1043.47,1043.47,0
MLI,20170904,30.4,30.4,30.4,30.4,0
MLM,20170904,211.56,211.56,211.56,211.56,0
MLP,20170904,12.8,12.8,12.8,12.8,0
MLR,20170904,25.05,25.05,25.05,25.05,0
MMC,20170904,77.87,77.87,77.87,77.87,0
MMD,20170904,20.19,20.19,20.19,20.19,0
MMI,20170904,26.51,26.51,26.51,26.51,0
MMM,20170904,203.56,203.56,203.56,203.56,0
MMP,20170904,67.92,67.92,67.92,67.92,0
MMS,20170904,60.39,60.39,60.39,60.39,0
MMT,20170904,6.21,6.21,6.21,6.21,0
MMU,20170904,14.23,14.23,14.23,14.23,0
MN,20170904,3.6,3.6,3.6,3.6,0
MNE,20170904,14.05,14.05,14.05,14.05,0
MNK,20170904,41.17,41.17,41.17,41.17,0
MNP,20170904,15.81,15.81,15.81,15.81,0
MNR,20170904,16.19,16.19,16.19,16.19,0
MNR-C,20170904,25.235,25.235,25.235,25.235,0
MO,20170904,63.54,63.54,63.54,63.54,0
MOD,20170904,16.75,16.75,16.75,16.75,0
MODN,20170904,13.6,13.6,13.6,13.6,0
MOG.A,20170904,77.61,77.61,77.61,77.61,0
MOG.B,20170904,76.26,76.26,76.26,76.26,0
MOH,20170904,64.25,64.25,64.25,64.25,0
MOS,20170904,20.11,20.11,20.11,20.11,0
MOV,20170904,27.4,27.4,27.4,27.4,0
MPA,20170904,14.64,14.64,14.64,14.64,0
MPC,20170904,54.28,54.28,54.28,54.28,0
MPLX,20170904,34.57,34.57,34.57,34.57,0
MPV,20170904,14.21,14.21,14.21,14.21,0
MPW,20170904,13.17,13.17,13.17,13.17,0
MPX,20170904,15.44,15.44,15.44,15.44,0
MQT,20170904,13.49,13.49,13.49,13.49,0
MQY,20170904,15.86,15.86,15.86,15.86,0
MRC,20170904,16.04,16.04,16.04,16.04,0
MRK,20170904,63.83,63.83,63.83,63.83,0
MRO,20170904,11.27,11.27,11.27,11.27,0
MS,20170904,46.19,46.19,46.19,46.19,0
MS-A,20170904,23.66,23.66,23.66,23.66,0
MS-E,20170904,29.54,29.54,29.54,29.54,0
MS-F,20170904,29.21,29.21,29.21,29.21,0
MS-I,20170904,28.28,28.28,28.28,28.28,0
MS-K,20170904,27.31,27.31,27.31,27.31,0
MSA,20170904,71.98,71.98,71.98,71.98,0
MSB,20170904,15.6,15.6,15.6,15.6,0
MSCI,20170904,115.45,115.45,115.45,115.45,0
MSD,20170904,10.18,10.18,10.18,10.18,0
MSG,20170904,209.44,209.44,209.44,209.44,0
MSGN,20170904,21.6,21.6,21.6,21.6,0
MSI,20170904,87.87,87.87,87.87,87.87,0
MSM,20170904,69.16,69.16,69.16,69.16,0
MT,20170904,27.35,27.35,27.35,27.35,0
MTB,20170904,149,149,149,149,0
MTD,20170904,602.94,602.94,602.94,602.94,0
MTDR,20170904,23.92,23.92,23.92,23.92,0
MTG,20170904,11.4,11.4,11.4,11.4,0
MTH,20170904,40.9,40.9,40.9,40.9,0
MTL,20170904,5.76,5.76,5.76,5.76,0
MTL.P,20170904,1,1,1,1,0
MTN,20170904,228.39,228.39,228.39,228.39,0
MTOR,20170904,20.11,20.11,20.11,20.11,0
MTR,20170904,13.82,13.82,13.82,13.82,0
MTRN,20170904,38.65,38.65,38.65,38.65,0
MTT,20170904,22.93,22.93,22.93,22.93,0
MTW,20170904,8.2,8.2,8.2,8.2,0
MTX,20170904,64.8,64.8,64.8,64.8,0
MTZ,20170904,41.95,41.95,41.95,41.95,0
MUA,20170904,15.27,15.27,15.27,15.27,0
MUC,20170904,14.97,14.97,14.97,14.97,0
MUE,20170904,14.16,14.16,14.16,14.16,0
MUH,20170904,15.97,15.97,15.97,15.97,0
MUI,20170904,14.27,14.27,14.27,14.27,0
MUJ,20170904,14.81,14.81,14.81,14.81,0
MUR,20170904,23.34,23.34,23.34,23.34,0
MUS,20170904,13.93,13.93,13.93,13.93,0
MUSA,20170904,65.09,65.09,65.09,65.09,0
MUX,20170904,2.62,2.62,2.62,2.62,0
MVC,20170904,10.11,10.11,10.11,10.11,0
MVO,20170904,4.99,4.99,4.99,4.99,0
MVT,20170904,15.82,15.82,15.82,15.82,0
MWA,20170904,12.18,12.18,12.18,12.18,0
MX,20170904,11.95,11.95,11.95,11.95,0
MXE,20170904,12.02,12.02,12.02,12.02,0
MXF,20170904,17.82,17.82,17.82,17.82,0
MXL,20170904,21.77,21.77,21.77,21.77,0
MYC,20170904,15.45,15.45,15.45,15.45,0
MYD,20170904,15.36,15.36,15.36,15.36,0
MYE,20170904,18.35,18.35,18.35,18.35,0
MYF,20170904,16,16,16,16,0
MYI,20170904,14.63,14.63,14.63,14.63,0
MYJ,20170904,16.77,16.77,16.77,16.77,0
MYN,20170904,13.32,13.32,13.32,13.32,0
MYOV,20170904,13.25,13.25,13.25,13.25,0
NAC,20170904,15.33,15.33,15.33,15.33,0
NAD,20170904,14.35,14.35,14.35,14.35,0
NAN,20170904,14.45,14.45,14.45,14.45,0
NAT,20170904,5.03,5.03,5.03,5.03,0
NAV,20170904,34.52,34.52,34.52,34.52,0
NAV-D,20170904,10.49,10.49,10.49,10.49,0
NAZ,20170904,14.8,14.8,14.8,14.8,0
NBB,20170904,21.91,21.91,21.91,21.91,0
NBHC,20170904,32.31,32.31,32.31,32.31,0
NBR,20170904,6.61,6.61,6.61,6.61,0
NC,20170904,71.55,71.55,71.55,71.55,0
NCA,20170904,10.39,10.39,10.39,10.39,0
NCB,20170904,17.99,17.99,17.99,17.99,0
NCR,20170904,36.28,36.28,36.28,36.28,0
NCV,20170904,7.02,7.02,7.02,7.02,0
NCZ,20170904,6.23,6.23,6.23,6.23,0
NDP,20170904,12.95,12.95,12.95,12.95,0
NE,20170904,3.42,3.42,3.42,3.42,0
NEA,20170904,14,14,14,14,0
NEE,20170904,150.16,150.16,150.16,150.16,0
NEE-I,20170904,25.21,25.21,25.21,25.21,0
NEE-J,20170904,25.37,25.37,25.37,25.37,0
NEE-K,20170904,25.66,25.66,25.66,25.66,0
NEM,20170904,38.66,38.66,38.66,38.66,0
NEP,20170904,41.73,41.73,41.73,41.73,0
NEU,20170904,421.25,421.25,421.25,421.25,0
NEV,20170904,14.87,14.87,14.87,14.87,0
NEWR,20170904,47.98,47.98,47.98,47.98,0
NFG,20170904,58.77,58.77,58.77,58.77,0
NFJ,20170904,13.26,13.26,13.26,13.26,0
NGG,20170904,63.77,63.77,63.77,63.77,0
NGL,20170904,8.95,8.95,8.95,8.95,0
NGL-A,20170904,26.4,26.4,26.4,26.4,0
NGL-B,20170904,24,24,24,24,0
NGS,20170904,23.95,23.95,23.95,23.95,0
NGVC,20170904,5.85,5.85,5.85,5.85,0
NGVT,20170904,63.91,63.91,63.91,63.91,0
NHA,20170904,10.05,10.05,10.05,10.05,0
NHF,20170904,22.33,22.33,22.33,22.33,0
NHI,20170904,80.55,80.55,80.55,80.55,0
NI,20170904,26.86,26.86,26.86,26.86,0
NID,20170904,13.58,13.58,13.58,13.58,0
NIE,20170904,20.39,20.39,20.39,20.39,0
NIM,20170904,10.35,10.35,10.35,10.35,0
NIQ,20170904,13.33,13.33,13.33,13.33,0
NJR,20170904,43.5,43.5,43.5,43.5,0
NKE,20170904,53.36,53.36,53.36,53.36,0
NKG,20170904,13.13,13.13,13.13,13.13,0
NKX,20170904,15.93,15.93,15.93,15.93,0
NL,20170904,7.6,7.6,7.6,7.6,0
NLS,20170904,16.7,16.7,16.7,16.7,0
NLSN,20170904,39.51,39.51,39.51,39.51,0
NLY,20170904,12.46,12.46,12.46,12.46,0
NLY-D,20170904,25.31,25.31,25.31,25.31,0
NLY-F,20170904,25.1,25.1,25.1,25.1,0
NM,20170904,16,16,16,16,0
NM-G,20170904,17.53,17.53,17.53,17.53,0
NM-H,20170904,16.75,16.75,16.75,16.75,0
NMFC,20170904,14.15,14.15,14.15,14.15,0
NMI,20170904,11.64,11.64,11.64,11.64,0
NMK-B,20170904,96.25,96.25,96.25,96.25,0
NMK-C,20170904,99.95,99.95,99.95,99.95,0
NMM,20170904,31.95,31.95,31.95,31.95,0
NMR,20170904,5.55,5.55,5.55,5.55,0
NMS,20170904,15.69,15.69,15.69,15.69,0
NMT,20170904,14.55,14.55,14.55,14.55,0
NMY,20170904,13.2,13.2,13.2,13.2,0
NMZ,20170904,13.64,13.64,13.64,13.64,0
NNA,20170904,18.9,18.9,18.9,18.9,0
NNI,20170904,48.14,48.14,48.14,48.14,0
NNN,20170904,41.78,41.78,41.78,41.78,0
NNN-F,20170904,24.72,24.72,24.72,24.72,0
NNY,20170904,10.04,10.04,10.04,10.04,0
NOA,20170904,4.15,4.15,4.15,4.15,0
NOAH,20170904,29.55,29.55,29.55,29.55,0
NOC,20170904,268.83,268.83,268.83,268.83,0
NOK,20170904,6.22,6.22,6.22,6.22,0
NOM,20170904,15.29,15.29,15.29,15.29,0
NOMD,20170904,14.97,14.97,14.97,14.97,0
NOV,20170904,30.68,30.68,30.68,30.68,0
NOW,20170904,115.49,115.49,115.49,115.49,0
NP,20170904,77.55,77.55,77.55,77.55,0
NPK,20170904,98.75,98.75,98.75,98.75,0
NPO,20170904,70.64,70.64,70.64,70.64,0
NPTN,20170904,6.19,6.19,6.19,6.19,0
NPV,20170904,13.26,13.26,13.26,13.26,0
NQP,20170904,13.69,13.69,13.69,13.69,0
NR,20170904,8.25,8.25,8.25,8.25,0
NRG,20170904,24.81,24.81,24.81,24.81,0
NRK,20170904,13.43,13.43,13.43,13.43,0
NRP,20170904,25,25,25,25,0
NRT,20170904,6.62,6.62,6.62,6.62,0
NRZ,20170904,16.66,16.66,16.66,16.66,0
NS,20170904,40.37,40.37,40.37,40.37,0
NS-A,20170904,26.32,26.32,26.32,26.32,0
NS-B,20170904,25.45,25.45,25.45,25.45,0
NSA,20170904,22.45,22.45,22.45,22.45,0
NSC,20170904,121.16,121.16,121.16,121.16,0
NSL,20170904,6.65,6.65,6.65,6.65,0
NSP,20170904,40.8,40.8,40.8,40.8,0
NSS,20170904,25.65,25.65,25.65,25.65,0
NTB,20170904,33.1,33.1,33.1,33.1,0
NTG,20170904,18.17,18.17,18.17,18.17,0
NTP,20170904,10.45,10.45,10.45,10.45,0
NTX,20170904,14.44,14.44,14.44,14.44,0
NTZ,20170904,12.75,12.75,12.75,12.75,0
NUE,20170904,55.5,55.5,55.5,55.5,0
NUM,20170904,13.88,13.88,13.88,13.88,0
NUO,20170904,15.31,15.31,15.31,15.31,0
NUS,20170904,61.82,61.82,61.82,61.82,0
NUV,20170904,10.25,10.25,10.25,10.25,0
NUW,20170904,17.22,17.22,17.22,17.22,0
NVG,20170904,15.64,15.64,15.64,15.64,0
NVGS,20170904,10.9,10.9,10.9,10.9,0
NVO,20170904,47.24,47.24,47.24,47.24,0
NVR,20170904,2708.21,2708.21,2708.21,2708.21,0
NVRO,20170904,85.19,85.19,85.19,85.19,0
NVS,20170904,73.7218,73.7218,73.7218,73.7218,0
NVTA,20170904,9.84,9.84,9.84,9.84,0
NWE,20170904,60.23,60.23,60.23,60.23,0
NWHM,20170904,10.41,10.41,10.41,10.41,0
NWN,20170904,66.45,66.45,66.45,66.45,0
NX,20170904,19.95,19.95,19.95,19.95,0
NXC,20170904,15.71,15.71,15.71,15.71,0
NXJ,20170904,13.98,13.98,13.98,13.98,0
NXN,20170904,14.07,14.07,14.07,14.07,0
NXP,20170904,14.7,14.7,14.7,14.7,0
NXQ,20170904,13.98,13.98,13.98,13.98,0
NXR,20170904,14.86,14.86,14.86,14.86,0
NXRT,20170904,23.31,23.31,23.31,23.31,0
NYC-A,20170904,30,30,30,30,0
NYC-U,20170904,50.8,50.8,50.8,50.8,0
NYCB,20170904,12.12,12.12,12.12,12.12,0
NYT,20170904,18.85,18.85,18.85,18.85,0
NYV,20170904,15,15,15,15,0
NZF,20170904,15.34,15.34,15.34,15.34,0
O,20170904,57.86,57.86,57.86,57.86,0
OAK-A,20170904,25.11,25.11,25.11,25.11,0
OBE,20170904,7.21,7.21,7.21,7.21,0
OC,20170904,74,74,74,74,0
OCN,20170904,2.95,2.95,2.95,2.95,0
ODC,20170904,40.58,40.58,40.58,40.58,0
OEC,20170904,21.6,21.6,21.6,21.6,0
OFC,20170904,33.49,33.49,33.49,33.49,0
OFG,20170904,9.6,9.6,9.6,9.6,0
OFG-A,20170904,24.32,24.32,24.32,24.32,0
OFG-B,20170904,24.34,24.34,24.34,24.34,0
OFG-D,20170904,24.87,24.87,24.87,24.87,0
OGE,20170904,35.76,35.76,35.76,35.76,0
OGS,20170904,75.2,75.2,75.2,75.2,0
OHI,20170904,32.3,32.3,32.3,32.3,0
OI,20170904,24.91,24.91,24.91,24.91,0
OIA,20170904,7.9,7.9,7.9,7.9,0
OIB.C,20170904,6.97,6.97,6.97,6.97,0
OII,20170904,23,23,23,23,0
OIS,20170904,21.95,21.95,21.95,21.95,0
OKE,20170904,54.63,54.63,54.63,54.63,0
OLN,20170904,32.03,32.03,32.03,32.03,0
OLP,20170904,24.01,24.01,24.01,24.01,0
OMC,20170904,71.94,71.94,71.94,71.94,0
OMF,20170904,27.71,27.71,27.71,27.71,0
OMI,20170904,28.33,28.33,28.33,28.33,0
OMN,20170904,8.85,8.85,8.85,8.85,0
ONDK,20170904,4.74,4.74,4.74,4.74,0
OOMA,20170904,10.15,10.15,10.15,10.15,0
OPP,20170904,19.24,19.24,19.24,19.24,0
OPY,20170904,16.15,16.15,16.15,16.15,0
OR,20170904,13.82,13.82,13.82,13.82,0
ORA,20170904,57.37,57.37,57.37,57.37,0
ORAN,20170904,16.99,16.99,16.99,16.99,0
ORC,20170904,9.78,9.78,9.78,9.78,0
ORCL,20170904,50.62,50.62,50.62,50.62,0
ORI,20170904,19.23,19.23,19.23,19.23,0
ORN,20170904,5.97,5.97,5.97,5.97,0
OSB,20170904,35.27,35.27,35.27,35.27,0
OSG,20170904,2.37,2.37,2.37,2.37,0
OSK,20170904,74.9,74.9,74.9,74.9,0
OUT,20170904,21.91,21.91,21.91,21.91,0
OXM,20170904,62.73,62.73,62.73,62.73,0
OXY,20170904,59.75,59.75,59.75,59.75,0
PAA,20170904,21.84,21.84,21.84,21.84,0
PAC,20170904,110.91,110.91,110.91,110.91,0
PACD,20170904,0.431,0.431,0.431,0.431,0
PAG,20170904,43.11,43.11,43.11,43.11,0
PAGP,20170904,22.55,22.55,22.55,22.55,0
PAI,20170904,16.04,16.04,16.04,16.04,0
PAM,20170904,61.95,61.95,61.95,61.95,0
PANW,20170904,146.67,146.67,146.67,146.67,0
PAR,20170904,10.68,10.68,10.68,10.68,0
PAYC,20170904,74.77,74.77,74.77,74.77,0
PB,20170904,60.24,60.24,60.24,60.24,0
PBA,20170904,32.7,32.7,32.7,32.7,0
PBB,20170904,25.77,25.77,25.77,25.77,0
PBF,20170904,24.79,24.79,24.79,24.79,0
PBFX,20170904,21.85,21.85,21.85,21.85,0
PBH,20170904,50.93,50.93,50.93,50.93,0
PBI,20170904,12.9,12.9,12.9,12.9,0
PBI-B,20170904,25.67,25.67,25.67,25.67,0
PBR,20170904,9.29,9.29,9.29,9.29,0
PBR.A,20170904,8.93,8.93,8.93,8.93,0
PBT,20170904,8.08,8.08,8.08,8.08,0
PCF,20170904,8.83,8.83,8.83,8.83,0
PCG,20170904,69.87,69.87,69.87,69.87,0
PCI,20170904,22.72,22.72,22.72,22.72,0
PCK,20170904,10.23,10.23,10.23,10.23,0
PCM,20170904,11.69,11.69,11.69,11.69,0
PCN,20170904,16.89,16.89,16.89,16.89,0
PCQ,20170904,17.24,17.24,17.24,17.24,0
PDI,20170904,30.33,30.33,30.33,30.33,0
PDM,20170904,20.33,20.33,20.33,20.33,0
PDS,20170904,2.56,2.56,2.56,2.56,0
PDT,20170904,17.18,17.18,17.18,17.18,0
PE,20170904,25.25,25.25,25.25,25.25,0
PEB,20170904,33.75,33.75,33.75,33.75,0
PEB-C,20170904,25.56,25.56,25.56,25.56,0
PEB-D,20170904,25.8,25.8,25.8,25.8,0
PEG,20170904,46.52,46.52,46.52,46.52,0
PEI,20170904,10.19,10.19,10.19,10.19,0
PEI-B,20170904,25.05,25.05,25.05,25.05,0
PEI-C,20170904,26.01,26.01,26.01,26.01,0
PEN,20170904,87.9,87.9,87.9,87.9,0
PEO,20170904,18.3,18.3,18.3,18.3,0
PER,20170904,2.75,2.75,2.75,2.75,0
PFD,20170904,15.22,15.22,15.22,15.22,0
PFE,20170904,33.96,33.96,33.96,33.96,0
PFGC,20170904,28,28,28,28,0
PFH,20170904,17.175,17.175,17.175,17.175,0
PFL,20170904,12.15,12.15,12.15,12.15,0
PFN,20170904,10.69,10.69,10.69,10.69,0
PFO,20170904,12.23,12.23,12.23,12.23,0
PFS,20170904,24.72,24.72,24.72,24.72,0
PFSI,20170904,17.05,17.05,17.05,17.05,0
PG,20170904,92.53,92.53,92.53,92.53,0
PGP,20170904,16.52,16.52,16.52,16.52,0
PGR,20170904,45.66,45.66,45.66,45.66,0
PGRE,20170904,15.81,15.81,15.81,15.81,0
PGTI,20170904,13.35,13.35,13.35,13.35,0
PGZ,20170904,18.69,18.69,18.69,18.69,0
PH,20170904,162.83,162.83,162.83,162.83,0
PHD,20170904,11.905,11.905,11.905,11.905,0
PHG,20170904,38.06,38.06,38.06,38.06,0
PHI,20170904,33.44,33.44,33.44,33.44,0
PHK,20170904,8.5,8.5,8.5,8.5,0
PHM,20170904,25.87,25.87,25.87,25.87,0
PHT,20170904,9.91,9.91,9.91,9.91,0
PHX,20170904,21.65,21.65,21.65,21.65,0
PII,20170904,94.71,94.71,94.71,94.71,0
PIM,20170904,4.72,4.72,4.72,4.72,0
PIR,20170904,85.8,85.8,85.8,85.8,0
PIY,20170904,25.67,25.67,25.67,25.67,0
PJH,20170904,25.67,25.67,25.67,25.67,0
PJT,20170904,38.61,38.61,38.61,38.61,0
PK,20170904,26.89,26.89,26.89,26.89,0
PKD,20170904,17.25,17.25,17.25,17.25,0
PKE,20170904,18.22,18.22,18.22,18.22,0
PKG,20170904,113.45,113.45,113.45,113.45,0
PKI,20170904,66.99,66.99,66.99,66.99,0
PKO,20170904,25.97,25.97,25.97,25.97,0
PKX,20170904,77.62,77.62,77.62,77.62,0
PLD,20170904,63.78,63.78,63.78,63.78,0
PLNT,20170904,25.17,25.17,25.17,25.17,0
PLOW,20170904,35.35,35.35,35.35,35.35,0
PLT,20170904,42.69,42.69,42.69,42.69,0
PM,20170904,117.83,117.83,117.83,117.83,0
PMF,20170904,14.05,14.05,14.05,14.05,0
PML,20170904,13.29,13.29,13.29,13.29,0
PMM,20170904,7.59,7.59,7.59,7.59,0
PMO,20170904,12.63,12.63,12.63,12.63,0
PMT,20170904,17.37,17.37,17.37,17.37,0
PMT-A,20170904,25.16,25.16,25.16,25.16,0
PMT-B,20170904,24.98,24.98,24.98,24.98,0
PMX,20170904,12.03,12.03,12.03,12.03,0
PNC,20170904,126.64,126.64,126.64,126.64,0
PNC-P,20170904,28.58,28.58,28.58,28.58,0
PNC-Q,20170904,25.54,25.54,25.54,25.54,0
PNF,20170904,13.11,13.11,13.11,13.11,0
PNI,20170904,12.24,12.24,12.24,12.24,0
PNM,20170904,42.55,42.55,42.55,42.55,0
PNR,20170904,41.9509,41.9509,41.9509,41.9509,0
PNW,20170904,89.86,89.86,89.86,89.86,0
POL,20170904,36.74,36.74,36.74,36.74,0
POR,20170904,47.33,47.33,47.33,47.33,0
POST,20170904,86.15,86.15,86.15,86.15,0
PPG,20170904,104.59,104.59,104.59,104.59,0
PPL,20170904,39.11,39.11,39.11,39.11,0
PPR,20170904,5.22,5.22,5.22,5.22,0
PPT,20170904,5.4,5.4,5.4,5.4,0
PPX,20170904,25.63,25.63,25.63,25.63,0
PRA,20170904,53.6,53.6,53.6,53.6,0
PRE-F,20170904,25.66,25.66,25.66,25.66,0
PRE-G,20170904,26.96,26.96,26.96,26.96,0
PRE-H,20170904,29.25,29.25,29.25,29.25,0
PRE-I,20170904,25.87,25.87,25.87,25.87,0
PRGO,20170904,78.91,78.91,78.91,78.91,0
PRH,20170904,25.73,25.73,25.73,25.73,0
PRI,20170904,76.85,76.85,76.85,76.85,0
PRLB,20170904,72.6,72.6,72.6,72.6,0
PRO,20170904,26.21,26.21,26.21,26.21,0
PRTY,20170904,14.15,14.15,14.15,14.15,0
PRU,20170904,103.15,103.15,103.15,103.15,0
PSA,20170904,205.88,205.88,205.88,205.88,0
PSA-B,20170904,26.31,26.31,26.31,26.31,0
PSA-C,20170904,25.66,25.66,25.66,25.66,0
PSA-D,20170904,24.985,24.985,24.985,24.985,0
PSA-E,20170904,24.82,24.82,24.82,24.82,0
PSA-F,20170904,25.39,25.39,25.39,25.39,0
PSA-G,20170904,25.02,25.02,25.02,25.02,0
PSA-V,20170904,25.33,25.33,25.33,25.33,0
PSA-W,20170904,25.41,25.41,25.41,25.41,0
PSA-X,20170904,25.37,25.37,25.37,25.37,0
PSB,20170904,136.01,136.01,136.01,136.01,0
PSB-W,20170904,25.33,25.33,25.33,25.33,0
PSF,20170904,28.04,28.04,28.04,28.04,0
PSO,20170904,7.8,7.8,7.8,7.8,0
PSTG,20170904,14.83,14.83,14.83,14.83,0
PSX,20170904,84.43,84.43,84.43,84.43,0
PSXP,20170904,48.11,48.11,48.11,48.11,0
PTR,20170904,65.14,65.14,65.14,65.14,0
PTY,20170904,16.76,16.76,16.76,16.76,0
PUK,20170904,47.23,47.23,47.23,47.23,0
PUK-A,20170904,26.58,26.58,26.58,26.58,0
PUK.P,20170904,26.63,26.63,26.63,26.63,0
PUMP,20170904,11.44,11.44,11.44,11.44,0
PVG,20170904,8.34,8.34,8.34,8.34,0
PVH,20170904,126.53,126.53,126.53,126.53,0
PWR,20170904,36.02,36.02,36.02,36.02,0
PXD,20170904,130.64,130.64,130.64,130.64,0
PYN,20170904,9.975,9.975,9.975,9.975,0
PYS,20170904,22.24,22.24,22.24,22.24,0
PYT,20170904,21.22,21.22,21.22,21.22,0
PZC,20170904,11.03,11.03,11.03,11.03,0
PZN,20170904,9.93,9.93,9.93,9.93,0
QEP,20170904,7.52,7.52,7.52,7.52,0
QHC,20170904,4.51,4.51,4.51,4.51,0
QSR,20170904,61.28,61.28,61.28,61.28,0
QTS,20170904,53.97,53.97,53.97,53.97,0
QTWO,20170904,40.45,40.45,40.45,40.45,0
QUAD,20170904,19.21,19.21,19.21,19.21,0
QUOT,20170904,14.85,14.85,14.85,14.85,0
R,20170904,78.21,78.21,78.21,78.21,0
RA,20170904,24,24,24,24,0
RACE,20170904,116.76,116.76,116.76,116.76,0
RAD,20170904,48.4,48.4,48.4,48.4,0
RBA,20170904,29.85,29.85,29.85,29.85,0
RBC,20170904,75.4,75.4,75.4,75.4,0
RBS,20170904,6.62,6.62,6.62,6.62,0
RCI,20170904,52.15,52.15,52.15,52.15,0
RCL,20170904,124.24,124.24,124.24,124.24,0
RCS,20170904,9.95,9.95,9.95,9.95,0
RDN,20170904,17.51,17.51,17.51,17.51,0
RDS.A,20170904,55.35,55.35,55.35,55.35,0
RDS.B,20170904,56.71,56.71,56.71,56.71,0
RDY,20170904,34.67,34.67,34.67,34.67,0
RE,20170904,248.38,248.38,248.38,248.38,0
RELX,20170904,22.14,22.14,22.14,22.14,0
RENN,20170904,7.33,7.33,7.33,7.33,0
RES,20170904,19.36,19.36,19.36,19.36,0
RESI,20170904,11.99,11.99,11.99,11.99,0
REV,20170904,17.15,17.15,17.15,17.15,0
REVG,20170904,25.35,25.35,25.35,25.35,0
REX,20170904,86.3,86.3,86.3,86.3,0
REX-A,20170904,25.25,25.25,25.25,25.25,0
REXR,20170904,29.8,29.8,29.8,29.8,0
RF,20170904,14.23,14.23,14.23,14.23,0
RF-A,20170904,25.38,25.38,25.38,25.38,0
RF-B,20170904,28.63,28.63,28.63,28.63,0
RFI,20170904,12.73,12.73,12.73,12.73,0
RFP,20170904,5.05,5.05,5.05,5.05,0
RGA,20170904,134.63,134.63,134.63,134.63,0
RGR,20170904,46.25,46.25,46.25,46.25,0
RGS,20170904,13.38,13.38,13.38,13.38,0
RGT,20170904,9.86,9.86,9.86,9.86,0
RH,20170904,48.51,48.51,48.51,48.51,0
RHI,20170904,45.28,45.28,45.28,45.28,0
RHP,20170904,59.55,59.55,59.55,59.55,0
RIG,20170904,8.56,8.56,8.56,8.56,0
RIO,20170904,49.53,49.53,49.53,49.53,0
RIV,20170904,21.15,21.15,21.15,21.15,0
RJF,20170904,78.96,78.96,78.96,78.96,0
RL,20170904,89.32,89.32,89.32,89.32,0
RLGY,20170904,34.44,34.44,34.44,34.44,0
RLH,20170904,7.25,7.25,7.25,7.25,0
RLI,20170904,53.65,53.65,53.65,53.65,0
RLJ,20170904,20.23,20.23,20.23,20.23,0
RLJ-A,20170904,28.4,28.4,28.4,28.4,0
RM,20170904,22.6,22.6,22.6,22.6,0
RMAX,20170904,63.3,63.3,63.3,63.3,0
RMD,20170904,77.59,77.59,77.59,77.59,0
RMT,20170904,8.66,8.66,8.66,8.66,0
RNG,20170904,42.35,42.35,42.35,42.35,0
RNGR,20170904,14.92,14.92,14.92,14.92,0
RNP,20170904,21.19,21.19,21.19,21.19,0
RNR,20170904,137.75,137.75,137.75,137.75,0
RNR-C,20170904,25.67,25.67,25.67,25.67,0
RNR-E,20170904,25.83,25.83,25.83,25.83,0
ROG,20170904,119.57,119.57,119.57,119.57,0
ROK,20170904,164.36,164.36,164.36,164.36,0
ROL,20170904,29.6267,29.6267,29.6267,29.6267,0
ROP,20170904,230.09,230.09,230.09,230.09,0
ROYT,20170904,1.54,1.54,1.54,1.54,0
RPAI,20170904,13.39,13.39,13.39,13.39,0
RPM,20170904,49.24,49.24,49.24,49.24,0
RPT,20170904,13.3,13.3,13.3,13.3,0
RPT-D,20170904,54.08,54.08,54.08,54.08,0
RQI,20170904,12.84,12.84,12.84,12.84,0
RRC,20170904,17.85,17.85,17.85,17.85,0
RRD,20170904,9.21,9.21,9.21,9.21,0
RRTS,20170904,187,187,187,187,0
RS,20170904,73.36,73.36,73.36,73.36,0
RSG,20170904,65.19,65.19,65.19,65.19,0
RST,20170904,9.21,9.21,9.21,9.21,0
RTN,20170904,181.38,181.38,181.38,181.38,0
RUBI,20170904,3.94,3.94,3.94,3.94,0
RVT,20170904,14.96,14.96,14.96,14.96,0
RWT,20170904,16.73,16.73,16.73,16.73,0
RXN,20170904,23.96,23.96,23.96,23.96,0
RY,20170904,74.33,74.33,74.33,74.33,0
RY-T,20170904,29.43,29.43,29.43,29.43,0
RYAM,20170904,13.86,13.86,13.86,13.86,0
RYI,20170904,8.6,8.6,8.6,8.6,0
RYN,20170904,28.52,28.52,28.52,28.52,0
RZA,20170904,29.12,29.12,29.12,29.12,0
RZB,20170904,27.88,27.88,27.88,27.88,0
S,20170904,8.27,8.27,8.27,8.27,0
SA,20170904,12.25,12.25,12.25,12.25,0
SAB,20170904,26.15,26.15,26.15,26.15,0
SAFE,20170904,19.63,19.63,19.63,19.63,0
SAH,20170904,18.6,18.6,18.6,18.6,0
SAIC,20170904,74.42,74.42,74.42,74.42,0
SALT,20170904,7.95,7.95,7.95,7.95,0
SAM,20170904,148.35,148.35,148.35,148.35,0
SAN,20170904,6.51,6.51,6.51,6.51,0
SAN-B,20170904,24.3,24.3,24.3,24.3,0
SAP,20170904,105.34,105.34,105.34,105.34,0
SAR,20170904,21.64,21.64,21.64,21.64,0
SB,20170904,3.5,3.5,3.5,3.5,0
SB-C,20170904,20.31,20.31,20.31,20.31,0
SB-D,20170904,20.37,20.37,20.37,20.37,0
SBGL,20170904,6.46,6.46,6.46,6.46,0
SBH,20170904,19.06,19.06,19.06,19.06,0
SBNA,20170904,24.525,24.525,24.525,24.525,0
SBOW,20170904,21.58,21.58,21.58,21.58,0
SBR,20170904,40.55,40.55,40.55,40.55,0
SBS,20170904,10.46,10.46,10.46,10.46,0
SC,20170904,14.46,14.46,14.46,14.46,0
SCA,20170904,25.17,25.17,25.17,25.17,0
SCCO,20170904,41.3,41.3,41.3,41.3,0
SCD,20170904,14.3,14.3,14.3,14.3,0
SCE-G,20170904,25.55,25.55,25.55,25.55,0
SCE-H,20170904,27.69,27.69,27.69,27.69,0
SCE-J,20170904,27.41,27.41,27.41,27.41,0
SCE-K,20170904,28.61,28.61,28.61,28.61,0
SCE-L,20170904,25.67,25.67,25.67,25.67,0
SCH-C,20170904,27.43,27.43,27.43,27.43,0
SCH-D,20170904,27.37,27.37,27.37,27.37,0
SCHW,20170904,40.16,40.16,40.16,40.16,0
SCI,20170904,35.45,35.45,35.45,35.45,0
SCL,20170904,78.03,78.03,78.03,78.03,0
SCM,20170904,13.55,13.55,13.55,13.55,0
SCS,20170904,13.69,13.69,13.69,13.69,0
SCX,20170904,7.35,7.35,7.35,7.35,0
SD,20170904,17.53,17.53,17.53,17.53,0
SDRL,20170904,74.9756,74.9756,74.9756,74.9756,0
SEAS,20170904,12.63,12.63,12.63,12.63,0
SEE,20170904,44.95,44.95,44.95,44.95,0
SEM,20170904,18.75,18.75,18.75,18.75,0
SERV,20170904,46.78,46.78,46.78,46.78,0
SF,20170904,48.46,48.46,48.46,48.46,0
SF-A,20170904,26.99,26.99,26.99,26.99,0
SFE,20170904,12.1,12.1,12.1,12.1,0
SFL,20170904,13.05,13.05,13.05,13.05,0
SFUN,20170904,19.05,19.05,19.05,19.05,0
SGU,20170904,10.79,10.79,10.79,10.79,0
SHAK,20170904,30.96,30.96,30.96,30.96,0
SHG,20170904,46.32,46.32,46.32,46.32,0
SHI,20170904,62.66,62.66,62.66,62.66,0
SHLX,20170904,27.58,27.58,27.58,27.58,0
SHO,20170904,15.89,15.89,15.89,15.89,0
SHO-E,20170904,26.85,26.85,26.85,26.85,0
SHO-F,20170904,26.01,26.01,26.01,26.01,0
SHOP,20170904,110.86,110.86,110.86,110.86,0
SHW,20170904,343.62,343.62,343.62,343.62,0
SID,20170904,2.89,2.89,2.89,2.89,0
SIG,20170904,64.36,64.36,64.36,64.36,0
SITE,20170904,50.85,50.85,50.85,50.85,0
SIX,20170904,53.62,53.62,53.62,53.62,0
SJI,20170904,36.2,36.2,36.2,36.2,0
SJM,20170904,104.84,104.84,104.84,104.84,0
SJR,20170904,22.53,22.53,22.53,22.53,0
SJT,20170904,6.85,6.85,6.85,6.85,0
SJW,20170904,55.08,55.08,55.08,55.08,0
SKM,20170904,24.85,24.85,24.85,24.85,0
SKT,20170904,23.7,23.7,23.7,23.7,0
SKX,20170904,26.75,26.75,26.75,26.75,0
SLB,20170904,63.35,63.35,63.35,63.35,0
SLCA,20170904,27.38,27.38,27.38,27.38,0
SLF,20170904,38.88,38.88,38.88,38.88,0
SLG,20170904,97.11,97.11,97.11,97.11,0
SLG-I,20170904,25.58,25.58,25.58,25.58,0
SM,20170904,13.74,13.74,13.74,13.74,0
SMFG,20170904,7.51,7.51,7.51,7.51,0
SMG,20170904,95.07,95.07,95.07,95.07,0
SMHI,20170904,13.19,13.19,13.19,13.19,0
SMLP,20170904,20.55,20.55,20.55,20.55,0
SMM,20170904,11.27,11.27,11.27,11.27,0
SMP,20170904,44.81,44.81,44.81,44.81,0
SNA,20170904,146.01,146.01,146.01,146.01,0
SNAP,20170904,14.27,14.27,14.27,14.27,0
SNDR,20170904,22.88,22.88,22.88,22.88,0
SNE,20170904,39.72,39.72,39.72,39.72,0
SNN,20170904,36.3,36.3,36.3,36.3,0
SNP,20170904,77.62,77.62,77.62,77.62,0
SNR,20170904,9.18,9.18,9.18,9.18,0
SNV,20170904,42.41,42.41,42.41,42.41,0
SNX,20170904,114.88,114.88,114.88,114.88,0
SO,20170904,48.26,48.26,48.26,48.26,0
SOI,20170904,14.43,14.43,14.43,14.43,0
SOJA,20170904,27.25,27.25,27.25,27.25,0
SOJB,20170904,25.7,25.7,25.7,25.7,0
SOL,20170904,2.54,2.54,2.54,2.54,0
SON,20170904,48.83,48.83,48.83,48.83,0
SOR,20170904,39.29,39.29,39.29,39.29,0
SPB,20170904,109.6,109.6,109.6,109.6,0
SPE,20170904,15.63,15.63,15.63,15.63,0
SPE-B,20170904,25.75,25.75,25.75,25.75,0
SPG,20170904,158.19,158.19,158.19,158.19,0
SPG-J,20170904,71.4,71.4,71.4,71.4,0
SPGI,20170904,153.72,153.72,153.72,153.72,0
SPH,20170904,24.51,24.51,24.51,24.51,0
SPL-A,20170904,22.15,22.15,22.15,22.15,0
SPLP,20170904,18.08,18.08,18.08,18.08,0
SPN,20170904,8.36,8.36,8.36,8.36,0
SPR,20170904,74.44,74.44,74.44,74.44,0
SPXC,20170904,24.58,24.58,24.58,24.58,0
SPXX,20170904,15.49,15.49,15.49,15.49,0
SQ,20170904,25.93,25.93,25.93,25.93,0
SQM,20170904,48.04,48.04,48.04,48.04,0
SQNS,20170904,3.18,3.18,3.18,3.18,0
SR,20170904,77.1,77.1,77.1,77.1,0
SRC,20170904,43.5,43.5,43.5,43.5,0
SRE,20170904,117.94,117.94,117.94,117.94,0
SRF,20170904,8.08,8.08,8.08,8.08,0
SRG,20170904,47.94,47.94,47.94,47.94,0
SRI,20170904,16.76,16.76,16.76,16.76,0
SRLP,20170904,25.75,25.75,25.75,25.75,0
SRT,20170904,11.68,11.68,11.68,11.68,0
SRV,20170904,12.08,12.08,12.08,12.08,0
SSD,20170904,43.95,43.95,43.95,43.95,0
SSI,20170904,1.76,1.76,1.76,1.76,0
SSL,20170904,30.42,30.42,30.42,30.42,0
SSTK,20170904,33.1,33.1,33.1,33.1,0
SSW,20170904,7.28,7.28,7.28,7.28,0
SSW-D,20170904,23.75,23.75,23.75,23.75,0
SSW-E,20170904,25.12,25.12,25.12,25.12,0
SSW-G,20170904,23.88,23.88,23.88,23.88,0
SSW-H,20170904,23.38,23.38,23.38,23.38,0
ST,20170904,45.12,45.12,45.12,45.12,0
STA-C,20170904,26.75,26.75,26.75,26.75,0
STA-D,20170904,25.12,25.12,25.12,25.12,0
STA-G,20170904,25.05,25.05,25.05,25.05,0
STA-I,20170904,24.91,24.91,24.91,24.91,0
STAG,20170904,28.03,28.03,28.03,28.03,0
STAR,20170904,11.7,11.7,11.7,11.7,0
STC,20170904,35.89,35.89,35.89,35.89,0
STE,20170904,86.88,86.88,86.88,86.88,0
STK,20170904,22.38,22.38,22.38,22.38,0
STL,20170904,22.55,22.55,22.55,22.55,0
STM,20170904,17.47,17.47,17.47,17.47,0
STN,20170904,28,28,28,28,0
STNG,20170904,40.2,40.2,40.2,40.2,0
STON,20170904,6.59,6.59,6.59,6.59,0
STOR,20170904,25.56,25.56,25.56,25.56,0
STT,20170904,93.18,93.18,93.18,93.18,0
STT-C,20170904,25.42,25.42,25.42,25.42,0
STT-D,20170904,28.11,28.11,28.11,28.11,0
STT-G,20170904,27.75,27.75,27.75,27.75,0
STWD,20170904,22.26,22.26,22.26,22.26,0
STZ,20170904,200.23,200.23,200.23,200.23,0
STZ.B,20170904,196.78,196.78,196.78,196.78,0
SU,20170904,31.91,31.91,31.91,31.91,0
SUI,20170904,90.78,90.78,90.78,90.78,0
SUM,20170904,30.11,30.11,30.11,30.11,0
SUN,20170904,31.97,31.97,31.97,31.97,0
SUP,20170904,14.7,14.7,14.7,14.7,0
SUPV,20170904,20.85,20.85,20.85,20.85,0
SWK,20170904,142.64,142.64,142.64,142.64,0
SWM,20170904,37.91,37.91,37.91,37.91,0
SWN,20170904,5.68,5.68,5.68,5.68,0
SWP,20170904,110.94,110.94,110.94,110.94,0
SWX,20170904,79.59,79.59,79.59,79.59,0
SWZ,20170904,12.74,12.74,12.74,12.74,0
SXC,20170904,9.61,9.61,9.61,9.61,0
SXI,20170904,95.5,95.5,95.5,95.5,0
SXT,20170904,72.88,72.88,72.88,72.88,0
SYF,20170904,30.92,30.92,30.92,30.92,0
SYK,20170904,141.09,141.09,141.09,141.09,0
SYX,20170904,24.31,24.31,24.31,24.31,0
SYY,20170904,52.97,52.97,52.97,52.97,0
SZC,20170904,17.28,17.28,17.28,17.28,0
T,20170904,37.48,37.48,37.48,37.48,0
TAC,20170904,6.25,6.25,6.25,6.25,0
TAL,20170904,30.93,30.93,30.93,30.93,0
TAP,20170904,90.03,90.03,90.03,90.03,0
TAP.A,20170904,91.63,91.63,91.63,91.63,0
TARO,20170904,105.42,105.42,105.42,105.42,0
TBI,20170904,20.55,20.55,20.55,20.55,0
TCI,20170904,21.78,21.78,21.78,21.78,0
TCO,20170904,52.63,52.63,52.63,52.63,0
TCO-J,20170904,25.44,25.44,25.44,25.44,0
TCO-K,20170904,25.49,25.49,25.49,25.49,0
TCP,20170904,52.41,52.41,52.41,52.41,0
TCRZ,20170904,25.99,25.99,25.99,25.99,0
TCS,20170904,4.22,4.22,4.22,4.22,0
TD,20170904,54.5,54.5,54.5,54.5,0
TDA,20170904,25.07,25.07,25.07,25.07,0
TDC,20170904,32.19,32.19,32.19,32.19,0
TDE,20170904,25.56,25.56,25.56,25.56,0
TDF,20170904,22.32,22.32,22.32,22.32,0
TDG,20170904,256.86,256.86,256.86,256.86,0
TDI,20170904,26,26,26,26,0
TDJ,20170904,25.68,25.68,25.68,25.68,0
TDOC,20170904,34.35,34.35,34.35,34.35,0
TDS,20170904,29.85,29.85,29.85,29.85,0
TDW,20170904,23.6,23.6,23.6,23.6,0
TDY,20170904,150.55,150.55,150.55,150.55,0
TECK,20170904,25.46,25.46,25.46,25.46,0
TEF,20170904,10.76,10.76,10.76,10.76,0
TEI,20170904,11.45,11.45,11.45,11.45,0
TEL,20170904,79.74,79.74,79.74,79.74,0
TEN,20170904,56.42,56.42,56.42,56.42,0
TEO,20170904,30.47,30.47,30.47,30.47,0
TEVA,20170904,15.9,15.9,15.9,15.9,0
TEX,20170904,39.06,39.06,39.06,39.06,0
TFX,20170904,210.51,210.51,210.51,210.51,0
TG,20170904,16.65,16.65,16.65,16.65,0
TGH,20170904,17.95,17.95,17.95,17.95,0
TGI,20170904,26.5,26.5,26.5,26.5,0
TGNA,20170904,12.81,12.81,12.81,12.81,0
TGP,20170904,17.1,17.1,17.1,17.1,0
TGP-A,20170904,25.56,25.56,25.56,25.56,0
TGS,20170904,18.07,18.07,18.07,18.07,0
TGT,20170904,56.22,56.22,56.22,56.22,0
THC,20170904,18.12,18.12,18.12,18.12,0
THG,20170904,97.85,97.85,97.85,97.85,0
THGA,20170904,25.75,25.75,25.75,25.75,0
THO,20170904,109.01,109.01,109.01,109.01,0
THQ,20170904,18.75,18.75,18.75,18.75,0
THR,20170904,16.72,16.72,16.72,16.72,0
THS,20170904,67.97,67.97,67.97,67.97,0
THW,20170904,14.47,14.47,14.47,14.47,0
TIF,20170904,92.37,92.37,92.37,92.37,0
TISI,20170904,12.6,12.6,12.6,12.6,0
TJX,20170904,36.19,36.19,36.19,36.19,0
TK,20170904,8.99,8.99,8.99,8.99,0
TKC,20170904,9.48,9.48,9.48,9.48,0
TKR,20170904,45.15,45.15,45.15,45.15,0
TLI,20170904,10.78,10.78,10.78,10.78,0
TLK,20170904,35.42,35.42,35.42,35.42,0
TLRD,20170904,12.15,12.15,12.15,12.15,0
TLYS,20170904,11.07,11.07,11.07,11.07,0
TM,20170904,113.03,113.03,113.03,113.03,0
TMHC,20170904,20.47,20.47,20.47,20.47,0
TMO,20170904,186,186,186,186,0
TMST,20170904,15.18,15.18,15.18,15.18,0
TNC,20170904,61.4,61.4,61.4,61.4,0
TNET,20170904,36.4,36.4,36.4,36.4,0
TNK,20170904,1.41,1.41,1.41,1.41,0
TNP,20170904,4.55,4.55,4.55,4.55,0
TNP-C,20170904,25.75,25.75,25.75,25.75,0
TNP-D,20170904,25.29,25.29,25.29,25.29,0
TNP-E,20170904,25.345,25.345,25.345,25.345,0
TOL,20170904,39,39,39,39,0
TOO-A,20170904,20.71,20.71,20.71,20.71,0
TOO-B,20170904,22.76,22.76,22.76,22.76,0
TOT,20170904,52.04,52.04,52.04,52.04,0
TPB,20170904,16.97,16.97,16.97,16.97,0
TPC,20170904,26.55,26.55,26.55,26.55,0
TPH,20170904,12.76,12.76,12.76,12.76,0
TPL,20170904,394.07,394.07,394.07,394.07,0
TPRE,20170904,14.15,14.15,14.15,14.15,0
TPVG,20170904,13.35,13.35,13.35,13.35,0
TPVY,20170904,25.25,25.25,25.25,25.25,0
TPX,20170904,62.1,62.1,62.1,62.1,0
TPZ,20170904,20.44,20.44,20.44,20.44,0
TR,20170904,37.4,37.4,37.4,37.4,0
TRC,20170904,20.03,20.03,20.03,20.03,0
TREC,20170904,12.15,12.15,12.15,12.15,0
TREX,20170904,38.23,38.23,38.23,38.23,0
TRGP,20170904,44.54,44.54,44.54,44.54,0
TRI,20170904,45.47,45.47,45.47,45.47,0
TRN,20170904,29.56,29.56,29.56,29.56,0
TRNO,20170904,36.3,36.3,36.3,36.3,0
TROX,20170904,21.06,21.06,21.06,21.06,0
TRP,20170904,50.85,50.85,50.85,50.85,0
TRQ,20170904,3.36,3.36,3.36,3.36,0
TRTN,20170904,37.91,37.91,37.91,37.91,0
TRTX,20170904,20.39,20.39,20.39,20.39,0
TRU,20170904,47.81,47.81,47.81,47.81,0
TRV,20170904,119.9,119.9,119.9,119.9,0
TS,20170904,26.58,26.58,26.58,26.58,0
TSE,20170904,68.5,68.5,68.5,68.5,0
TSI,20170904,5.68,5.68,5.68,5.68,0
TSLF,20170904,17.72,17.72,17.72,17.72,0
TSLX,20170904,20.84,20.84,20.84,20.84,0
TSM,20170904,37.22,37.22,37.22,37.22,0
TSN,20170904,64.53,64.53,64.53,64.53,0
TSQ,20170904,10.06,10.06,10.06,10.06,0
TSU,20170904,17.86,17.86,17.86,17.86,0
TTC,20170904,61.02,61.02,61.02,61.02,0
TTI,20170904,2.08,2.08,2.08,2.08,0
TTM,20170904,30.54,30.54,30.54,30.54,0
TTP,20170904,18.65,18.65,18.65,18.65,0
TU,20170904,36.34,36.34,36.34,36.34,0
TUP,20170904,58.67,58.67,58.67,58.67,0
TV,20170904,25.58,25.58,25.58,25.58,0
TVC,20170904,25.38,25.38,25.38,25.38,0
TVE,20170904,25,25,25,25,0
TWI,20170904,8.61,8.61,8.61,8.61,0
TWLO,20170904,28.96,28.96,28.96,28.96,0
TWN,20170904,21.41,21.41,21.41,21.41,0
TWO,20170904,10.25,10.25,10.25,10.25,0
TWO-A,20170904,26.97,26.97,26.97,26.97,0
TWO-B,20170904,25.56,25.56,25.56,25.56,0
TWTR,20170904,16.86,16.86,16.86,16.86,0
TX,20170904,31.43,31.43,31.43,31.43,0
TXT,20170904,49.23,49.23,49.23,49.23,0
TY,20170904,25.22,25.22,25.22,25.22,0
TY.P,20170904,51.83,51.83,51.83,51.83,0
TYG,20170904,28.71,28.71,28.71,28.71,0
TYL,20170904,171.51,171.51,171.51,171.51,0
UA,20170904,15.39,15.39,15.39,15.39,0
UAA,20170904,16.37,16.37,16.37,16.37,0
UAN,20170904,2.8,2.8,2.8,2.8,0
UBA,20170904,20.88,20.88,20.88,20.88,0
UBP,20170904,16.62,16.62,16.62,16.62,0
UBS,20170904,16.42,16.42,16.42,16.42,0
UDR,20170904,38.84,38.84,38.84,38.84,0
UE,20170904,25.46,25.46,25.46,25.46,0
UFI,20170904,31.24,31.24,31.24,31.24,0
UFS,20170904,40.36,40.36,40.36,40.36,0
UGI,20170904,49.21,49.21,49.21,49.21,0
UGP,20170904,11.74,11.74,11.74,11.74,0
UHS,20170904,109.1,109.1,109.1,109.1,0
UHT,20170904,75.83,75.83,75.83,75.83,0
UIS,20170904,7.75,7.75,7.75,7.75,0
UL,20170904,58.29,58.29,58.29,58.29,0
UMC,20170904,2.66,2.66,2.66,2.66,0
UMH,20170904,16.14,16.14,16.14,16.14,0
UMH-B,20170904,27.59,27.59,27.59,27.59,0
UMH-C,20170904,26.23,26.23,26.23,26.23,0
UN,20170904,59.54,59.54,59.54,59.54,0
UNF,20170904,144.3,144.3,144.3,144.3,0
UNH,20170904,199.75,199.75,199.75,199.75,0
UNM,20170904,48.6,48.6,48.6,48.6,0
UNP,20170904,105.47,105.47,105.47,105.47,0
UNT,20170904,16.57,16.57,16.57,16.57,0
UNVR,20170904,28.41,28.41,28.41,28.41,0
UPS,20170904,114.39,114.39,114.39,114.39,0
URI,20170904,120.56,120.56,120.56,120.56,0
USA,20170904,5.71,5.71,5.71,5.71,0
USAC,20170904,15.6,15.6,15.6,15.6,0
USB,20170904,51.68,51.68,51.68,51.68,0
USB-A,20170904,895,895,895,895,0
USB-H,20170904,23.4,23.4,23.4,23.4,0
USB-M,20170904,29.07,29.07,29.07,29.07,0
USB-O,20170904,26.08,26.08,26.08,26.08,0
USDP,20170904,11.2,11.2,11.2,11.2,0
USFD,20170904,27.76,27.76,27.76,27.76,0
USM,20170904,39.49,39.49,39.49,39.49,0
USNA,20170904,58.8,58.8,58.8,58.8,0
USPH,20170904,59.8,59.8,59.8,59.8,0
UTF,20170904,23.53,23.53,23.53,23.53,0
UTI,20170904,3.5,3.5,3.5,3.5,0
UTL,20170904,49.76,49.76,49.76,49.76,0
UTX,20170904,117.92,117.92,117.92,117.92,0
UVE,20170904,21.55,21.55,21.55,21.55,0
UVV,20170904,57.05,57.05,57.05,57.05,0
UZA,20170904,25.83,25.83,25.83,25.83,0
UZB,20170904,26.47,26.47,26.47,26.47,0
UZC,20170904,27.08,27.08,27.08,27.08,0
V,20170904,103.9,103.9,103.9,103.9,0
VAC,20170904,117.83,117.83,117.83,117.83,0
VALE,20170904,11.3,11.3,11.3,11.3,0
VAR,20170904,105.31,105.31,105.31,105.31,0
VBF,20170904,19.43,19.43,19.43,19.43,0
VCRA,20170904,28.02,28.02,28.02,28.02,0
VCV,20170904,13.13,13.13,13.13,13.13,0
VEC,20170904,28.89,28.89,28.89,28.89,0
VEDL,20170904,20.07,20.07,20.07,20.07,0
VEEV,20170904,59.72,59.72,59.72,59.72,0
VER,20170904,8.53,8.53,8.53,8.53,0
VER-F,20170904,25.8,25.8,25.8,25.8,0
VET,20170904,33.67,33.67,33.67,33.67,0
VFC,20170904,63.58,63.58,63.58,63.58,0
VGI,20170904,17.52,17.52,17.52,17.52,0
VGM,20170904,13.73,13.73,13.73,13.73,0
VGR,20170904,21.79,21.79,21.79,21.79,0
VHI,20170904,2.35,2.35,2.35,2.35,0
VIPS,20170904,9.12,9.12,9.12,9.12,0
VIV,20170904,15.51,15.51,15.51,15.51,0
VJET,20170904,3.81,3.81,3.81,3.81,0
VKQ,20170904,12.93,12.93,12.93,12.93,0
VLO,20170904,69.2,69.2,69.2,69.2,0
VLRS,20170904,12.79,12.79,12.79,12.79,0
VLT,20170904,14.99,14.99,14.99,14.99,0
VMC,20170904,121.2,121.2,121.2,121.2,0
VMI,20170904,144.8,144.8,144.8,144.8,0
VMO,20170904,13.3,13.3,13.3,13.3,0
VMW,20170904,107.48,107.48,107.48,107.48,0
VNCE,20170904,0.455,0.455,0.455,0.455,0
VNO,20170904,74.99,74.99,74.99,74.99,0
VNO-K,20170904,25.49,25.49,25.49,25.49,0
VNO-L,20170904,25.62,25.62,25.62,25.62,0
VNTR,20170904,20.85,20.85,20.85,20.85,0
VOC,20170904,3.45,3.45,3.45,3.45,0
VOYA,20170904,38.97,38.97,38.97,38.97,0
VPG,20170904,21.95,21.95,21.95,21.95,0
VPV,20170904,12.51,12.51,12.51,12.51,0
VRS,20170904,5.38,5.38,5.38,5.38,0
VRTV,20170904,28.35,28.35,28.35,28.35,0
VSH,20170904,17.8,17.8,17.8,17.8,0
VSLR,20170904,5,5,5,5,0
VST,20170904,17.84,17.84,17.84,17.84,0
VSTO,20170904,20.5,20.5,20.5,20.5,0
VTA,20170904,11.78,11.78,11.78,11.78,0
VTN,20170904,13.94,13.94,13.94,13.94,0
VTR,20170904,68.78,68.78,68.78,68.78,0
VVI,20170904,55,55,55,55,0
VVR,20170904,4.44,4.44,4.44,4.44,0
VVV,20170904,21.41,21.41,21.41,21.41,0
VZ,20170904,47.92,47.92,47.92,47.92,0
W,20170904,72.46,72.46,72.46,72.46,0
WAAS,20170904,14.95,14.95,14.95,14.95,0
WAB,20170904,72.06,72.06,72.06,72.06,0
WAL,20170904,48.62,48.62,48.62,48.62,0
WALA,20170904,26.36,26.36,26.36,26.36,0
WAT,20170904,183.03,183.03,183.03,183.03,0
WBAI,20170904,11.32,11.32,11.32,11.32,0
WBC,20170904,143.88,143.88,143.88,143.88,0
WBK,20170904,25.13,25.13,25.13,25.13,0
WBS,20170904,47.11,47.11,47.11,47.11,0
WBT,20170904,20.11,20.11,20.11,20.11,0
WCC,20170904,50.8,50.8,50.8,50.8,0
WCN,20170904,66.48,66.48,66.48,66.48,0
WD,20170904,47.9,47.9,47.9,47.9,0
WDR,20170904,18.89,18.89,18.89,18.89,0
WEA,20170904,14.28,14.28,14.28,14.28,0
WEC,20170904,65.13,65.13,65.13,65.13,0
WES,20170904,51.01,51.01,51.01,51.01,0
WEX,20170904,108.54,108.54,108.54,108.54,0
WF,20170904,49.53,49.53,49.53,49.53,0
WFC,20170904,50.97,50.97,50.97,50.97,0
WFC-L,20170904,1334,1334,1334,1334,0
WFC-N,20170904,25.03,25.03,25.03,25.03,0
WFC-O,20170904,25,25,25,25,0
WFC-P,20170904,25.18,25.18,25.18,25.18,0
WFC-Q,20170904,27.22,27.22,27.22,27.22,0
WFC-R,20170904,28.82,28.82,28.82,28.82,0
WFC-T,20170904,26.51,26.51,26.51,26.51,0
WFC-V,20170904,26.67,26.67,26.67,26.67,0
WFC-W,20170904,26.16,26.16,26.16,26.16,0
WFC-X,20170904,25.92,25.92,25.92,25.92,0
WFC-Y,20170904,25.94,25.94,25.94,25.94,0
WGO,20170904,36.2,36.2,36.2,36.2,0
WHG,20170904,60.26,60.26,60.26,60.26,0
WHR,20170904,173.29,173.29,173.29,173.29,0
WIA,20170904,11.55,11.55,11.55,11.55,0
WIT,20170904,4.44,4.44,4.44,4.44,0
WIW,20170904,11.28,11.28,11.28,11.28,0
WK,20170904,19.8,19.8,19.8,19.8,0
WLH,20170904,24.05,24.05,24.05,24.05,0
WLK,20170904,77.7,77.7,77.7,77.7,0
WLKP,20170904,24.1,24.1,24.1,24.1,0
WLL,20170904,4.58,4.58,4.58,4.58,0
WM,20170904,77.19,77.19,77.19,77.19,0
WMB,20170904,30.06,30.06,30.06,30.06,0
WMC,20170904,10.6,10.6,10.6,10.6,0
WMK,20170904,44.17,44.17,44.17,44.17,0
WMS,20170904,19.75,19.75,19.75,19.75,0
WMT,20170904,78.37,78.37,78.37,78.37,0
WNC,20170904,20.94,20.94,20.94,20.94,0
WNS,20170904,35.48,35.48,35.48,35.48,0
WOR,20170904,50.55,50.55,50.55,50.55,0
WOW,20170904,15.99,15.99,15.99,15.99,0
WPC,20170904,69.34,69.34,69.34,69.34,0
WPG,20170904,8.45,8.45,8.45,8.45,0
WPG-H,20170904,25.4,25.4,25.4,25.4,0
WPG-I,20170904,25.16,25.16,25.16,25.16,0
WPM,20170904,20.96,20.96,20.96,20.96,0
WPX,20170904,10.01,10.01,10.01,10.01,0
WRB,20170904,44.1867,44.1867,44.1867,44.1867,0
WRB-B,20170904,25.815,25.815,25.815,25.815,0
WRB-C,20170904,26.68,26.68,26.68,26.68,0
WRB-D,20170904,26.3,26.3,26.3,26.3,0
WRE,20170904,32.94,32.94,32.94,32.94,0
WRI,20170904,32.19,32.19,32.19,32.19,0
WRK,20170904,57.93,57.93,57.93,57.93,0
WSM,20170904,46.5,46.5,46.5,46.5,0
WSO,20170904,148.16,148.16,148.16,148.16,0
WSO.B,20170904,146.26,146.26,146.26,146.26,0
WSR,20170904,12.73,12.73,12.73,12.73,0
WST,20170904,87.49,87.49,87.49,87.49,0
WTI,20170904,1.92,1.92,1.92,1.92,0
WTM,20170904,872.7,872.7,872.7,872.7,0
WTS,20170904,62.05,62.05,62.05,62.05,0
WTTR,20170904,14.54,14.54,14.54,14.54,0
WU,20170904,18.79,18.79,18.79,18.79,0
WUBA,20170904,63.94,63.94,63.94,63.94,0
WWE,20170904,22.15,22.15,22.15,22.15,0
WWW,20170904,26.61,26.61,26.61,26.61,0
WY,20170904,32.07,32.07,32.07,32.07,0
X,20170904,26.99,26.99,26.99,26.99,0
XEC,20170904,101.45,101.45,101.45,101.45,0
XHR,20170904,20.01,20.01,20.01,20.01,0
XIN,20170904,5.09,5.09,5.09,5.09,0
XOM,20170904,76.57,76.57,76.57,76.57,0
XPO,20170904,61.93,61.93,61.93,61.93,0
XRF,20170904,6.82,6.82,6.82,6.82,0
XRX,20170904,32.56,32.56,32.56,32.56,0
XYL,20170904,61.97,61.97,61.97,61.97,0
Y,20170904,563.18,563.18,563.18,563.18,0
YELP,20170904,42.98,42.98,42.98,42.98,0
YEXT,20170904,13.25,13.25,13.25,13.25,0
YPF,20170904,20.06,20.06,20.06,20.06,0
YRD,20170904,41.45,41.45,41.45,41.45,0
YUM,20170904,76.63,76.63,76.63,76.63,0
YUMC,20170904,35.8,35.8,35.8,35.8,0
ZAYO,20170904,34.24,34.24,34.24,34.24,0
ZBH,20170904,114.33,114.33,114.33,114.33,0
ZEN,20170904,27.48,27.48,27.48,27.48,0
ZNH,20170904,38.84,38.84,38.84,38.84,0
ZTO,20170904,13.8,13.8,13.8,13.8,0
ZTR,20170904,13.15,13.15,13.15,13.15,0
ZTS,20170904,62.87,62.87,62.87,62.87,0
ZYME,20170904,8.21,8.21,8.21,8.21,0
